0001100000000110000000011000000001100000000110000000011000000001100001
0011000000001100000000110000000011000000001100000000110000000011000011
0110000000011000000001100000000110000000011000000001100000000110000111
1100000000110000000011000000001100000000110000000011000000001100001101
1000000001100000000110000000011000000001100000000110000000011000011001
0000000011000000001100000000110000000011000000001100000000110000110011
0000000110000000011000000001100000000110000000011000000001100001100111
0000001100000000110000000011000000001100000000110000000011000011001101
0000011000000001100000000110000000011000000001100000000110000110011001
0000110000000011000000001100000000110000000011000000001100001100110011
0001100000000110000000011000000001100000000110000000011000011001100111
0011000000001100000000110000000011000000001100000000110000110011001101
0110000000011000000001100000000110000000011000000001100001100110011001
1100000000110000000011000000001100000000110000000011000011001100110011
1000000001100000000110000000011000000001100000000110000110011001100111
0000000011000000001100000000110000000011000000001100001100110011001101
0000000110000000011000000001100000000110000000011000011001100110011001
0000001100000000110000000011000000001100000000110000110011001100110011
0000011000000001100000000110000000011000000001100001100110011001100111
0000110000000011000000001100000000110000000011000011001100110011001101
0001100000000110000000011000000001100000000110000110011001100110011001
0011000000001100000000110000000011000000001100001100110011001100110011
0110000000011000000001100000000110000000011000011001100110011001100111
1100000000110000000011000000001100000000110000110011001100110011001101
1000000001100000000110000000011000000001100001100110011001100110011001
0000000011000000001100000000110000000011000011001100110011001100110011
0000000110000000011000000001100000000110000110011001100110011001100111
0000001100000000110000000011000000001100001100110011001100110011001101
0000011000000001100000000110000000011000011001100110011001100110011001
0000110000000011000000001100000000110000110011001100110011001100110011
0001100000000110000000011000000001100001100110011001100110011001100111
0011000000001100000000110000000011000011001100110011001100110011001101
0110000000011000000001100000000110000110011001100110011001100110011001
1100000000110000000011000000001100001100110011001100110011001100110011
1000000001100000000110000000011000011001100110011001100110011001100111
0000000011000000001100000000110000110011001100110011001100110011001101
0000000110000000011000000001100001100110011001100110011001100110011001
0000001100000000110000000011000011001100110011001100110011001100110011
0000011000000001100000000110000110011001100110011001100110011001100111
0000110000000011000000001100001100110011001100110011001100110011001101
0001100000000110000000011000011001100110011001100110011001100110011001
0011000000001100000000110000110011001100110011001100110011001100110011
0110000000011000000001100001100110011001100110011001100110011001100111
1100000000110000000011000011001100110011001100110011001100110011001101
1000000001100000000110000110011001100110011001100110011001100110011001
0000000011000000001100001100110011001100110011001100110011001100110011
0000000110000000011000011001100110011001100110011001100110011001100111
0000001100000000110000110011001100110011001100110011001100110011001101
0000011000000001100001100110011001100110011001100110011001100110011001
0000110000000011000011001100110011001100110011001100110011001100110011
0001100000000110000110011001100110011001100110011001100110011001100111
0011000000001100001100110011001100110011001100110011001100110011001101
0110000000011000011001100110011001100110011001100110011001100110011001
1100000000110000110011001100110011001100110011001100110011001100110011
1000000001100001100110011001100110011001100110011001100110011001100111
0000000011000011001100110011001100110011001100110011001100110011001101
0000000110000110011001100110011001100110011001100110011001100110011001
0000001100001100110011001100110011001100110011001100110011001100110011
0000011000011001100110011001100110011001100110011001100110011001100111
0000110000110011001100110011001100110011001100110011001100110011001101
0001100001100110011001100110011001100110011001100110011001100110011001
0011000011001100110011001100110011001100110011001100110011001100110011
0110000110011001100110011001100110011001100110011001100110011001100111
1100001100110011001100110011001100110011001100110011001100110011001101
1000011001100110011001100110011001100110011001100110011001100110011001
0000110011001100110011001100110011001100110011001100110011001100110011
0001100110011001100110011001100110011001100110011001100110011001100111
0011001100110011001100110011001100110011001100110011001100110011001101
0110011001100110011001100110011001100110011001100110011001100110011001
1100110011001100110011001100110011001100110011001100110011001100110011
1001100110011001100110011001100110011001100110011001100110011001100111
0011001100110011001100110011001100110011001100110011001100110011001101
0110011001100110011001100110011001100110011001100110011001100110011001
1100110011001100110011001100110011001100110011001100110011001100110011
1001100110011001100110011001100110011001100110011001100110011001100111
0011001100110011001100110011001100110011001100110011001100110011001101
0110011001100110011001100110011001100110011001100110011001100110011001
1100110011001100110011001100110011001100110011001100110011001100110011
1001100110011001100110011001100110011001100110011001100110011001100111
0011001100110011001100110011001100110011001100110011001100110011001101
0110011001100110011001100110011001100110011001100110011001100110011001
1100110011001100110011001100110011001100110011001100110011001100110011
1001100110011001100110011001100110011001100110011001100110011001100111
0011001100110011001100110011001100110011001100110011001100110011001101
0110011001100110011001100110011001100110011001100110011001100110011001
1100110011001100110011001100110011001100110011001100110011001100110011
1001100110011001100110011001100110011001100110011001100110011001100111
0011001100110011001100110011001100110011001100110011001100110011001101
0110011001100110011001100110011001100110011001100110011001100110011001
1100110011001100110011001100110011001100110011001100110011001100110011
1001100110011001100110011001100110011001100110011001100110011001100111
0011001100110011001100110011001100110011001100110011001100110011001101
0110011001100110011001100110011001100110011001100110011001100110011001
1100110011001100110011001100110011001100110011001100110011001100110011
1001100110011001100110011001100110011001100110011001100110011001100111
0011001100110011001100110011001100110011001100110011001100110011001101
0110011001100110011001100110011001100110011001100110011001100110011001
1100110011001100110011001100110011001100110011001100110011001100110011
1001100110011001100110011001100110011001100110011001100110011001100111
0011001100110011001100110011001100110011001100110011001100110011001101
0110011001100110011001100110011001100110011001100110011001100110011001
1100110011001100110011001100110011001100110011001100110011001100110011
1001100110011001100110011001100110011001100110011001100110011001100111
0011001100110011001100110011001100110011001100110011001100110011001101
0110011001100110011001100110011001100110011001100110011001100110011001
1100110011001100110011001100110011001100110011001100110011001100110011
1001100110011001100110011001100110011001100110011001100110011001100111
0011001100110011001100110011001100110011001100110011001100110011001101
0110011001100110011001100110011001100110011001100110011001100110011001
1100110011001100110011001100110011001100110011001100110011001100110011
1001100110011001100110011001100110011001100110011001100110011001100111
0011001100110011001100110011001100110011001100110011001100110011001101
0110011001100110011001100110011001100110011001100110011001100110011001
1100110011001100110011001100110011001100110011001100110011001100110011
1001100110011001100110011001100110011001100110011001100110011001100111
0011001100110011001100110011001100110011001100110011001100110011001101
0110011001100110011001100110011001100110011001100110011001100110011001
1100110011001100110011001100110011001100110011001100110011001100110011
1001100110011001100110011001100110011001100110011001100110011001100111
0011001100110011001100110011001100110011001100110011001100110011001101
0110011001100110011001100110011001100110011001100110011001100110011001
1100110011001100110011001100110011001100110011001100110011001100110011
1001100110011001100110011001100110011001100110011001100110011001100111
0011001100110011001100110011001100110011001100110011001100110011001101
0110011001100110011001100110011001100110011001100110011001100110011001
1100110011001100110011001100110011001100110011001100110011001100110011
1001100110011001100110011001100110011001100110011001100110011001100111
0011001100110011001100110011001100110011001100110011001100110011001101
0110011001100110011001100110011001100110011001100110011001100110011001
1100110011001100110011001100110011001100110011001100110011001100110011
1001100110011001100110011001100110011001100110011001100110011001100111
0011001100110011001100110011001100110011001100110011001100110011001101
0110011001100110011001100110011001100110011001100110011001100110011001
1100110011001100110011001100110011001100110011001100110011001100110011
1001100110011001100110011001100110011001100110011001100110011001100111
0011001100110011001100110011001100110011001100110011001100110011001101
0110011001100110011001100110011001100110011001100110011001100110011001
1100110011001100110011001100110011001100110011001100110011001100110011
1001100110011001100110011001100110011001100110011001100110011001100111
0011001100110011001100110011001100110011001100110011001100110011001101
0110011001100110011001100110011001100110011001100110011001100110011001
1100110011001100110011001100110011001100110011001100110011001100110011
1001100110011001100110011001100110011001100110011001100110011001100111
0011001100110011001100110011001100110011001100110011001100110011001101
0110011001100110011001100110011001100110011001100110011001100110011001
1100110011001100110011001100110011001100110011001100110011001100110011
1001100110011001100110011001100110011001100110011001100110011001100111
0011001100110011001100110011001100110011001100110011001100110011001101
0110011001100110011001100110011001100110011001100110011001100110011001
1100110011001100110011001100110011001100110011001100110011001100110011
1001100110011001100110011001100110011001100110011001100110011001100111
0011001100110011001100110011001100110011001100110011001100110011001101
0110011001100110011001100110011001100110011001100110011001100110011001
1100110011001100110011001100110011001100110011001100110011001100110011
1001100110011001100110011001100110011001100110011001100110011001100111
0011001100110011001100110011001100110011001100110011001100110011001101
0110011001100110011001100110011001100110011001100110011001100110011001
1100110011001100110011001100110011001100110011001100110011001100110011
1001100110011001100110011001100110011001100110011001100110011001100111
0011001100110011001100110011001100110011001100110011001100110011001101
0110011001100110011001100110011001100110011001100110011001100110011001
1100110011001100110011001100110011001100110011001100110011001100110011
1001100110011001100110011001100110011001100110011001100110011001100111
0011001100110011001100110011001100110011001100110011001100110011001101
0110011001100110011001100110011001100110011001100110011001100110011001
1100110011001100110011001100110011001100110011001100110011001100110011
1001100110011001100110011001100110011001100110011001100110011001100111
0011001100110011001100110011001100110011001100110011001100110011001101
0110011001100110011001100110011001100110011001100110011001100110011001
1100110011001100110011001100110011001100110011001100110011001100110011
1001100110011001100110011001100110011001100110011001100110011001100111
0011001100110011001100110011001100110011001100110011001100110011001101
0110011001100110011001100110011001100110011001100110011001100110011001
1100110011001100110011001100110011001100110011001100110011001100110011
1001100110011001100110011001100110011001100110011001100110011001100111
0011001100110011001100110011001100110011001100110011001100110011001101
0110011001100110011001100110011001100110011001100110011001100110011001
1100110011001100110011001100110011001100110011001100110011001100110011
1001100110011001100110011001100110011001100110011001100110011001100111
0011001100110011001100110011001100110011001100110011001100110011001101
0110011001100110011001100110011001100110011001100110011001100110011001
1100110011001100110011001100110011001100110011001100110011001100110011
1001100110011001100110011001100110011001100110011001100110011001100111
0011001100110011001100110011001100110011001100110011001100110011001101
0110011001100110011001100110011001100110011001100110011001100110011001
1100110011001100110011001100110011001100110011001100110011001100110011
1001100110011001100110011001100110011001100110011001100110011001100111
0011001100110011001100110011001100110011001100110011001100110011001101
0110011001100110011001100110011001100110011001100110011001100110011001
1100110011001100110011001100110011001100110011001100110011001100110011
1001100110011001100110011001100110011001100110011001100110011001100111
0011001100110011001100110011001100110011001100110011001100110011001101
0110011001100110011001100110011001100110011001100110011001100110011001
1100110011001100110011001100110011001100110011001100110011001100110011
1001100110011001100110011001100110011001100110011001100110011001100111
0011001100110011001100110011001100110011001100110011001100110011001101
0110011001100110011001100110011001100110011001100110011001100110011001
1100110011001100110011001100110011001100110011001100110011001100110011
1001100110011001100110011001100110011001100110011001100110011001100111
0011001100110011001100110011001100110011001100110011001100110011001101
0110011001100110011001100110011001100110011001100110011001100110011001
1100110011001100110011001100110011001100110011001100110011001100110011
1001100110011001100110011001100110011001100110011001100110011001100111
0011001100110011001100110011001100110011001100110011001100110011001101
0110011001100110011001100110011001100110011001100110011001100110011001
1100110011001100110011001100110011001100110011001100110011001100110011
1001100110011001100110011001100110011001100110011001100110011001100111
0011001100110011001100110011001100110011001100110011001100110011001101
0110011001100110011001100110011001100110011001100110011001100110011001
1100110011001100110011001100110011001100110011001100110011001100110011
