1001100110011001100110011001100110011001100110011001100110011001100111
0011001100110011001100110011001100110011001100110011001100110011001101
1110011001100110011001100110011001100110011001100110011001100110011001
1000110011001100110011001100110011001100110011001100110011001100110011
0011100110011001100110011001100110011001100110011001100110011001100111
1110001100110011001100110011001100110011001100110011001100110011001101
1000111001100110011001100110011001100110011001100110011001100110011001
0011100011001100110011001100110011001100110011001100110011001100110011
1110001110011001100110011001100110011001100110011001100110011001100111
1000111000110011001100110011001100110011001100110011001100110011001101
0011100011100110011001100110011001100110011001100110011001100110011001
1110001110001100110011001100110011001100110011001100110011001100110011
1000111000111001100110011001100110011001100110011001100110011001100111
0011100011100011001100110011001100110011001100110011001100110011001101
1110001110001110011001100110011001100110011001100110011001100110011001
1000111000111000110011001100110011001100110011001100110011001100110011
0011100011100011100110011001100110011001100110011001100110011001100111
1110001110001110001100110011001100110011001100110011001100110011001101
1000111000111000111001100110011001100110011001100110011001100110011001
0011100011100011100011001100110011001100110011001100110011001100110011
1110001110001110001110011001100110011001100110011001100110011001100111
1000111000111000111000110011001100110011001100110011001100110011001101
0011100011100011100011100110011001100110011001100110011001100110011001
1110001110001110001110001100110011001100110011001100110011001100110011
1000111000111000111000111001100110011001100110011001100110011001100111
0011100011100011100011100011001100110011001100110011001100110011001101
1110001110001110001110001110011001100110011001100110011001100110011001
1000111000111000111000111000110011001100110011001100110011001100110011
0011100011100011100011100011100110011001100110011001100110011001100111
1110001110001110001110001110001100110011001100110011001100110011001101
1000111000111000111000111000111001100110011001100110011001100110011001
0011100011100011100011100011100011001100110011001100110011001100110011
1110001110001110001110001110001110011001100110011001100110011001100111
1000111000111000111000111000111000110011001100110011001100110011001101
0011100011100011100011100011100011100110011001100110011001100110011001
1110001110001110001110001110001110001100110011001100110011001100110011
1000111000111000111000111000111000111001100110011001100110011001100111
0011100011100011100011100011100011100011001100110011001100110011001101
1110001110001110001110001110001110001110011001100110011001100110011001
1000111000111000111000111000111000111000110011001100110011001100110011
0011100011100011100011100011100011100011100110011001100110011001100111
1110001110001110001110001110001110001110001100110011001100110011001101
1000111000111000111000111000111000111000111001100110011001100110011001
0011100011100011100011100011100011100011100011001100110011001100110011
1110001110001110001110001110001110001110001110011001100110011001100111
1000111000111000111000111000111000111000111000110011001100110011001101
0011100011100011100011100011100011100011100011100110011001100110011001
1110001110001110001110001110001110001110001110001100110011001100110011
1000111000111000111000111000111000111000111000111001100110011001100111
0011100011100011100011100011100011100011100011100011001100110011001101
1110001110001110001110001110001110001110001110001110011001100110011001
1000111000111000111000111000111000111000111000111000110011001100110011
0011100011100011100011100011100011100011100011100011100110011001100111
1110001110001110001110001110001110001110001110001110001100110011001101
1000111000111000111000111000111000111000111000111000111001100110011001
0011100011100011100011100011100011100011100011100011100011001100110011
1110001110001110001110001110001110001110001110001110001110011001100111
1000111000111000111000111000111000111000111000111000111000110011001101
0011100011100011100011100011100011100011100011100011100011100110011001
1110001110001110001110001110001110001110001110001110001110001100110011
1000111000111000111000111000111000111000111000111000111000111001100111
0011100011100011100011100011100011100011100011100011100011100011001101
1110001110001110001110001110001110001110001110001110001110001110011001
1000111000111000111000111000111000111000111000111000111000111000110011
0011100011100011100011100011100011100011100011100011100011100011100111
1110001110001110001110001110001110001110001110001110001110001110001101
1000111000111000111000111000111000111000111000111000111000111000111001
0011100011100011100011100011100011100011100011100011100011100011100011
1110001110001110001110001110001110001110001110001110001110001110001111
1000111000111000111000111000111000111000111000111000111000111000111001
0011100011100011100011100011100011100011100011100011100011100011100011
1110001110001110001110001110001110001110001110001110001110001110001111
1000111000111000111000111000111000111000111000111000111000111000111001
0011100011100011100011100011100011100011100011100011100011100011100011
1110001110001110001110001110001110001110001110001110001110001110001111
1000111000111000111000111000111000111000111000111000111000111000111001
0011100011100011100011100011100011100011100011100011100011100011100011
1110001110001110001110001110001110001110001110001110001110001110001111
1000111000111000111000111000111000111000111000111000111000111000111001
0011100011100011100011100011100011100011100011100011100011100011100011
1110001110001110001110001110001110001110001110001110001110001110001111
1000111000111000111000111000111000111000111000111000111000111000111001
0011100011100011100011100011100011100011100011100011100011100011100011
1110001110001110001110001110001110001110001110001110001110001110001111
1000111000111000111000111000111000111000111000111000111000111000111001
0011100011100011100011100011100011100011100011100011100011100011100011
1110001110001110001110001110001110001110001110001110001110001110001111
1000111000111000111000111000111000111000111000111000111000111000111001
0011100011100011100011100011100011100011100011100011100011100011100011
1110001110001110001110001110001110001110001110001110001110001110001111
1000111000111000111000111000111000111000111000111000111000111000111001
0011100011100011100011100011100011100011100011100011100011100011100011
1110001110001110001110001110001110001110001110001110001110001110001111
1000111000111000111000111000111000111000111000111000111000111000111001
0011100011100011100011100011100011100011100011100011100011100011100011
1110001110001110001110001110001110001110001110001110001110001110001111
1000111000111000111000111000111000111000111000111000111000111000111001
0011100011100011100011100011100011100011100011100011100011100011100011
1110001110001110001110001110001110001110001110001110001110001110001111
1000111000111000111000111000111000111000111000111000111000111000111001
0011100011100011100011100011100011100011100011100011100011100011100011
1110001110001110001110001110001110001110001110001110001110001110001111
1000111000111000111000111000111000111000111000111000111000111000111001
0011100011100011100011100011100011100011100011100011100011100011100011
1110001110001110001110001110001110001110001110001110001110001110001111
1000111000111000111000111000111000111000111000111000111000111000111001
0011100011100011100011100011100011100011100011100011100011100011100011
1110001110001110001110001110001110001110001110001110001110001110001111
1000111000111000111000111000111000111000111000111000111000111000111001
0011100011100011100011100011100011100011100011100011100011100011100011
1110001110001110001110001110001110001110001110001110001110001110001111
1000111000111000111000111000111000111000111000111000111000111000111001
0011100011100011100011100011100011100011100011100011100011100011100011
1110001110001110001110001110001110001110001110001110001110001110001111
1000111000111000111000111000111000111000111000111000111000111000111001
0011100011100011100011100011100011100011100011100011100011100011100011
1110001110001110001110001110001110001110001110001110001110001110001111
1000111000111000111000111000111000111000111000111000111000111000111001
0011100011100011100011100011100011100011100011100011100011100011100011
1110001110001110001110001110001110001110001110001110001110001110001111
1000111000111000111000111000111000111000111000111000111000111000111001
0011100011100011100011100011100011100011100011100011100011100011100011
1110001110001110001110001110001110001110001110001110001110001110001111
1000111000111000111000111000111000111000111000111000111000111000111001
0011100011100011100011100011100011100011100011100011100011100011100011
1110001110001110001110001110001110001110001110001110001110001110001111
1000111000111000111000111000111000111000111000111000111000111000111001
0011100011100011100011100011100011100011100011100011100011100011100011
1110001110001110001110001110001110001110001110001110001110001110001111
1000111000111000111000111000111000111000111000111000111000111000111001
0011100011100011100011100011100011100011100011100011100011100011100011
1110001110001110001110001110001110001110001110001110001110001110001111
1000111000111000111000111000111000111000111000111000111000111000111001
0011100011100011100011100011100011100011100011100011100011100011100011
1110001110001110001110001110001110001110001110001110001110001110001111
1000111000111000111000111000111000111000111000111000111000111000111001
0011100011100011100011100011100011100011100011100011100011100011100011
1110001110001110001110001110001110001110001110001110001110001110001111
1000111000111000111000111000111000111000111000111000111000111000111001
0011100011100011100011100011100011100011100011100011100011100011100011
1110001110001110001110001110001110001110001110001110001110001110001111
1000111000111000111000111000111000111000111000111000111000111000111001
0011100011100011100011100011100011100011100011100011100011100011100011
1110001110001110001110001110001110001110001110001110001110001110001111
1000111000111000111000111000111000111000111000111000111000111000111001
0011100011100011100011100011100011100011100011100011100011100011100011
1110001110001110001110001110001110001110001110001110001110001110001111
1000111000111000111000111000111000111000111000111000111000111000111001
0011100011100011100011100011100011100011100011100011100011100011100011
1110001110001110001110001110001110001110001110001110001110001110001111
1000111000111000111000111000111000111000111000111000111000111000111001
0011100011100011100011100011100011100011100011100011100011100011100011
1110001110001110001110001110001110001110001110001110001110001110001111
1000111000111000111000111000111000111000111000111000111000111000111001
0011100011100011100011100011100011100011100011100011100011100011100011
1110001110001110001110001110001110001110001110001110001110001110001111
1000111000111000111000111000111000111000111000111000111000111000111001
0011100011100011100011100011100011100011100011100011100011100011100011
1110001110001110001110001110001110001110001110001110001110001110001111
1000111000111000111000111000111000111000111000111000111000111000111001
0011100011100011100011100011100011100011100011100011100011100011100011
1110001110001110001110001110001110001110001110001110001110001110001111
1000111000111000111000111000111000111000111000111000111000111000111001
0011100011100011100011100011100011100011100011100011100011100011100011
1110001110001110001110001110001110001110001110001110001110001110001111
1000111000111000111000111000111000111000111000111000111000111000111001
0011100011100011100011100011100011100011100011100011100011100011100011
1110001110001110001110001110001110001110001110001110001110001110001111
1000111000111000111000111000111000111000111000111000111000111000111001
0011100011100011100011100011100011100011100011100011100011100011100011
1110001110001110001110001110001110001110001110001110001110001110001111
1000111000111000111000111000111000111000111000111000111000111000111001
0011100011100011100011100011100011100011100011100011100011100011100011
1110001110001110001110001110001110001110001110001110001110001110001111
1000111000111000111000111000111000111000111000111000111000111000111001
0011100011100011100011100011100011100011100011100011100011100011100011
1110001110001110001110001110001110001110001110001110001110001110001111
1000111000111000111000111000111000111000111000111000111000111000111001
0011100011100011100011100011100011100011100011100011100011100011100011
1110001110001110001110001110001110001110001110001110001110001110001111
1000111000111000111000111000111000111000111000111000111000111000111001
0011100011100011100011100011100011100011100011100011100011100011100011
1110001110001110001110001110001110001110001110001110001110001110001111
1000111000111000111000111000111000111000111000111000111000111000111001
0011100011100011100011100011100011100011100011100011100011100011100011
1110001110001110001110001110001110001110001110001110001110001110001111
1000111000111000111000111000111000111000111000111000111000111000111001
0011100011100011100011100011100011100011100011100011100011100011100011
1110001110001110001110001110001110001110001110001110001110001110001111
1000111000111000111000111000111000111000111000111000111000111000111001
0011100011100011100011100011100011100011100011100011100011100011100011
1110001110001110001110001110001110001110001110001110001110001110001111
1000111000111000111000111000111000111000111000111000111000111000111001
0011100011100011100011100011100011100011100011100011100011100011100011
1110001110001110001110001110001110001110001110001110001110001110001111
1000111000111000111000111000111000111000111000111000111000111000111001
0011100011100011100011100011100011100011100011100011100011100011100011
1110001110001110001110001110001110001110001110001110001110001110001111
1000111000111000111000111000111000111000111000111000111000111000111001
0011100011100011100011100011100011100011100011100011100011100011100011
1110001110001110001110001110001110001110001110001110001110001110001111
1000111000111000111000111000111000111000111000111000111000111000111001
0011100011100011100011100011100011100011100011100011100011100011100011
1110001110001110001110001110001110001110001110001110001110001110001111
1000111000111000111000111000111000111000111000111000111000111000111001
0011100011100011100011100011100011100011100011100011100011100011100011
1110001110001110001110001110001110001110001110001110001110001110001111
1000111000111000111000111000111000111000111000111000111000111000111001
0011100011100011100011100011100011100011100011100011100011100011100011
1110001110001110001110001110001110001110001110001110001110001110001111
