0101000011000100001100010000110001000011000100001100010000110001000000
0010100001100010000110001000011000100001100010000110001000011000100000
0001010000110001000011000100001100010000110001000011000100001100010000
0000101000011000100001100010000110001000011000100001100010000110001000
0000010100001100010000110001000011000100001100010000110001000011000100
0000001010000110001000011000100001100010000110001000011000100001100010
0000000101000011000100001100010000110001000011000100001100010000110000
0000000010100001100010000110001000011000100001100010000110001000011000
0000000001010000110001000011000100001100010000110001000011000100001100
0000000000101000011000100001100010000110001000011000100001100010000110
0000000000010100001100010000110001000011000100001100010000110001000010
0000000000001010000110001000011000100001100010000110001000011000100000
0000000000000101000011000100001100010000110001000011000100001100010000
0000000000000010100001100010000110001000011000100001100010000110001000
0000000000000001010000110001000011000100001100010000110001000011000100
0000000000000000101000011000100001100010000110001000011000100001100010
0000000000000000010100001100010000110001000011000100001100010000110000
0000000000000000001010000110001000011000100001100010000110001000011000
0000000000000000000101000011000100001100010000110001000011000100001100
0000000000000000000010100001100010000110001000011000100001100010000110
0000000000000000000001010000110001000011000100001100010000110001000010
0000000000000000000000101000011000100001100010000110001000011000100000
0000000000000000000000010100001100010000110001000011000100001100010000
0000000000000000000000001010000110001000011000100001100010000110001000
0000000000000000000000000101000011000100001100010000110001000011000100
0000000000000000000000000010100001100010000110001000011000100001100010
0000000000000000000000000001010000110001000011000100001100010000110000
0000000000000000000000000000101000011000100001100010000110001000011000
0000000000000000000000000000010100001100010000110001000011000100001100
0000000000000000000000000000001010000110001000011000100001100010000110
0000000000000000000000000000000101000011000100001100010000110001000010
0000000000000000000000000000000010100001100010000110001000011000100000
0000000000000000000000000000000001010000110001000011000100001100010000
0000000000000000000000000000000000101000011000100001100010000110001000
0000000000000000000000000000000000010100001100010000110001000011000100
0000000000000000000000000000000000001010000110001000011000100001100010
0000000000000000000000000000000000000101000011000100001100010000110000
0000000000000000000000000000000000000010100001100010000110001000011000
0000000000000000000000000000000000000001010000110001000011000100001100
0000000000000000000000000000000000000000101000011000100001100010000110
0000000000000000000000000000000000000000010100001100010000110001000010
0000000000000000000000000000000000000000001010000110001000011000100000
0000000000000000000000000000000000000000000101000011000100001100010000
0000000000000000000000000000000000000000000010100001100010000110001000
0000000000000000000000000000000000000000000001010000110001000011000100
0000000000000000000000000000000000000000000000101000011000100001100010
0000000000000000000000000000000000000000000000010100001100010000110000
0000000000000000000000000000000000000000000000001010000110001000011000
0000000000000000000000000000000000000000000000000101000011000100001100
0000000000000000000000000000000000000000000000000010100001100010000110
0000000000000000000000000000000000000000000000000001010000110001000010
0000000000000000000000000000000000000000000000000000101000011000100000
0000000000000000000000000000000000000000000000000000010100001100010000
0000000000000000000000000000000000000000000000000000001010000110001000
0000000000000000000000000000000000000000000000000000000101000011000100
0000000000000000000000000000000000000000000000000000000010100001100010
0000000000000000000000000000000000000000000000000000000001010000110000
0000000000000000000000000000000000000000000000000000000000101000011000
0000000000000000000000000000000000000000000000000000000000010100001100
0000000000000000000000000000000000000000000000000000000000001010000110
0000000000000000000000000000000000000000000000000000000000000101000010
0000000000000000000000000000000000000000000000000000000000000010100000
0000000000000000000000000000000000000000000000000000000000000001010000
0000000000000000000000000000000000000000000000000000000000000000101000
0000000000000000000000000000000000000000000000000000000000000000010100
0000000000000000000000000000000000000000000000000000000000000000001010
0000000000000000000000000000000000000000000000000000000000000000000100
0000000000000000000000000000000000000000000000000000000000000000000010
0000000000000000000000000000000000000000000000000000000000000000000000
0000000000000000000000000000000000000000000000000000000000000000000000
0000000000000000000000000000000000000000000000000000000000000000000000
0000000000000000000000000000000000000000000000000000000000000000000000
0000000000000000000000000000000000000000000000000000000000000000000000
0000000000000000000000000000000000000000000000000000000000000000000000
0000000000000000000000000000000000000000000000000000000000000000000000
0000000000000000000000000000000000000000000000000000000000000000000000
0000000000000000000000000000000000000000000000000000000000000000000000
0000000000000000000000000000000000000000000000000000000000000000000000
0000000000000000000000000000000000000000000000000000000000000000000000
0000000000000000000000000000000000000000000000000000000000000000000000
0000000000000000000000000000000000000000000000000000000000000000000000
0000000000000000000000000000000000000000000000000000000000000000000000
0000000000000000000000000000000000000000000000000000000000000000000000
0000000000000000000000000000000000000000000000000000000000000000000000
0000000000000000000000000000000000000000000000000000000000000000000000
0000000000000000000000000000000000000000000000000000000000000000000000
0000000000000000000000000000000000000000000000000000000000000000000000
0000000000000000000000000000000000000000000000000000000000000000000000
0000000000000000000000000000000000000000000000000000000000000000000000
0000000000000000000000000000000000000000000000000000000000000000000000
0000000000000000000000000000000000000000000000000000000000000000000000
0000000000000000000000000000000000000000000000000000000000000000000000
0000000000000000000000000000000000000000000000000000000000000000000000
0000000000000000000000000000000000000000000000000000000000000000000000
0000000000000000000000000000000000000000000000000000000000000000000000
0000000000000000000000000000000000000000000000000000000000000000000000
0000000000000000000000000000000000000000000000000000000000000000000000
0000000000000000000000000000000000000000000000000000000000000000000000
0000000000000000000000000000000000000000000000000000000000000000000000
0000000000000000000000000000000000000000000000000000000000000000000000
0000000000000000000000000000000000000000000000000000000000000000000000
0000000000000000000000000000000000000000000000000000000000000000000000
0000000000000000000000000000000000000000000000000000000000000000000000
0000000000000000000000000000000000000000000000000000000000000000000000
0000000000000000000000000000000000000000000000000000000000000000000000
0000000000000000000000000000000000000000000000000000000000000000000000
0000000000000000000000000000000000000000000000000000000000000000000000
0000000000000000000000000000000000000000000000000000000000000000000000
0000000000000000000000000000000000000000000000000000000000000000000000
0000000000000000000000000000000000000000000000000000000000000000000000
0000000000000000000000000000000000000000000000000000000000000000000000
0000000000000000000000000000000000000000000000000000000000000000000000
0000000000000000000000000000000000000000000000000000000000000000000000
0000000000000000000000000000000000000000000000000000000000000000000000
0000000000000000000000000000000000000000000000000000000000000000000000
0000000000000000000000000000000000000000000000000000000000000000000000
0000000000000000000000000000000000000000000000000000000000000000000000
0000000000000000000000000000000000000000000000000000000000000000000000
0000000000000000000000000000000000000000000000000000000000000000000000
0000000000000000000000000000000000000000000000000000000000000000000000
0000000000000000000000000000000000000000000000000000000000000000000000
0000000000000000000000000000000000000000000000000000000000000000000000
0000000000000000000000000000000000000000000000000000000000000000000000
0000000000000000000000000000000000000000000000000000000000000000000000
0000000000000000000000000000000000000000000000000000000000000000000000
0000000000000000000000000000000000000000000000000000000000000000000000
0000000000000000000000000000000000000000000000000000000000000000000000
0000000000000000000000000000000000000000000000000000000000000000000000
0000000000000000000000000000000000000000000000000000000000000000000000
0000000000000000000000000000000000000000000000000000000000000000000000
0000000000000000000000000000000000000000000000000000000000000000000000
0000000000000000000000000000000000000000000000000000000000000000000000
0000000000000000000000000000000000000000000000000000000000000000000000
0000000000000000000000000000000000000000000000000000000000000000000000
0000000000000000000000000000000000000000000000000000000000000000000000
0000000000000000000000000000000000000000000000000000000000000000000000
0000000000000000000000000000000000000000000000000000000000000000000000
0000000000000000000000000000000000000000000000000000000000000000000000
0000000000000000000000000000000000000000000000000000000000000000000000
0000000000000000000000000000000000000000000000000000000000000000000000
0000000000000000000000000000000000000000000000000000000000000000000000
0000000000000000000000000000000000000000000000000000000000000000000000
0000000000000000000000000000000000000000000000000000000000000000000000
0000000000000000000000000000000000000000000000000000000000000000000000
0000000000000000000000000000000000000000000000000000000000000000000000
0000000000000000000000000000000000000000000000000000000000000000000000
0000000000000000000000000000000000000000000000000000000000000000000000
0000000000000000000000000000000000000000000000000000000000000000000000
0000000000000000000000000000000000000000000000000000000000000000000000
0000000000000000000000000000000000000000000000000000000000000000000000
0000000000000000000000000000000000000000000000000000000000000000000000
0000000000000000000000000000000000000000000000000000000000000000000000
0000000000000000000000000000000000000000000000000000000000000000000000
0000000000000000000000000000000000000000000000000000000000000000000000
0000000000000000000000000000000000000000000000000000000000000000000000
0000000000000000000000000000000000000000000000000000000000000000000000
0000000000000000000000000000000000000000000000000000000000000000000000
0000000000000000000000000000000000000000000000000000000000000000000000
0000000000000000000000000000000000000000000000000000000000000000000000
0000000000000000000000000000000000000000000000000000000000000000000000
0000000000000000000000000000000000000000000000000000000000000000000000
0000000000000000000000000000000000000000000000000000000000000000000000
0000000000000000000000000000000000000000000000000000000000000000000000
0000000000000000000000000000000000000000000000000000000000000000000000
0000000000000000000000000000000000000000000000000000000000000000000000
0000000000000000000000000000000000000000000000000000000000000000000000
0000000000000000000000000000000000000000000000000000000000000000000000
0000000000000000000000000000000000000000000000000000000000000000000000
0000000000000000000000000000000000000000000000000000000000000000000000
0000000000000000000000000000000000000000000000000000000000000000000000
0000000000000000000000000000000000000000000000000000000000000000000000
0000000000000000000000000000000000000000000000000000000000000000000000
0000000000000000000000000000000000000000000000000000000000000000000000
0000000000000000000000000000000000000000000000000000000000000000000000
0000000000000000000000000000000000000000000000000000000000000000000000
0000000000000000000000000000000000000000000000000000000000000000000000
0000000000000000000000000000000000000000000000000000000000000000000000
0000000000000000000000000000000000000000000000000000000000000000000000
0000000000000000000000000000000000000000000000000000000000000000000000
0000000000000000000000000000000000000000000000000000000000000000000000
0000000000000000000000000000000000000000000000000000000000000000000000
0000000000000000000000000000000000000000000000000000000000000000000000
0000000000000000000000000000000000000000000000000000000000000000000000
0000000000000000000000000000000000000000000000000000000000000000000000
0000000000000000000000000000000000000000000000000000000000000000000000
0000000000000000000000000000000000000000000000000000000000000000000000
0000000000000000000000000000000000000000000000000000000000000000000000
0000000000000000000000000000000000000000000000000000000000000000000000
0000000000000000000000000000000000000000000000000000000000000000000000
0000000000000000000000000000000000000000000000000000000000000000000000
0000000000000000000000000000000000000000000000000000000000000000000000
0000000000000000000000000000000000000000000000000000000000000000000000
0000000000000000000000000000000000000000000000000000000000000000000000
0000000000000000000000000000000000000000000000000000000000000000000000
0000000000000000000000000000000000000000000000000000000000000000000000
0000000000000000000000000000000000000000000000000000000000000000000000
0000000000000000000000000000000000000000000000000000000000000000000000
0000000000000000000000000000000000000000000000000000000000000000000000
0000000000000000000000000000000000000000000000000000000000000000000000
0000000000000000000000000000000000000000000000000000000000000000000000
0000000000000000000000000000000000000000000000000000000000000000000000
0000000000000000000000000000000000000000000000000000000000000000000000
0000000000000000000000000000000000000000000000000000000000000000000000
0000000000000000000000000000000000000000000000000000000000000000000000
0000000000000000000000000000000000000000000000000000000000000000000000
0000000000000000000000000000000000000000000000000000000000000000000000
0000000000000000000000000000000000000000000000000000000000000000000000
0000000000000000000000000000000000000000000000000000000000000000000000
0000000000000000000000000000000000000000000000000000000000000000000000
0000000000000000000000000000000000000000000000000000000000000000000000
