1011100111111111111111111111100111111111110000111111111111111100011011
0110111100000000000000000000111100000000011111100000000000000111111111
1111100111111111111111111111100111111111110000111111111111111100000001
1000111100000000000000000000111100000000011111100000000000000111111111
0111100111111111111111111111100111111111110000111111111111111100000001
1100111100000000000000000000111100000000011111100000000000000111111111
1111100111111111111111111111100111111111110000111111111111111100000001
1000111100000000000000000000111100000000011111100000000000000111111111
0111100111111111111111111111100111111111110000111111111111111100000001
1100111100000000000000000000111100000000011111100000000000000111111111
1111100111111111111111111111100111111111110000111111111111111100000001
1000111100000000000000000000111100000000011111100000000000000111111111
0111100111111111111111111111100111111111110000111111111111111100000001
1100111100000000000000000000111100000000011111100000000000000111111111
1111100111111111111111111111100111111111110000111111111111111100000001
1000111100000000000000000000111100000000011111100000000000000111111111
0111100111111111111111111111100111111111110000111111111111111100000001
1100111100000000000000000000111100000000011111100000000000000111111111
1111100111111111111111111111100111111111110000111111111111111100000001
1000111100000000000000000000111100000000011111100000000000000111111111
0111100111111111111111111111100111111111110000111111111111111100000001
1100111100000000000000000000111100000000011111100000000000000111111111
1111100111111111111111111111100111111111110000111111111111111100000001
1000111100000000000000000000111100000000011111100000000000000111111111
0111100111111111111111111111100111111111110000111111111111111100000001
1100111100000000000000000000111100000000011111100000000000000111111111
1111100111111111111111111111100111111111110000111111111111111100000001
1000111100000000000000000000111100000000011111100000000000000111111111
0111100111111111111111111111100111111111110000111111111111111100000001
1100111100000000000000000000111100000000011111100000000000000111111111
1111100111111111111111111111100111111111110000111111111111111100000001
1000111100000000000000000000111100000000011111100000000000000111111111
0111100111111111111111111111100111111111110000111111111111111100000001
1100111100000000000000000000111100000000011111100000000000000111111111
1111100111111111111111111111100111111111110000111111111111111100000001
1000111100000000000000000000111100000000011111100000000000000111111111
0111100111111111111111111111100111111111110000111111111111111100000001
1100111100000000000000000000111100000000011111100000000000000111111111
1111100111111111111111111111100111111111110000111111111111111100000001
1000111100000000000000000000111100000000011111100000000000000111111111
0111100111111111111111111111100111111111110000111111111111111100000001
1100111100000000000000000000111100000000011111100000000000000111111111
1111100111111111111111111111100111111111110000111111111111111100000001
1000111100000000000000000000111100000000011111100000000000000111111111
0111100111111111111111111111100111111111110000111111111111111100000001
1100111100000000000000000000111100000000011111100000000000000111111111
1111100111111111111111111111100111111111110000111111111111111100000001
1000111100000000000000000000111100000000011111100000000000000111111111
0111100111111111111111111111100111111111110000111111111111111100000001
1100111100000000000000000000111100000000011111100000000000000111111111
1111100111111111111111111111100111111111110000111111111111111100000001
1000111100000000000000000000111100000000011111100000000000000111111111
0111100111111111111111111111100111111111110000111111111111111100000001
1100111100000000000000000000111100000000011111100000000000000111111111
1111100111111111111111111111100111111111110000111111111111111100000001
1000111100000000000000000000111100000000011111100000000000000111111111
0111100111111111111111111111100111111111110000111111111111111100000001
1100111100000000000000000000111100000000011111100000000000000111111111
1111100111111111111111111111100111111111110000111111111111111100000001
1000111100000000000000000000111100000000011111100000000000000111111111
0111100111111111111111111111100111111111110000111111111111111100000001
1100111100000000000000000000111100000000011111100000000000000111111111
1111100111111111111111111111100111111111110000111111111111111100000001
1000111100000000000000000000111100000000011111100000000000000111111111
0111100111111111111111111111100111111111110000111111111111111100000001
1100111100000000000000000000111100000000011111100000000000000111111111
1111100111111111111111111111100111111111110000111111111111111100000001
1000111100000000000000000000111100000000011111100000000000000111111111
0111100111111111111111111111100111111111110000111111111111111100000001
1100111100000000000000000000111100000000011111100000000000000111111111
1111100111111111111111111111100111111111110000111111111111111100000001
1000111100000000000000000000111100000000011111100000000000000111111111
0111100111111111111111111111100111111111110000111111111111111100000001
1100111100000000000000000000111100000000011111100000000000000111111111
1111100111111111111111111111100111111111110000111111111111111100000001
1000111100000000000000000000111100000000011111100000000000000111111111
0111100111111111111111111111100111111111110000111111111111111100000001
1100111100000000000000000000111100000000011111100000000000000111111111
1111100111111111111111111111100111111111110000111111111111111100000001
1000111100000000000000000000111100000000011111100000000000000111111111
0111100111111111111111111111100111111111110000111111111111111100000001
1100111100000000000000000000111100000000011111100000000000000111111111
1111100111111111111111111111100111111111110000111111111111111100000001
1000111100000000000000000000111100000000011111100000000000000111111111
0111100111111111111111111111100111111111110000111111111111111100000001
1100111100000000000000000000111100000000011111100000000000000111111111
1111100111111111111111111111100111111111110000111111111111111100000001
1000111100000000000000000000111100000000011111100000000000000111111111
0111100111111111111111111111100111111111110000111111111111111100000001
1100111100000000000000000000111100000000011111100000000000000111111111
1111100111111111111111111111100111111111110000111111111111111100000001
1000111100000000000000000000111100000000011111100000000000000111111111
0111100111111111111111111111100111111111110000111111111111111100000001
1100111100000000000000000000111100000000011111100000000000000111111111
1111100111111111111111111111100111111111110000111111111111111100000001
1000111100000000000000000000111100000000011111100000000000000111111111
0111100111111111111111111111100111111111110000111111111111111100000001
1100111100000000000000000000111100000000011111100000000000000111111111
1111100111111111111111111111100111111111110000111111111111111100000001
1000111100000000000000000000111100000000011111100000000000000111111111
0111100111111111111111111111100111111111110000111111111111111100000001
1100111100000000000000000000111100000000011111100000000000000111111111
1111100111111111111111111111100111111111110000111111111111111100000001
1000111100000000000000000000111100000000011111100000000000000111111111
0111100111111111111111111111100111111111110000111111111111111100000001
1100111100000000000000000000111100000000011111100000000000000111111111
1111100111111111111111111111100111111111110000111111111111111100000001
1000111100000000000000000000111100000000011111100000000000000111111111
0111100111111111111111111111100111111111110000111111111111111100000001
1100111100000000000000000000111100000000011111100000000000000111111111
1111100111111111111111111111100111111111110000111111111111111100000001
1000111100000000000000000000111100000000011111100000000000000111111111
0111100111111111111111111111100111111111110000111111111111111100000001
1100111100000000000000000000111100000000011111100000000000000111111111
1111100111111111111111111111100111111111110000111111111111111100000001
1000111100000000000000000000111100000000011111100000000000000111111111
0111100111111111111111111111100111111111110000111111111111111100000001
1100111100000000000000000000111100000000011111100000000000000111111111
1111100111111111111111111111100111111111110000111111111111111100000001
1000111100000000000000000000111100000000011111100000000000000111111111
0111100111111111111111111111100111111111110000111111111111111100000001
1100111100000000000000000000111100000000011111100000000000000111111111
1111100111111111111111111111100111111111110000111111111111111100000001
1000111100000000000000000000111100000000011111100000000000000111111111
0111100111111111111111111111100111111111110000111111111111111100000001
1100111100000000000000000000111100000000011111100000000000000111111111
1111100111111111111111111111100111111111110000111111111111111100000001
1000111100000000000000000000111100000000011111100000000000000111111111
0111100111111111111111111111100111111111110000111111111111111100000001
1100111100000000000000000000111100000000011111100000000000000111111111
1111100111111111111111111111100111111111110000111111111111111100000001
1000111100000000000000000000111100000000011111100000000000000111111111
0111100111111111111111111111100111111111110000111111111111111100000001
1100111100000000000000000000111100000000011111100000000000000111111111
1111100111111111111111111111100111111111110000111111111111111100000001
1000111100000000000000000000111100000000011111100000000000000111111111
0111100111111111111111111111100111111111110000111111111111111100000001
1100111100000000000000000000111100000000011111100000000000000111111111
1111100111111111111111111111100111111111110000111111111111111100000001
1000111100000000000000000000111100000000011111100000000000000111111111
0111100111111111111111111111100111111111110000111111111111111100000001
1100111100000000000000000000111100000000011111100000000000000111111111
1111100111111111111111111111100111111111110000111111111111111100000001
1000111100000000000000000000111100000000011111100000000000000111111111
0111100111111111111111111111100111111111110000111111111111111100000001
1100111100000000000000000000111100000000011111100000000000000111111111
1111100111111111111111111111100111111111110000111111111111111100000001
1000111100000000000000000000111100000000011111100000000000000111111111
0111100111111111111111111111100111111111110000111111111111111100000001
1100111100000000000000000000111100000000011111100000000000000111111111
1111100111111111111111111111100111111111110000111111111111111100000001
1000111100000000000000000000111100000000011111100000000000000111111111
0111100111111111111111111111100111111111110000111111111111111100000001
1100111100000000000000000000111100000000011111100000000000000111111111
1111100111111111111111111111100111111111110000111111111111111100000001
1000111100000000000000000000111100000000011111100000000000000111111111
0111100111111111111111111111100111111111110000111111111111111100000001
1100111100000000000000000000111100000000011111100000000000000111111111
1111100111111111111111111111100111111111110000111111111111111100000001
1000111100000000000000000000111100000000011111100000000000000111111111
0111100111111111111111111111100111111111110000111111111111111100000001
1100111100000000000000000000111100000000011111100000000000000111111111
1111100111111111111111111111100111111111110000111111111111111100000001
1000111100000000000000000000111100000000011111100000000000000111111111
0111100111111111111111111111100111111111110000111111111111111100000001
1100111100000000000000000000111100000000011111100000000000000111111111
1111100111111111111111111111100111111111110000111111111111111100000001
1000111100000000000000000000111100000000011111100000000000000111111111
0111100111111111111111111111100111111111110000111111111111111100000001
1100111100000000000000000000111100000000011111100000000000000111111111
1111100111111111111111111111100111111111110000111111111111111100000001
1000111100000000000000000000111100000000011111100000000000000111111111
0111100111111111111111111111100111111111110000111111111111111100000001
1100111100000000000000000000111100000000011111100000000000000111111111
1111100111111111111111111111100111111111110000111111111111111100000001
1000111100000000000000000000111100000000011111100000000000000111111111
0111100111111111111111111111100111111111110000111111111111111100000001
1100111100000000000000000000111100000000011111100000000000000111111111
1111100111111111111111111111100111111111110000111111111111111100000001
1000111100000000000000000000111100000000011111100000000000000111111111
0111100111111111111111111111100111111111110000111111111111111100000001
1100111100000000000000000000111100000000011111100000000000000111111111
1111100111111111111111111111100111111111110000111111111111111100000001
1000111100000000000000000000111100000000011111100000000000000111111111
0111100111111111111111111111100111111111110000111111111111111100000001
1100111100000000000000000000111100000000011111100000000000000111111111
1111100111111111111111111111100111111111110000111111111111111100000001
1000111100000000000000000000111100000000011111100000000000000111111111
0111100111111111111111111111100111111111110000111111111111111100000001
1100111100000000000000000000111100000000011111100000000000000111111111
1111100111111111111111111111100111111111110000111111111111111100000001
1000111100000000000000000000111100000000011111100000000000000111111111
0111100111111111111111111111100111111111110000111111111111111100000001
1100111100000000000000000000111100000000011111100000000000000111111111
1111100111111111111111111111100111111111110000111111111111111100000001
1000111100000000000000000000111100000000011111100000000000000111111111
0111100111111111111111111111100111111111110000111111111111111100000001
1100111100000000000000000000111100000000011111100000000000000111111111
1111100111111111111111111111100111111111110000111111111111111100000001
1000111100000000000000000000111100000000011111100000000000000111111111
0111100111111111111111111111100111111111110000111111111111111100000001
1100111100000000000000000000111100000000011111100000000000000111111111
1111100111111111111111111111100111111111110000111111111111111100000001
1000111100000000000000000000111100000000011111100000000000000111111111
0111100111111111111111111111100111111111110000111111111111111100000001
1100111100000000000000000000111100000000011111100000000000000111111111
1111100111111111111111111111100111111111110000111111111111111100000001
1000111100000000000000000000111100000000011111100000000000000111111111
0111100111111111111111111111100111111111110000111111111111111100000001
1100111100000000000000000000111100000000011111100000000000000111111111
