1110100110000000000000000000100110000000010000110000000000000100000001
1011110111000000000000000000110111000000011000111000000000000110000000
1110011101100000000000000000111101100000011100101100000000000111000000
1011010111110000000000000000100111110000010110111110000000000101100000
1111111100011000000000000000110100011000011111100011000000000111110000
1000000110011100000000000000111110011100010000110011100000000100011000
1100000111010110000000000000100011010110011000111010110000000110011100
1110000101111111000000000000110011111111011100101111111000000111010110
1011000111000001100000000000111010000001110110111000001100000101111111
1111100101100001110000000000101111000001011111101100001110000111000001
1000110111110001011000000000111001100001110000111110001011000101100000
1100111100011001111100000000101101110001011000100011001111100111110000
1110100110011101000110000000111111011001111100110011101000110100011000
1011110111010111100111000000100001111101000110111010111100111110011100
1110011101111100110101100000110001000111100111101111100110100011010110
1011010111000110111111110000111001100100110100111000110111110011111111
1111111101100111100000011000101101110110111110101100111100011010000001
1000000111110100110000011100111111011111100011111110100110011111000000
1100000100011110111000010110100001110000110010000011110111010001100000
1110000110010011101100011111110001011000111011000010011101111001110000
1011000111011010111110010000011001111100101111100011010111001101011000
1111100101111111100011011000011101000110111000110011111101101111111100
1000110111000000110011111100010111100111101100111010000111111000000110
1100111101100000111010000110011100110100111110101111000100001100000111
1110100111110000101111000111010110111110100011111001100110001110000101
1011110100011000111001100101111111100011110010001101110111001011000110
1110011110011100101101110111000000110010011011001111011101101111100111
1011010011010110111111011101100000111011011111101001110111111000110101
1111111011111111100001110111110000101111110000111101011100001100111110
1000001110000000110001011100011000111000011000100111110110001110100011
1100001011000000111001110110011100101100011100110100011111001011110011
1110001111100000101101011111010110111110010110111110010001101110011011
1011001000110000111111110001111111100011011111100011011001111011011111
1111101100111000100000011001000000110011110000110011111101001111110001
1000111110101100110000011101100000111010011000111010000111101000011000
1100100011111110111000010111110000101111011100101111000100111100011100
1110110010000011101100011100011000111001110110111001100110100110010110
1011111011000010111110010110011100101101011111101101110111110111011111
1110001111100011100011011111010110111111110000111111011100011101110001
1011001000110010110011110001111111100000011000100001110110010111011000
1111101100111011111010011001000000110000011100110001011111011101111100
1000111110101110001111011101100000111000010110111001110001110111000110
1100100011111011001001110111110000101100011111101101011001011101100111
1110110010001111101101011100011000111110010000111111111101110111110101
1011111011001000111111110110011100100011011000100000000111011100011110
1110001111101100100000011111010110110011111100110000000101110110010011
1011001000111110110000010001111111111010000110111000000111011111011011
1111101100100011111000011001000000001111000111101100000101110001111111
1000111110110010001100011101100000001001100100111110000111011001000001
1100100011111011001110010111110000001101110110100011000101111101100000
1110110010001111101011011100011000001111011111110011100111000111110000
1011111011001000111111110110011100001001110000011010110101100100011000
1110001111101100100000011111010110001101011000011111111111110110011100
1011001000111110110000010001111111001111111100010000000000011111010110
1111101100100011111000011001000001101000000110011000000000010001111111
1000111110110010001100011101100001111100000111011100000000011001000001
1100100011111011001110010111110001000110000101110110000000011101100000
1110110010001111101011011100011001100111000111011111000000010111110000
1011111011001000111111110110011101110101100101110001100000011100011000
1110001111101100100000011111010111011111110111011001110000010110011100
1011001000111110110000010001111101110000011101111101011000011111010110
1111101100100011111000011001000111011000010111000111111100010001111111
1000111110110010001100011101100101111100011101100100000110011001000001
1100100011111011001110010111110111000110010111110110000111011101100000
1110110010001111101011011100011101100111011100011111000101110111110000
1011111011001000111111110110010111110101110110010001100111011100011000
1110001111101100100000011111011100011111011111011001110101110110011100
1011001000111110110000010001110110010001110001111101011111011111010110
1111101100100011111000011001011111011001011001000111110001110001111111
1000111110110010001100011101110001111101111101100100011001011001000001
1100100011111011001110010111011001000111000111110110011101111101100000
1110110010001111101011011101111101100101100100011111010111000111110000
1011111011001000111111110111000111110111110110010001111101100100011000
1110001111101100100000011101100100011100011111011001000111110110011100
1011001000111110110000010111110110010110010001111101100100011111010110
1111101100100011111000011100011111011111011001000111110110010001111111
1000111110110010001100010110010001110001111101100100011111011001000001
1100100011111011001110011111011001011001000111110110010001111101100000
1110110010001111101011010001111101111101100100011111011001000111110000
1011111011001000111111111001000111000111110110010001111101100100011000
1110001111101100100000001101100101100100011111011001000111110110011100
1011001000111110110000001111110111110110010001111101100100011111010110
1111101100100011111000001000011100011111011001000111110110010001111111
1000111110110010001100001100010110010001111101100100011111011001000001
1100100011111011001110001110011111011001000111110110010001111101100000
1110110010001111101011001011010001111101100100011111011001000111110000
1011111011001000111111101111111001000111110110010001111101100100011000
1110001111101100100000111000001101100100011111011001000111110110011100
1011001000111110110000101100001111110110010001111101100100011111010110
1111101100100011111000111110001000011111011001000111110110010001111111
1000111110110010001100100011001100010001111101100100011111011001000001
1100100011111011001110110011101110011001000111110110010001111101100000
1110110010001111101011111010111011011101100100011111011001000111110000
1011111011001000111110001111101111110111110110010001111101100100011000
1110001111101100100011001000111000011100011111011001000111110110011100
1011001000111110110011101100101100010110010001111101100100011111010110
1111101100100011111010111110111110011111011001000111110110010001111111
1000111110110010001111100011100011010001111101100100011111011001000001
1100100011111011001000110010110011111001000111110110010001111101100000
1110110010001111101100111011111010001101100100011111011001000111110000
1011111011001000111110101110001111001111110110010001111101100100011000
1110001111101100100011111011001001101000011111011001000111110110011100
1011001000111110110010001111101101111100010001111101100100011111010110
1111101100100011111011001000111111000110011001000111110110010001111111
1000111110110010001111101100100001100111011101100100011111011001000001
1100100011111011001000111110110001110101110111110110010001111101100000
1110110010001111101100100011111001011111011100011111011001000111110000
1011111011001000111110110010001101110001110110010001111101100100011000
1110001111101100100011111011001111011001011111011001000111110110011100
1011001000111110110010001111101001111101110001111101100100011111010110
1111101100100011111011001000111101000111011001000111110110010001111111
1000111110110010001111101100100111100101111101100100011111011001000001
1100100011111011001000111110110100110111000111110110010001111101100000
1110110010001111101100100011111110111101100100011111011001000111110000
1011111011001000111110110010000011100111110110010001111101100100011000
1110001111101100100011111011000010110100011111011001000111110110011100
1011001000111110110010001111100011111110010001111101100100011111010110
1111101100100011111011001000110010000011011001000111110110010001111111
1000111110110010001111101100111011000011111101100100011111011001000001
1100100011111011001000111110101111100010000111110110010001111101100000
1110110010001111101100100011111000110011000100011111011001000111110000
1011111011001000111110110010001100111011100110010001111101100100011000
1110001111101100100011111011001110101110110111011001000111110110011100
1011001000111110110010001111101011111011111101111101100100011111010110
1111101100100011111011001000111110001110000111000111110110010001111111
1000111110110010001111101100100011001011000101100100011111011001000001
1100100011111011001000111110110011101111100111110110010001111101100000
1110110010001111101100100011111010111000110100011111011001000111110000
1011111011001000111110110010001111101100111110010001111101100100011000
1110001111101100100011111011001000111110100011011001000111110110011100
1011001000111110110010001111101100100011110011111101100100011111010110
1111101100100011111011001000111110110010011010000111110110010001111111
1000111110110010001111101100100011111011011111000100011111011001000001
1100100011111011001000111110110010001111110001100110010001111101100000
1110110010001111101100100011111011001000011001110111011001000111110000
1011111011001000111110110010001111101100011101011101111101100100011000
1110001111101100100011111011001000111110010111110111000111110110011100
1011001000111110110010001111101100100011011100011101100100011111010110
1111101100100011111011001000111110110011110110010111110110010001111111
1000111110110010001111101100100011111010011111011100011111011001000001
1100100011111011001000111110110010001111010001110110010001111101100000
1110110010001111101100100011111011001001111001011111011001000111110000
1011111011001000111110110010001111101101001101110001111101100100011000
1110001111101100100011111011001000111111101111011001000111110110011100
1011001000111110110010001111101100100000111001111101100100011111010110
1111101100100011111011001000111110110000101101000111110110010001111111
1000111110110010001111101100100011111000111111100100011111011001000001
1100100011111011001000111110110010001100100000110110010001111101100000
1110110010001111101100100011111011001110110000111111011001000111110000
1011111011001000111110110010001111101011111000100001111101100100011000
1110001111101100100011111011001000111110001100110001000111110110011100
1011001000111110110010001111101100100011001110111001100100011111010110
1111101100100011111011001000111110110011101011101101110110010001111111
1000111110110010001111101100100011111010111110111111011111011001000001
1100100011111011001000111110110010001111100011100001110001111101100000
1110110010001111101100100011111011001000110010110001011001000111110000
1011111011001000111110110010001111101100111011111001111101100100011000
1110001111101100100011111011001000111110101110001101000111110110011100
1011001000111110110010001111101100100011111011001111100100011111010110
1111101100100011111011001000111110110010001111101000110110010001111111
1000111110110010001111101100100011111011001000111100111111011001000001
1100100011111011001000111110110010001111101100100110100001111101100000
1110110010001111101100100011111011001000111110110111110001000111110000
1011111011001000111110110010001111101100100011111100011001100100011000
1110001111101100100011111011001000111110110010000110011101110110011100
1011001000111110110010001111101100100011111011000111010111011111010110
1111101100100011111011001000111110110010001111100101111101110001111111
1000111110110010001111101100100011111011001000110111000111011001000001
1100100011111011001000111110110010001111101100111101100101111101100000
1110110010001111101100100011111011001000111110100111110111000111110000
1011111011001000111110110010001111101100100011110100011101100100011000
1110001111101100100011111011001000111110110010011110010111110110011100
1011001000111110110010001111101100100011111011010011011100011111010110
1111101100100011111011001000111110110010001111111011110110010001111111
1000111110110010001111101100100011111011001000001110011111011001000001
1100100011111011001000111110110010001111101100001011010001111101100000
1110110010001111101100100011111011001000111110001111111001000111110000
1011111011001000111110110010001111101100100011001000001101100100011000
1110001111101100100011111011001000111110110011101100001111110110011100
1011001000111110110010001111101100100011111010111110001000011111010110
1111101100100011111011001000111110110010001111100011001100010001111111
1000111110110010001111101100100011111011001000110011101110011001000001
1100100011111011001000111110110010001111101100111010111011011101100000
1110110010001111101100100011111011001000111110101111101111110111110000
1011111011001000111110110010001111101100100011111000111000011100011000
1110001111101100100011111011001000111110110010001100101100010110011100
1011001000111110110010001111101100100011111011001110111110011111010110
1111101100100011111011001000111110110010001111101011100011010001111111
1000111110110010001111101100100011111011001000111110110011111001000001
1100100011111011001000111110110010001111101100100011111010001101100000
1110110010001111101100100011111011001000111110110010001111001111110000
1011111011001000111110110010001111101100100011111011001001101000011000
1110001111101100100011111011001000111110110010001111101101111100011100
1011001000111110110010001111101100100011111011001000111111000110010110
1111101100100011111011001000111110110010001111101100100001100111011111
1000111110110010001111101100100011111011001000111110110001110101110001
1100100011111011001000111110110010001111101100100011111001011111011000
1110110010001111101100100011111011001000111110110010001101110001111100
1011111011001000111110110010001111101100100011111011001111011001000110
1110001111101100100011111011001000111110110010001111101001111101100111
1011001000111110110010001111101100100011111011001000111101000111110101
1111101100100011111011001000111110110010001111101100100111100100011110
1000111110110010001111101100100011111011001000111110110100110110010011
1100100011111011001000111110110010001111101100100011111110111111011011
1110110010001111101100100011111011001000111110110010000011100001111111
1011111011001000111110110010001111101100100011111011000010110001000001
1110001111101100100011111011001000111110110010001111100011111001100000
1011001000111110110010001111101100100011111011001000110010001101110000
1111101100100011111011001000111110110010001111101100111011001111011000
1000111110110010001111101100100011111011001000111110101111101001111100
