1111111111111111111111111111111111111111111111111111111111111111111111
0111111111111111111111111111111111111111111111111111111111111111111110
1011111111111111111111111111111111111111111111111111111111111111111100
0001111111111111111111111111111111111111111111111111111111111111111001
1110111111111111111111111111111111111111111111111111111111111111110011
0100011111111111111111111111111111111111111111111111111111111111100100
1001101111111111111111111111111111111111111111111111111111111111001001
0010000111111111111111111111111111111111111111111111111111111110010011
1100111011111111111111111111111111111111111111111111111111111100100100
0001010001111111111111111111111111111111111111111111111111111001001001
1110000110111111111111111111111111111111111111111111111111110010010011
0100111000011111111111111111111111111111111111111111111111100100100100
1001010011101111111111111111111111111111111111111111111111001001001001
0010000101000111111111111111111111111111111111111111111110010010010011
1100111000011011111111111111111111111111111111111111111100100100100100
0001010011100001111111111111111111111111111111111111111001001001001001
1110000101001110111111111111111111111111111111111111110010010010010011
0100111000010100011111111111111111111111111111111111100100100100100100
1001010011100001101111111111111111111111111111111111001001001001001001
0010000101001110000111111111111111111111111111111110010010010010010011
1100111000010100111011111111111111111111111111111100100100100100100100
0001010011100001010001111111111111111111111111111001001001001001001001
1110000101001110000110111111111111111111111111110010010010010010010011
0100111000010100111000011111111111111111111111100100100100100100100100
1001010011100001010011101111111111111111111111001001001001001001001001
0010000101001110000101000111111111111111111110010010010010010010010011
1100111000010100111000011011111111111111111100100100100100100100100100
0001010011100001010011100001111111111111111001001001001001001001001001
1110000101001110000101001110111111111111110010010010010010010010010011
0100111000010100111000010100011111111111100100100100100100100100100100
1001010011100001010011100001101111111111001001001001001001001001001001
0010000101001110000101001110000111111110010010010010010010010010010011
1100111000010100111000010100111011111100100100100100100100100100100100
0001010011100001010011100001010001111001001001001001001001001001001001
1110000101001110000101001110000110110010010010010010010010010010010011
0100111000010100111000010100111000000100100100100100100100100100100100
1001010011100001010011100001010011111001001001001001001001001001001001
0010000101001110000101001110000101110010010010010010010010010010010011
1100111000010100111000010100111000100100100100100100100100100100100100
0001010011100001010011100001010011001001001001001001001001001001001001
1110000101001110000101001110000100010010010010010010010010010010010011
0100111000010100111000010100111001100100100100100100100100100100100100
1001010011100001010011100001010010001001001001001001001001001001001001
0010000101001110000101001110000100110010010010010010010010010010010011
1100111000010100111000010100111001000100100100100100100100100100100100
0001010011100001010011100001010010011001001001001001001001001001001001
1110000101001110000101001110000100100010010010010010010010010010010011
0100111000010100111000010100111001001100100100100100100100100100100100
1001010011100001010011100001010010010001001001001001001001001001001001
0010000101001110000101001110000100100110010010010010010010010010010011
1100111000010100111000010100111001001000100100100100100100100100100100
0001010011100001010011100001010010010011001001001001001001001001001001
1110000101001110000101001110000100100100010010010010010010010010010011
0100111000010100111000010100111001001001100100100100100100100100100100
1001010011100001010011100001010010010010001001001001001001001001001001
0010000101001110000101001110000100100100110010010010010010010010010011
1100111000010100111000010100111001001001000100100100100100100100100100
0001010011100001010011100001010010010010011001001001001001001001001001
1110000101001110000101001110000100100100100010010010010010010010010011
0100111000010100111000010100111001001001001100100100100100100100100100
1001010011100001010011100001010010010010010001001001001001001001001001
0010000101001110000101001110000100100100100110010010010010010010010011
1100111000010100111000010100111001001001001000100100100100100100100100
0001010011100001010011100001010010010010010011001001001001001001001001
1110000101001110000101001110000100100100100100010010010010010010010011
0100111000010100111000010100111001001001001001100100100100100100100100
1001010011100001010011100001010010010010010010001001001001001001001001
0010000101001110000101001110000100100100100100110010010010010010010011
1100111000010100111000010100111001001001001001000100100100100100100100
0001010011100001010011100001010010010010010010011001001001001001001001
1110000101001110000101001110000100100100100100100010010010010010010011
0100111000010100111000010100111001001001001001001100100100100100100100
1001010011100001010011100001010010010010010010010001001001001001001001
0010000101001110000101001110000100100100100100100110010010010010010011
1100111000010100111000010100111001001001001001001000100100100100100100
0001010011100001010011100001010010010010010010010011001001001001001001
1110000101001110000101001110000100100100100100100100010010010010010011
0100111000010100111000010100111001001001001001001001100100100100100100
1001010011100001010011100001010010010010010010010010001001001001001001
0010000101001110000101001110000100100100100100100100110010010010010011
1100111000010100111000010100111001001001001001001001000100100100100100
0001010011100001010011100001010010010010010010010010011001001001001001
1110000101001110000101001110000100100100100100100100100010010010010011
0100111000010100111000010100111001001001001001001001001100100100100100
1001010011100001010011100001010010010010010010010010010001001001001001
0010000101001110000101001110000100100100100100100100100110010010010011
1100111000010100111000010100111001001001001001001001001000100100100100
0001010011100001010011100001010010010010010010010010010011001001001001
1110000101001110000101001110000100100100100100100100100100010010010011
0100111000010100111000010100111001001001001001001001001001100100100100
1001010011100001010011100001010010010010010010010010010010001001001001
0010000101001110000101001110000100100100100100100100100100110010010011
1100111000010100111000010100111001001001001001001001001001000100100100
0001010011100001010011100001010010010010010010010010010010011001001001
1110000101001110000101001110000100100100100100100100100100100010010011
0100111000010100111000010100111001001001001001001001001001001100100100
1001010011100001010011100001010010010010010010010010010010010001001001
0010000101001110000101001110000100100100100100100100100100100110010011
1100111000010100111000010100111001001001001001001001001001001000100100
0001010011100001010011100001010010010010010010010010010010010011001001
1110000101001110000101001110000100100100100100100100100100100100010011
0100111000010100111000010100111001001001001001001001001001001001100100
1001010011100001010011100001010010010010010010010010010010010010001001
0010000101001110000101001110000100100100100100100100100100100100110011
1100111000010100111000010100111001001001001001001001001001001001000100
0001010011100001010011100001010010010010010010010010010010010010011001
1110000101001110000101001110000100100100100100100100100100100100100011
0100111000010100111000010100111001001001001001001001001001001001001100
1001010011100001010011100001010010010010010010010010010010010010010001
0010000101001110000101001110000100100100100100100100100100100100100111
1100111000010100111000010100111001001001001001001001001001001001001010
0001010011100001010011100001010010010010010010010010010010010010010000
1110000101001110000101001110000100100100100100100100100100100100100111
0100111000010100111000010100111001001001001001001001001001001001001010
1001010011100001010011100001010010010010010010010010010010010010010000
0010000101001110000101001110000100100100100100100100100100100100100111
1100111000010100111000010100111001001001001001001001001001001001001010
0001010011100001010011100001010010010010010010010010010010010010010000
1110000101001110000101001110000100100100100100100100100100100100100111
0100111000010100111000010100111001001001001001001001001001001001001010
1001010011100001010011100001010010010010010010010010010010010010010000
0010000101001110000101001110000100100100100100100100100100100100100111
1100111000010100111000010100111001001001001001001001001001001001001010
0001010011100001010011100001010010010010010010010010010010010010010000
1110000101001110000101001110000100100100100100100100100100100100100111
0100111000010100111000010100111001001001001001001001001001001001001010
1001010011100001010011100001010010010010010010010010010010010010010000
0010000101001110000101001110000100100100100100100100100100100100100111
1100111000010100111000010100111001001001001001001001001001001001001010
0001010011100001010011100001010010010010010010010010010010010010010000
1110000101001110000101001110000100100100100100100100100100100100100111
0100111000010100111000010100111001001001001001001001001001001001001010
1001010011100001010011100001010010010010010010010010010010010010010000
0010000101001110000101001110000100100100100100100100100100100100100111
1100111000010100111000010100111001001001001001001001001001001001001010
0001010011100001010011100001010010010010010010010010010010010010010000
1110000101001110000101001110000100100100100100100100100100100100100111
0100111000010100111000010100111001001001001001001001001001001001001010
1001010011100001010011100001010010010010010010010010010010010010010000
0010000101001110000101001110000100100100100100100100100100100100100111
1100111000010100111000010100111001001001001001001001001001001001001010
0001010011100001010011100001010010010010010010010010010010010010010000
1110000101001110000101001110000100100100100100100100100100100100100111
0100111000010100111000010100111001001001001001001001001001001001001010
1001010011100001010011100001010010010010010010010010010010010010010000
0010000101001110000101001110000100100100100100100100100100100100100111
1100111000010100111000010100111001001001001001001001001001001001001010
0001010011100001010011100001010010010010010010010010010010010010010000
1110000101001110000101001110000100100100100100100100100100100100100111
0100111000010100111000010100111001001001001001001001001001001001001010
1001010011100001010011100001010010010010010010010010010010010010010000
0010000101001110000101001110000100100100100100100100100100100100100111
1100111000010100111000010100111001001001001001001001001001001001001010
0001010011100001010011100001010010010010010010010010010010010010010000
1110000101001110000101001110000100100100100100100100100100100100100111
0100111000010100111000010100111001001001001001001001001001001001001010
1001010011100001010011100001010010010010010010010010010010010010010000
0010000101001110000101001110000100100100100100100100100100100100100111
1100111000010100111000010100111001001001001001001001001001001001001010
0001010011100001010011100001010010010010010010010010010010010010010000
1110000101001110000101001110000100100100100100100100100100100100100111
0100111000010100111000010100111001001001001001001001001001001001001010
1001010011100001010011100001010010010010010010010010010010010010010000
0010000101001110000101001110000100100100100100100100100100100100100111
1100111000010100111000010100111001001001001001001001001001001001001010
0001010011100001010011100001010010010010010010010010010010010010010000
1110000101001110000101001110000100100100100100100100100100100100100111
0100111000010100111000010100111001001001001001001001001001001001001010
1001010011100001010011100001010010010010010010010010010010010010010000
0010000101001110000101001110000100100100100100100100100100100100100111
1100111000010100111000010100111001001001001001001001001001001001001010
0001010011100001010011100001010010010010010010010010010010010010010000
1110000101001110000101001110000100100100100100100100100100100100100111
0100111000010100111000010100111001001001001001001001001001001001001010
1001010011100001010011100001010010010010010010010010010010010010010000
0010000101001110000101001110000100100100100100100100100100100100100111
1100111000010100111000010100111001001001001001001001001001001001001010
0001010011100001010011100001010010010010010010010010010010010010010000
1110000101001110000101001110000100100100100100100100100100100100100111
0100111000010100111000010100111001001001001001001001001001001001001010
1001010011100001010011100001010010010010010010010010010010010010010000
0010000101001110000101001110000100100100100100100100100100100100100111
1100111000010100111000010100111001001001001001001001001001001001001010
0001010011100001010011100001010010010010010010010010010010010010010000
1110000101001110000101001110000100100100100100100100100100100100100111
0100111000010100111000010100111001001001001001001001001001001001001010
1001010011100001010011100001010010010010010010010010010010010010010000
0010000101001110000101001110000100100100100100100100100100100100100111
1100111000010100111000010100111001001001001001001001001001001001001010
0001010011100001010011100001010010010010010010010010010010010010010000
1110000101001110000101001110000100100100100100100100100100100100100111
0100111000010100111000010100111001001001001001001001001001001001001010
1001010011100001010011100001010010010010010010010010010010010010010000
0010000101001110000101001110000100100100100100100100100100100100100111
1100111000010100111000010100111001001001001001001001001001001001001010
0001010011100001010011100001010010010010010010010010010010010010010000
1110000101001110000101001110000100100100100100100100100100100100100111
0100111000010100111000010100111001001001001001001001001001001001001010
1001010011100001010011100001010010010010010010010010010010010010010000
0010000101001110000101001110000100100100100100100100100100100100100111
1100111000010100111000010100111001001001001001001001001001001001001010
0001010011100001010011100001010010010010010010010010010010010010010000
1110000101001110000101001110000100100100100100100100100100100100100111
0100111000010100111000010100111001001001001001001001001001001001001010
1001010011100001010011100001010010010010010010010010010010010010010000
0010000101001110000101001110000100100100100100100100100100100100100111
1100111000010100111000010100111001001001001001001001001001001001001010
0001010011100001010011100001010010010010010010010010010010010010010000
1110000101001110000101001110000100100100100100100100100100100100100111
0100111000010100111000010100111001001001001001001001001001001001001010
