1111111111111111111111111111111111111111111111111111111111111111111111
0111111111111111111111111111111111111111111111111111111111111111111110
0011111111111111111111111111111111111111111111111111111111111111111100
1001111111111111111111111111111111111111111111111111111111111111111011
0100111111111111111111111111111111111111111111111111111111111111110000
0010011111111111111111111111111111111111111111111111111111111111101111
1001001111111111111111111111111111111111111111111111111111111111000110
0100100111111111111111111111111111111111111111111111111111111110110000
0010010011111111111111111111111111111111111111111111111111111100001111
1001001001111111111111111111111111111111111111111111111111111011100110
0100100100111111111111111111111111111111111111111111111111110001010000
0010010010011111111111111111111111111111111111111111111111101100001111
1001001001001111111111111111111111111111111111111111111111000011100110
0100100100100111111111111111111111111111111111111111111110111001010000
0010010010010011111111111111111111111111111111111111111100010100001111
1001001001001001111111111111111111111111111111111111111011000011100110
0100100100100100111111111111111111111111111111111111110000111001010000
0010010010010010011111111111111111111111111111111111101110010100001111
1001001001001001001111111111111111111111111111111111000101000011100110
0100100100100100100111111111111111111111111111111110110000111001010000
0010010010010010010011111111111111111111111111111100001110010100001111
1001001001001001001001111111111111111111111111111011100101000011100110
0100100100100100100100111111111111111111111111110001010000111001010000
0010010010010010010010011111111111111111111111101100001110010100001111
1001001001001001001001001111111111111111111111000011100101000011100110
0100100100100100100100100111111111111111111110111001010000111001010000
0010010010010010010010010011111111111111111100010100001110010100001111
1001001001001001001001001001111111111111111011000011100101000011100110
0100100100100100100100100100111111111111110000111001010000111001010000
0010010010010010010010010010011111111111101110010100001110010100001111
1001001001001001001001001001001111111111000101000011100101000011100110
0100100100100100100100100100100111111110110000111001010000111001010000
0010010010010010010010010010010011111100001110010100001110010100001111
1001001001001001001001001001001001111011100101000011100101000011100110
0100100100100100100100100100100100110001010000111001010000111001010000
0010010010010010010010010010010010001100001110010100001110010100001111
1001001001001001001001001001001001100011100101000011100101000011100110
0100100100100100100100100100100100011001010000111001010000111001010000
0010010010010010010010010010010011000100001110010100001110010100001111
1001001001001001001001001001001000110011100101000011100101000011100110
0100100100100100100100100100100110001001010000111001010000111001010000
0010010010010010010010010010010001100100001110010100001110010100001111
1001001001001001001001001001001100010011100101000011100101000011100110
0100100100100100100100100100100011001001010000111001010000111001010000
0010010010010010010010010010011000100100001110010100001110010100001111
1001001001001001001001001001000110010011100101000011100101000011100110
0100100100100100100100100100110001001001010000111001010000111001010000
0010010010010010010010010010001100100100001110010100001110010100001111
1001001001001001001001001001100010010011100101000011100101000011100110
0100100100100100100100100100011001001001010000111001010000111001010000
0010010010010010010010010011000100100100001110010100001110010100001111
1001001001001001001001001000110010010011100101000011100101000011100110
0100100100100100100100100110001001001001010000111001010000111001010000
0010010010010010010010010001100100100100001110010100001110010100001111
1001001001001001001001001100010010010011100101000011100101000011100110
0100100100100100100100100011001001001001010000111001010000111001010000
0010010010010010010010011000100100100100001110010100001110010100001111
1001001001001001001001000110010010010011100101000011100101000011100110
0100100100100100100100110001001001001001010000111001010000111001010000
0010010010010010010010001100100100100100001110010100001110010100001111
1001001001001001001001100010010010010011100101000011100101000011100110
0100100100100100100100011001001001001001010000111001010000111001010000
0010010010010010010011000100100100100100001110010100001110010100001111
1001001001001001001000110010010010010011100101000011100101000011100110
0100100100100100100110001001001001001001010000111001010000111001010000
0010010010010010010001100100100100100100001110010100001110010100001111
1001001001001001001100010010010010010011100101000011100101000011100110
0100100100100100100011001001001001001001010000111001010000111001010000
0010010010010010011000100100100100100100001110010100001110010100001111
1001001001001001000110010010010010010011100101000011100101000011100110
0100100100100100110001001001001001001001010000111001010000111001010000
0010010010010010001100100100100100100100001110010100001110010100001111
1001001001001001100010010010010010010011100101000011100101000011100110
0100100100100100011001001001001001001001010000111001010000111001010000
0010010010010011000100100100100100100100001110010100001110010100001111
1001001001001000110010010010010010010011100101000011100101000011100110
0100100100100110001001001001001001001001010000111001010000111001010000
0010010010010001100100100100100100100100001110010100001110010100001111
1001001001001100010010010010010010010011100101000011100101000011100110
0100100100100011001001001001001001001001010000111001010000111001010000
0010010010011000100100100100100100100100001110010100001110010100001111
1001001001000110010010010010010010010011100101000011100101000011100110
0100100100110001001001001001001001001001010000111001010000111001010000
0010010010001100100100100100100100100100001110010100001110010100001111
1001001001100010010010010010010010010011100101000011100101000011100110
0100100100011001001001001001001001001001010000111001010000111001010000
0010010011000100100100100100100100100100001110010100001110010100001111
1001001000110010010010010010010010010011100101000011100101000011100110
0100100110001001001001001001001001001001010000111001010000111001010000
0010010001100100100100100100100100100100001110010100001110010100001111
1001001100010010010010010010010010010011100101000011100101000011100110
0100100011001001001001001001001001001001010000111001010000111001010000
0010011000100100100100100100100100100100001110010100001110010100001111
1001000110010010010010010010010010010011100101000011100101000011100110
0100110001001001001001001001001001001001010000111001010000111001010000
0010001100100100100100100100100100100100001110010100001110010100001111
1001100010010010010010010010010010010011100101000011100101000011100110
0100011001001001001001001001001001001001010000111001010000111001010000
0011000100100100100100100100100100100100001110010100001110010100001111
1000110010010010010010010010010010010011100101000011100101000011100110
0110001001001001001001001001001001001001010000111001010000111001010000
0001100100100100100100100100100100100100001110010100001110010100001111
1100010010010010010010010010010010010011100101000011100101000011100110
0011001001001001001001001001001001001001010000111001010000111001010000
1000100100100100100100100100100100100100001110010100001110010100001111
0110010010010010010010010010010010010011100101000011100101000011100110
0001001001001001001001001001001001001001010000111001010000111001010000
1100100100100100100100100100100100100100001110010100001110010100001111
0010010010010010010010010010010010010011100101000011100101000011100110
1001001001001001001001001001001001001001010000111001010000111001010000
0100100100100100100100100100100100100100001110010100001110010100001111
0010010010010010010010010010010010010011100101000011100101000011100110
1001001001001001001001001001001001001001010000111001010000111001010000
0100100100100100100100100100100100100100001110010100001110010100001111
0010010010010010010010010010010010010011100101000011100101000011100110
1001001001001001001001001001001001001001010000111001010000111001010000
0100100100100100100100100100100100100100001110010100001110010100001111
0010010010010010010010010010010010010011100101000011100101000011100110
1001001001001001001001001001001001001001010000111001010000111001010000
0100100100100100100100100100100100100100001110010100001110010100001111
0010010010010010010010010010010010010011100101000011100101000011100110
1001001001001001001001001001001001001001010000111001010000111001010000
0100100100100100100100100100100100100100001110010100001110010100001111
0010010010010010010010010010010010010011100101000011100101000011100110
1001001001001001001001001001001001001001010000111001010000111001010000
0100100100100100100100100100100100100100001110010100001110010100001111
0010010010010010010010010010010010010011100101000011100101000011100110
1001001001001001001001001001001001001001010000111001010000111001010000
0100100100100100100100100100100100100100001110010100001110010100001111
0010010010010010010010010010010010010011100101000011100101000011100110
1001001001001001001001001001001001001001010000111001010000111001010000
0100100100100100100100100100100100100100001110010100001110010100001111
0010010010010010010010010010010010010011100101000011100101000011100110
1001001001001001001001001001001001001001010000111001010000111001010000
0100100100100100100100100100100100100100001110010100001110010100001111
0010010010010010010010010010010010010011100101000011100101000011100110
1001001001001001001001001001001001001001010000111001010000111001010000
0100100100100100100100100100100100100100001110010100001110010100001111
0010010010010010010010010010010010010011100101000011100101000011100110
1001001001001001001001001001001001001001010000111001010000111001010000
0100100100100100100100100100100100100100001110010100001110010100001111
0010010010010010010010010010010010010011100101000011100101000011100110
1001001001001001001001001001001001001001010000111001010000111001010000
0100100100100100100100100100100100100100001110010100001110010100001111
0010010010010010010010010010010010010011100101000011100101000011100110
1001001001001001001001001001001001001001010000111001010000111001010000
0100100100100100100100100100100100100100001110010100001110010100001111
0010010010010010010010010010010010010011100101000011100101000011100110
1001001001001001001001001001001001001001010000111001010000111001010000
0100100100100100100100100100100100100100001110010100001110010100001111
0010010010010010010010010010010010010011100101000011100101000011100110
1001001001001001001001001001001001001001010000111001010000111001010000
0100100100100100100100100100100100100100001110010100001110010100001111
0010010010010010010010010010010010010011100101000011100101000011100110
1001001001001001001001001001001001001001010000111001010000111001010000
0100100100100100100100100100100100100100001110010100001110010100001111
0010010010010010010010010010010010010011100101000011100101000011100110
1001001001001001001001001001001001001001010000111001010000111001010000
0100100100100100100100100100100100100100001110010100001110010100001111
0010010010010010010010010010010010010011100101000011100101000011100110
1001001001001001001001001001001001001001010000111001010000111001010000
0100100100100100100100100100100100100100001110010100001110010100001111
0010010010010010010010010010010010010011100101000011100101000011100110
1001001001001001001001001001001001001001010000111001010000111001010000
0100100100100100100100100100100100100100001110010100001110010100001111
0010010010010010010010010010010010010011100101000011100101000011100110
1001001001001001001001001001001001001001010000111001010000111001010000
0100100100100100100100100100100100100100001110010100001110010100001111
0010010010010010010010010010010010010011100101000011100101000011100110
1001001001001001001001001001001001001001010000111001010000111001010000
0100100100100100100100100100100100100100001110010100001110010100001111
0010010010010010010010010010010010010011100101000011100101000011100110
1001001001001001001001001001001001001001010000111001010000111001010000
0100100100100100100100100100100100100100001110010100001110010100001111
0010010010010010010010010010010010010011100101000011100101000011100110
1001001001001001001001001001001001001001010000111001010000111001010000
0100100100100100100100100100100100100100001110010100001110010100001111
0010010010010010010010010010010010010011100101000011100101000011100110
1001001001001001001001001001001001001001010000111001010000111001010000
0100100100100100100100100100100100100100001110010100001110010100001111
0010010010010010010010010010010010010011100101000011100101000011100110
1001001001001001001001001001001001001001010000111001010000111001010000
0100100100100100100100100100100100100100001110010100001110010100001111
0010010010010010010010010010010010010011100101000011100101000011100110
1001001001001001001001001001001001001001010000111001010000111001010000
0100100100100100100100100100100100100100001110010100001110010100001111
0010010010010010010010010010010010010011100101000011100101000011100110
1001001001001001001001001001001001001001010000111001010000111001010000
0100100100100100100100100100100100100100001110010100001110010100001111
0010010010010010010010010010010010010011100101000011100101000011100110
1001001001001001001001001001001001001001010000111001010000111001010000
0100100100100100100100100100100100100100001110010100001110010100001111
0010010010010010010010010010010010010011100101000011100101000011100110
1001001001001001001001001001001001001001010000111001010000111001010000
0100100100100100100100100100100100100100001110010100001110010100001111
0010010010010010010010010010010010010011100101000011100101000011100110
1001001001001001001001001001001001001001010000111001010000111001010000
0100100100100100100100100100100100100100001110010100001110010100001111
0010010010010010010010010010010010010011100101000011100101000011100110
1001001001001001001001001001001001001001010000111001010000111001010000
0100100100100100100100100100100100100100001110010100001110010100001111
0010010010010010010010010010010010010011100101000011100101000011100110
1001001001001001001001001001001001001001010000111001010000111001010000
0100100100100100100100100100100100100100001110010100001110010100001111
0010010010010010010010010010010010010011100101000011100101000011100110
1001001001001001001001001001001001001001010000111001010000111001010000
0100100100100100100100100100100100100100001110010100001110010100001111
0010010010010010010010010010010010010011100101000011100101000011100110
1001001001001001001001001001001001001001010000111001010000111001010000
0100100100100100100100100100100100100100001110010100001110010100001111
