1110001111111111101111111011101110111000011100000111011100000111111100
0101110111111111000111110001000100010111101011111010001011111011111011
1000100011111110111011101110111011100011000001110001110001110001110000
0111011101111100010001000100010001011100111110101110101110101110101111
1010001000111011101110111011101110001011011100000100000100000100000110
0001110111010001000100010001000101110000001011111011111011111011111000
1110100010001110111011101110111000101111110001110001110001110001110111
0100011101110100010001000100010111000111101110101110101110101110100010
1011101000100011101110111011100010111011000100000100000100000100011100
0001000111011101000100010001011100010000111011111011111011111011101011
1110111010001000111011101110001011101111010001110001110001110001000000
0100010001110111010001000101110001000110001110101110101110101110111111
1011101110100010001110111000101110111001110100000100000100000100011110
0001000100011101110100010111000100010110100011111011111011111011101100
1110111011101000100011100010111011100000011101110001110001110001000011
0100010001000111011101011100010001011111101000101110101110101110111100
1011101110111010001000001011101110001111000111000100000100000100011011
0001000100010001110111110001000101110110111010111011111011111011100000
1110111011101110100011101110111000100000010000010001110001110001011111
0100010001000100011101000100010111011111101111101110101110101110001110
1011101110111011101000111011100010001111000111000100000100000101110100
0001000100010001000111010001011101110110111010111011111011111000100011
1110111011101110111010001110001000100000010000010001110001110111011100
0100010001000100010001110101110111011111101111101110101110100010001011
1011101110111011101110100000100010001111000111000100000100011101110000
0001000100010001000100011111011101110110111010111011111011101000101111
1110111011101110111011101110001000100000010000010001110001000111000110
0100010001000100010001000101110111011111101111101110101110111010111000
1011101110111011101110111000100010001111000111000100000100010000010111
0001000100010001000100010111011101110110111010111011111011101111100010
1110111011101110111011100010001000100000010000010001110001000111011100
0100010001000100010001011101110111011111101111101110101110111010001011
1011101110111011101110001000100010001111000111000100000100010001110000
0001000100010001000101110111011101110110111010111011111011101110101111
1110111011101110111000100010001000100000010000010001110001000100000110
0100010001000100010111011101110111011111101111101110101110111011111000
1011101110111011100010001000100010001111000111000100000100010001110111
0001000100010001011101110111011101110110111010111011111011101110100010
1110111011101110001000100010001000100000010000010001110001000100011100
0100010001000101110111011101110111011111101111101110101110111011101011
1011101110111000100010001000100010001111000111000100000100010001000000
0001000100010111011101110111011101110110111010111011111011101110111111
1110111011100010001000100010001000100000010000010001110001000100011110
0100010001011101110111011101110111011111101111101110101110111011101100
1011101110001000100010001000100010001111000111000100000100010001000011
0001000101110111011101110111011101110110111010111011111011101110111100
1110111000100010001000100010001000100000010000010001110001000100011011
0100010111011101110111011101110111011111101111101110101110111011100000
1011100010001000100010001000100010001111000111000100000100010001011111
0001011101110111011101110111011101110110111010111011111011101110001110
1110001000100010001000100010001000100000010000010001110001000101110100
0101110111011101110111011101110111011111101111101110101110111000100011
1000100010001000100010001000100010001111000111000100000100010111011100
0111011101110111011101110111011101110110111010111011111011100010001011
1010001000100010001000100010001000100000010000010001110001011101110000
0001110111011101110111011101110111011111101111101110101110001000101111
1110100010001000100010001000100010001111000111000100000101110111000110
0100011101110111011101110111011101110110111010111011111000100010111000
1011101000100010001000100010001000100000010000010001110111011100010111
0001000111011101110111011101110111011111101111101110100010001011100010
1110111010001000100010001000100010001111000111000100011101110001011100
0100010001110111011101110111011101110110111010111011101000101110001011
1011101110100010001000100010001000100000010000010001000111000101110000
0001000100011101110111011101110111011111101111101110111010111000101111
1110111011101000100010001000100010001111000111000100010000010111000110
0100010001000111011101110111011101110110111010111011101111100010111000
1011101110111010001000100010001000100000010000010001000111011100010111
0001000100010001110111011101110111011111101111101110111010001011100010
1110111011101110100010001000100010001111000111000100010001110001011100
0100010001000100011101110111011101110110111010111011101110101110001011
1011101110111011101000100010001000100000010000010001000100000101110000
0001000100010001000111011101110111011111101111101110111011111000101111
1110111011101110111010001000100010001111000111000100010001110111000110
0100010001000100010001110111011101110110111010111011101110100010111000
1011101110111011101110100010001000100000010000010001000100011100010111
0001000100010001000100011101110111011111101111101110111011101011100010
1110111011101110111011101000100010001111000111000100010001000001011100
0100010001000100010001000111011101110110111010111011101110111110001011
1011101110111011101110111010001000100000010000010001000100011101110000
0001000100010001000100010001110111011111101111101110111011101000101111
1110111011101110111011101110100010001111000111000100010001000111000110
0100010001000100010001000100011101110110111010111011101110111010111000
1011101110111011101110111011101000100000010000010001000100010000010111
0001000100010001000100010001000111011111101111101110111011101111100010
1110111011101110111011101110111010001111000111000100010001000111011100
0100010001000100010001000100010001110110111010111011101110111010001011
1011101110111011101110111011101110100000010000010001000100010001110000
0001000100010001000100010001000100011111101111101110111011101110101111
1110111011101110111011101110111011101111000111000100010001000100000110
0100010001000100010001000100010001000110111010111011101110111011111000
1011101110111011101110111011101110111000010000010001000100010001110111
0001000100010001000100010001000100010111101111101110111011101110100010
1110111011101110111011101110111011100011000111000100010001000100011100
0100010001000100010001000100010001011100111010111011101110111011101011
1011101110111011101110111011101110001011010000010001000100010001000000
0001000100010001000100010001000101110000001111101110111011101110111111
1110111011101110111011101110111000101111110111000100010001000100011110
0100010001000100010001000100010111000111100010111011101110111011101100
1011101110111011101110111011100010111011011100010001000100010001000011
0001000100010001000100010001011100010000001011101110111011101110111100
1110111011101110111011101110001011101111110001000100010001000100011011
0100010001000100010001000101110001000111101110111011101110111011100000
1011101110111011101110111000101110111011000100010001000100010001011111
0001000100010001000100010111000100010000111011101110111011101110001110
1110111011101110111011100010111011101111010001000100010001000101110100
0100010001000100010001011100010001000110001110111011101110111000100011
1011101110111011101110001011101110111001110100010001000100010111011100
0001000100010001000101110001000100010110100011101110111011100010001011
1110111011101110111000101110111011100000011101000100010001011101110000
0100010001000100010111000100010001011111101000111011101110001000101111
1011101110111011100010111011101110001111000111010001000101110111000110
0001000100010001011100010001000101110110111010001110111000100010111000
1110111011101110001011101110111000100000010001110100010111011100010111
0100010001000101110001000100010111011111101110100011100010001011100010
1011101110111000101110111011100010001111000100011101011101110001011100
0001000100010111000100010001011101110110111011101000001000101110001011
1110111011100010111011101110001000100000010001000111110111000101110000
0100010001011100010001000101110111011111101110111011100010111000101111
1011101110001011101110111000100010001111000100010001011100010111000110
0001000101110001000100010111011101110110111011101110001011100010111000
1110111000101110111011100010001000100000010001000101110001011100010111
0100010111000100010001011101110111011111101110111000101110001011100010
1011100010111011101110001000100010001111000100010111000101110001011100
0001011100010001000101110111011101110110111011100010111000101110001011
1110001011101110111000100010001000100000010001011100010111000101110000
0101110001000100010111011101110111011111101110001011100010111000101111
1000101110111011100010001000100010001111000101110001011100010111000110
0111000100010001011101110111011101110110111000101110001011100010111000
1010111011101110001000100010001000100000010111000101110001011100010111
0000010001000101110111011101110111011111100010111000101110001011100010
1111101110111000100010001000100010001111011100010111000101110001011100
0111000100010111011101110111011101110110001011100010111000101110001011
1010111011100010001000100010001000100001110001011100010111000101110000
0000010001011101110111011101110111011110101110001011100010111000101111
1111101110001000100010001000100010001100000101110001011100010111000110
0111000101110111011101110111011101110011111000101110001011100010111000
1010111000100010001000100010001000101101110111000101110001011100010111
0000010111011101110111011101110111000000100010111000101110001011100010
1111100010001000100010001000100010111111011100010111000101110001011100
0111011101110111011101110111011100011110001011100010111000101110001011
1010001000100010001000100010001011101101110001011100010111000101110000
0001110111011101110111011101110001000000101110001011100010111000101111
1110100010001000100010001000101110111111000101110001011100010111000110
0100011101110111011101110111000100011110111000101110001011100010111000
1011101000100010001000100010111011101100010111000101110001011100010111
0001000111011101110111011100010001000011100010111000101110001011100010
1110111010001000100010001011101110111101011100010111000101110001011100
0100010001110111011101110001000100011000001011100010111000101110001011
1011101110100010001000101110111011100111110001011100010111000101110000
0001000100011101110111000100010001011011101110001011100010111000101111
1110111011101000100010111011101110000001000101110001011100010111000110
0100010001000111011100010001000101111110111000101110001011100010111000
1011101110111010001011101110111000111100010111000101110001011100010111
0001000100010001110001000100010111011011100010111000101110001011100010
1110111011101110101110111011100010000001011100010111000101110001011100
0100010001000100000100010001011101111110001011100010111000101110001011
1011101110111011111011101110001000111101110001011100010111000101110000
0001000100010001110001000101110111011000101110001011100010111000101111
1110111011101110101110111000100010000111000101110001011100010111000110
0100010001000100000100010111011101111010111000101110001011100010111000
1011101110111011111011100010001000110000010111000101110001011100010111
0001000100010001110001011101110111001111100010111000101110001011100010
1110111011101110101110001000100010110111011100010111000101110001011100
0100010001000100000101110111011100000010001011100010111000101110001011
1011101110111011111000100010001011111101110001011100010111000101110000
0001000100010001110111011101110001111000101110001011100010111000101111
1110111011101110100010001000101110110111000101110001011100010111000110
0100010001000100011101110111000100000010111000101110001011100010111000
1011101110111011101000100010111011111100010111000101110001011100010111
0001000100010001000111011100010001111011100010111000101110001011100010
1110111011101110111010001011101110110001011100010111000101110001011100
0100010001000100010001110001000100001110001011100010111000101110001011
1011101110111011101110101110111011110101110001011100010111000101110000
0001000100010001000100000100010001100000101110001011100010111000101111
1110111011101110111011111011101110011111000101110001011100010111000110
0100010001000100010001110001000101101110111000101110001011100010111000
1011101110111011101110101110111000000100010111000101110001011100010111
0001000100010001000100000100010111111011100010111000101110001011100010
1110111011101110111011111011100011110001011100010111000101110001011100
0100010001000100010001110001011101101110001011100010111000101110001011
1011101110111011101110101110001000000101110001011100010111000101110000
0001000100010001000100000101110111111000101110001011100010111000101111
1110111011101110111011111000100011110111000101110001011100010111000110
0100010001000100010001110111011101100010111000101110001011100010111000
1011101110111011101110100010001000011100010111000101110001011100010111
0001000100010001000100011101110111101011100010111000101110001011100010
1110111011101110111011101000100011000001011100010111000101110001011100
0100010001000100010001000111011100111110001011100010111000101110001011
1011101110111011101110111010001011011101110001011100010111000101110000
0001000100010001000100010001110000001000101110001011100010111000101111
1110111011101110111011101110101111110111000101110001011100010111000110
0100010001000100010001000100000111100010111000101110001011100010111000
1011101110111011101110111011111011011100010111000101110001011100010111
0001000100010001000100010001110000001011100010111000101110001011100010
1110111011101110111011101110101111110001011100010111000101110001011100
0100010001000100010001000100000111101110001011100010111000101110001011
1011101110111011101110111011111011000101110001011100010111000101110000
0001000100010001000100010001110000111000101110001011100010111000101111
1110111011101110111011101110101111010111000101110001011100010111000110
0100010001000100010001000100000110000010111000101110001011100010111000
1011101110111011101110111011111001111100010111000101110001011100010111
0001000100010001000100010001110110111011100010111000101110001011100010
1110111011101110111011101110100000010001011100010111000101110001011100
0100010001000100010001000100011111101110001011100010111000101110001011
1011101110111011101110111011101111000101110001011100010111000101110000
0001000100010001000100010001000110111000101110001011100010111000101111
1110111011101110111011101110111000010111000101110001011100010111000110
0100010001000100010001000100010111100010111000101110001011100010111000
1011101110111011101110111011100011011100010111000101110001011100010111
0001000100010001000100010001011100001011100010111000101110001011100010
