0110110000101110111100000010111000100000000101100110011110110000010101
1000001111100100011011111110010111111111111100011001101100001111110101
1111110111011111100001111101110011111111111011100110000011110111100101
0111100010001111011110111000101101111111110001011001111101100011011101
1011011111110110001100010111100000111111101111000110111000011100001001
1000001111100001110011110011011111011111000110111000010111101011111111
1111110111011110101101101100001110001110111000010111110011001001111110
0111100010001100100000000011110101110100010111110011101100111110111101
1011011111110011111111111101100100100111110011101101000011011100011001
1000001111101101111111111000011111111011101101000001111100001011100111
1111110111000000111111110111101111110001000001111110111011111001011010
0111100010111111011111100011000111101111111110111100010001110111000011
1011011110011110001111011100111011000111111100011011111110100010111100
1000001101101101110110001011010000111011111011100001111100111110011011
1111110000000000100001111000011111010001110001011110111011011101100000
0111101111111111111110110111101110011110101111001100010000001000011111
1011000111111111111100000011000101101100100110110011111111111111101110
1000111011111111111011111100111100000011111000001101111111111111000101
1111010001111111110001111011011011111101110111110000111111111110111101
0110011110111111101110110000000001111000100011101111011111111100011001
1001101100011111000100001111111110110111111101000110001111111011100111
1110000011101110111111110111111100000011111001111001110111110001011010
0101111101000100011111100011111011111101110110110110100011101111000011
1100111001111111101111011101110001111000100000000000111101000110111100
0011010110111111000110001000101110110111111111111111011001111000011011
1100010000011110111001111111100100000011111111111110000110110111100000
0011111111101100010110111111011111111101111111111101111000000011011111
1101111111000011110000011110001111111000111111111000110111111100001110
0000111110111101101111101101110111110111011111110111000011111011110101
1111011100011000000111000000100011100010001111100010111101110001100101
0110001011100111111010111111111101011111110111011110011000101110011101
1001111001011011110010011111111001001111100010001101100111100101101001
1110110111000001101111101111110111110111011111110000011011011100001111
0100000010111110000111000111100011100010001111101111100000001011110110
1111111110011101111010111011011101011111110111000111011111111001100001
0111111101101000110010010000001001001111100010111010001111110110011111
1011111000001111001111111111111111110111011110010011110111100001101110
1001110111110110110111111111111111100010001101111101100011011110000101
1110100011100000000011111111111111011111110000111000011100001101111101
0100111101011111111101111111111110001111101111010111101011110000111001
1111011001001111111000111111111101110111000110010011001001101111010111
0110000111110111110111011111111000100010111001111100111110000110010010
1001111011100011100010001111110111111110010110111011011101111001111111
1110110001011101011111110111100011111101110000010000001000110110111110
0100001111001001001111100011011101111000101111111111111111000000011101
1111110110111111110111011100001000110111100111111111111110111111101001
0111100000011111100010001011111111000011011011111111111100011111001111
1011011111101111011111111001111110111100000001111111111011101110110110
1000001111000110001111110110111100011011111110111111110001000100000001
1111110110111001110111100000011011100001111100011111101111111111111111
0111100000010110100011011111100001011110111011101111000111111111111110
1011011111110000111100001111011111001100010001000110111011111111111101
1000001111101111011011110110001110110011111111111000010001111111111001
1111110111000110000001100001110100001101111111110111111110111111110111
0111100010111001111110011110100111110000111111100011111100011111100010
1011011110010110111101101100111011101111011111011101111011101111011111
1000001101110000011000000011010001000110001110001000110001000110001110
1111110000101111100111111100011111111001110101111111001111111001110101
0111101111100111011011111011101111110110100100111110110111110110100101
1011000111011010000001110001000111100000111111011100000011100000111101
1000111010000011111110101111111011011111011110001011111101011111011001
1111010011111101111100100111110000001110001101111001111001001110000111
0110011101111000111011111011101111110101110000110110110111110101111010
1001101000110111010001110001000111100100101111000000000011100100110011
1110001111000010011110101111111011011111100110111111111101011111001100
0101110110111111101100100111110000001111011000011111111001001110110011
1100100000011111000011111011101111110110000111101111110111110100001100
0011111111101110111101110001000111100001111011000111100011100111110011
1101111111000100011000101111111011011110110000111011011101011011101100
0000111110111111100111100111110000001100001111010000001001000001000011
1111011100011111011011011011101111110011110110011111111111111111111100
0110001011101110000000000001000111101101100001101111111111111111111011
1001111001000101111111111111111011000000011110000111111111111111110000
1110110111111100111111111111110000111111101101111011111111111111101111
0100000011111011011111111111101111011111000000110001111111111111000110
1111111101110000001111111111000110001110111111001110111111111110111001
0111111000101111110111111110111001110100011110110100011111111100010111
1011110111100111100011111100010110100111101100000111101111111011110010
1001100011011011011101111011110000111011000011111011000111110001101111
1110011100000000001000110001101111010000111101110000111011101110000110
0101101011111111111111001110000110011111011000101111010001000101111001
1100001001111111111110110101111001101110000111100110011111111100110111
0011111110111111111100000100110110000101111011011001101111111011000010
1101111100011111111011111111000001111100110000000110000111110000111111
0000111011101111110001111110111110111011001111111001111011101111011110
1111010001000111101110111100011100010000110111110110110001000110001101
0110011111111011000100011011101011111111000011100000001111111001110001
1001101111110000111111100001001001111110111101011111110111110110101111
1110000111101111011111011111111110111100011001001111100011100000100110
0101111011000110001110001111111100011011100111110111011101011111111001
1100110000111001110101110111111011100001011011100010001001001111110111
0011001111010110100100100011110001011111000001011111111111110111100010
1100110110010000111111111101101111001110111111001111111111100011011111
0011000001111111011111111000000110110100011110110111111111011100001110
1100111110111110001111110111111000000111101100000011111110001011110101
0011011100011101110111100011110111111011000011111101111101111001100101
1100001011101000100011011101100011110000111101111000111000110110011101
0011111001001111111100001000011101101111011000110111010111000001101001
1101110111110111111011111111101000000110000111000010010010111110001111
0000100011100011110001111111001111111001111010111111111110011101110110
1111111101011101101110111110110111110110110010011111111101101000100001
0111111001001000000100011100000011100000001111101111111000001111111111
1011110111111111111111101011111101011111110111000111110111110111111110
1001100011111111111111001001111001001111100010111011100011100011111101
1110011101111111111110111110110111110111011110010001011101011101111001
0101101000111111111100011100000011100010001101111111001001001000110111
1100001111011111111011101011111101011111110000111110111111111111000010
0011110110001111110001001001111001001111101111011100011111111110111111
1101100001110111101111111110110111110111000110001011101111111100011110
0000011110100011000111111100000011100010111001111001000111111011101101
1111101100111100111011111011111101011110010110110111111011110001000001
0111000011011011010001110001111001001101110000000011110001101111111111
1010111100000000011110101110110111110000101111111101101110000111111110
1010011011111111101100100100000011101111100111111000000101111011111101
1011100001111111000011111111111101000111011011110111111100110001111001
1001011110111110111101111111111001111010000001100011111011001110110111
1111001100011100011000111111110110110011111110011101110000110100000010
0110110011101011100111011111100000001101111101101000101111000111111111
1000001101001001011010001111011111110000111000001111100110111011111110
1111110001111111000011110110001111101111010111110111011000010001111101
0111101110111110111101100001110111000110010011100010000111111110111001
1011000100011100011000011110100010111001111101011111111011111100010111
1000111111101011100111101100111110010110111001001111110001111011110010
1111011111001001011011000011011101110000010111110111101110110001101111
0110001110111111000000111100001000101111110011100011000100001110000110
1001110100011110111111011011111111100111101101011100111111110101111001
1110100111101100011110000001111111011011000001001011011111100100110111
0100111011000011101101111110111110000000111111111000001111011111000010
1111010000111101000000111100011101111111011111110111110110001110111111
0110011111011001111111011011101000111110001111100011100001110100011110
1001101110000110111110000001001111011101110111011101011110100111101101
1110000101111000011101111111110110001000100010001001001100111011000001
0101111100110111101000111111100001111111111111111111110011010000111111
1100111011000011001111011111011110111111111111111111101100011111011110
0011010000111100110110001110001100011111111111111111000011101110001101
1100011111011011000001110101110011101111111111111110111101000101110001
0011101110000000111110100100101101000111111111111100011001111100101111
1101000101111111011100111111100001111011111111111011100110111011100110
0001111100111110001011011111011110110001111111110001011000010001011001
1110111011011101111000001110001100001110111111101111000111111111000111
0100010000001000110111110101110011110100011111000110111011111110111010
1111111111111111000011100100101101100111101110111000010001111100010011
0111111111111110111101011111100000011011000100010111111110111011111100
1011111111111100011001001111011111100000111111110011111100010001111011
1001111111111011100111110110001111011111011111101101111011111110110000
1110111111110001011011100001110110001110001111000000110001111100001111
0100011111101111000001011110100001110101110110111111001110111011110110
1111101111000110111111001100111110100100100000011110110100010001100001
0111000110111000011110110011011100111111111111101100000111111110011111
1010111000010111101100001100001011011111111111000011111011111101101110
1010010111110011000011110011111000001111111110111101110001111000000101
1011110011101100111101101101110111110111111100011000101110110111111101
1001101101000011011000000000100011100011111011100111100100000011111001
1110000001111100000111111111111101011101110001011011011111111101110111
0101111110111011111011111111111001001000101111000000001111111000100010
1100111100010001110001111111110111111111100110111111110111110111111111
0011011011111110101110111111100011111111011000011111100011100011111110
1100000001111100100100011111011101111110000111101111011101011101111101
0011111110111011111111101110001000111101111011000110001001001000111001
1101111100010001111111000101111111011000110000111001111111111111010111
0000111011111110111110111100111110000111001111010110111111111110010010
1111010001111100011100011011011101111010110110010000011111111101111111
0110011110111011101011100000001000110010000001111111101111111000111110
1001101100010001001001011111111111001111111110111111000111110111011101
1110000011111111111111001111111110110111111100011110111011100010001001
0101111101111111111110110111111100000011111011101100010001011111111111
1100111000111111111100000011111011111101110001000011111111001111111110
0011010111011111111011111101110001111000101111111101111110110111111101
1100010010001111110001111000101110110111100111111000111100000011111001
0011111111110111101110110111100100000011011011110111011011111101110111
1101111111100011000100000011011111111100000001100010000001111000100010
0000111111011100111111111100001111111011111110011111111110110111111111
1111011110001011011111111011110111110001111101101111111100000011111110
0110001101111000001111110001100011101110111000000111111011111101111101
1001110000110111110111101110011101000100010111111011110001111000111001
1110101111000011100011000101101001111111110011110001101110110111010111
0100100110111101011100111100001110111111101101101110000100000010010010
1111111000011001001011011011110100011111000000000101111111111111111111
0111110111100111111000000001100111101110111111111100111111111111111110
1011100011011011110111111110011011000100011111111011011111111111111101
1001011100000001100011111101100000111111101111110000001111111111111001
1111001011111110011101111000011111011111000111101111110111111111110111
0110111001111101101000110111101110001110111011000111100011111111100010
1000010110111000001111000011000101110100010000111011011101111111011111
1111110000010111110110111100111100100111111111010000001000111110001110
0111101111110011100000011011011011111011111110011111111111011101110101
1011000111101101011111100000000001110001111101101111111110001000100101
1000111011000001001111011111111110101110111000000111111101111111111101
1111010000111111110110001111111100100100010111111011111000111111111001
0110011111011111100001110111111011111111110011110001110111011111110111
1001101110001111011110100011110001111111101101101110100010001111100010
1110000101110110001100111101101110111111000000000100111111110111011111
0101111100100001110011011000000100011110111111111111011111100010001110
1100111011111110101100000111111111101100011111111110001111011111110101
0011010001111100100011111011111111000011101111111101110110001111100101
1100011110111011111101110001111110111101000111111000100001110111011101
0011101100010001111000101110111100011001111011110111111110100010001001
1101000011111110110111100100011011100110110001100011111100111111111111
0001111101111100000011011111100001011000001110011101111011011111111110
1110111000111011111100001111011111000111110101101000110000001111111101
0100010111010001111011110110001110111011100100001111001111110111111001
1111110010011110110001100001110100010001011111110110110111100011110111
0111101111101100001110011110100111111111001111100000000011011101100010
1011000111000011110101101100111011111110110111011111111100001000011111
1000111010111101100100000011010001111100000010001111111011111111101110
1111010010011000011111111100011110111011111111110111110001111111000101
0110011111100111101111111011101100010001111111100011101110111110111101
1001101111011011000111110001000011111110111111011101000100011100011001
1110000110000000111011101111111101111100011110001001111111101011100111
0101111001111111010001000111111000111011101101111110111111001001011010
