1010010010010010010010010010010010010010010010010010010010010010010111
1110010010010010010010010010010010010010010010010010010010010010011010
0100010010010010010010010010010010010010010010010010010010010010000111
0101010010010010010010010010010010010010010010010010010010010010110010
0111110010010010010010010010010010010010010010010010010010010011000011
0011100010010010010010010010010010010010010010010010010010010000011000
1001001010010010010010010010010010010010010010010010010010010111000011
1001001110010010010010010010010010010010010010010010010010011010011000
1001000100010010010010010010010010010010010010010010010010000110000011
1001010101010010010010010010010010010010010010010010010010110000111000
1001111111110010010010010010010010010010010010010010010011000110010011
1000111111100010010010010010010010010010010010010010010000010000010000
1010011111001010010010010010010010010010010010010010010111010111010111
1110001110001110010010010010010010010010010010010010011010111010111010
0100100100100100010010010010010010010010010010010010000111010111010111
0100100100100101010010010010010010010010010010010010110010111010111010
0100100100100111110010010010010010010010010010010011000011010111010111
0100100100100011100010010010010010010010010010010000011000111010111010
0100100100101001001010010010010010010010010010010111000010010111010111
0100100100111001001110010010010010010010010010011010011010011010111010
0100100100010001000100010010010010010010010010000110000110000111010111
0100100101010101010101010010010010010010010010110000110000110010111010
0100100111111111111111110010010010010010010011000110000110000011010111
0100100011111111111111100010010010010010010000010000110000111000111010
0100101001111111111111001010010010010010010111010110000110010010010111
0100111000111111111110001110010010010010011010111000110000010010011010
0100010010011111111100100100010010010010000111010010000111010010000111
0101010010001111111000100101010010010010110010110010110010110010110010
0111110010100111110010100111110010010011000011000011000011000011000011
0011100011100011100011100011100010010000011000011000011000011000011000
1001001001001001001001001001001010010111000011000011000011000011000011
1001001001001001001001001001001110011010011000011000011000011000011000
1001001001001001001001001001000100000110000011000011000011000011000011
1001001001001001001001001001010101110000111000011000011000011000011000
1001001001001001001001001001111110100110010011000011000011000011000011
1001001001001001001001001000111101100000010000011000011000011000011000
1001001001001001001001001010011010001111010111000011000011000011000011
1001001001001001001001001110000110100110111010011000011000011000011000
1001001001001001001001000100110001100001010110000011000011000011000011
1001001001001001001001010100000100001101111000111000011000011000011000
1001001001001001001001111101110101100010110010010011000011000011000011
1001001001001001001000111010101110001011000010010000011000011000011000
1001001001001001001010010111110100101100011010010111000011000011000011
1001001001001001001110011011101100110001000110011010011000011000011000
1001001001001001000100000101010000000101010000000110000011000011000011
1001001001001001010101110111110111110111110111110000111000011000011000
1001001001001001111110101011101011101011101011100110010011000011000011
1001001001001000111101111101011101011101011101000000010000011000011000
1001001001001010011010111011101011101011101011011111010111000011000011
1001001001001110000111010101011101011101011100101110111010011000011000
1001001001000100110010111111101011101011101000110101010110000011000011
1001001001010100000011011111011101011101011010001111111000111000011000
1001001001111101111000101110101011101011100110100111110010010011000011
1001001000111010110010110101111101011101000001100011100010010000011000
1001001010010111000011001110111011101011011100001001001010010111000011
1001001110011010011000000101010101011100101001101001001110011010011000
1001000100000110000011110111111111101000111000011001000100000110000011
1001010101110000111001101011111111011010010011000001010101110000111000
1001111110100110010000011101111110100110010000011101111110100110010011
1000111101100000010111001010111101100000010111001010111101100000010000
1010011010001111011010001111011010001111011010001111011010001111010111
1110000110100110100110100110100110100110100110100110100110100110111010
0100110001100001100001100001100001100001100001100001100001100001010111
0100000100001100001100001100001100001100001100001100001100001101111010
0101110101100001100001100001100001100001100001100001100001100010110111
0110101110001100001100001100001100001100001100001100001100001011001010
0001110100100001100001100001100001100001100001100001100001101100001111
1100101100101100001100001100001100001100001100001100001100010001100110
0000110000110001100001100001100001100001100001100001100001010100000001
1110000110000100001100001100001100001100001100001100001101111101111100
0100110000110101100001100001100001100001100001100001100010111010111001
0100000110001110001100001100001100001100001100001100001011010111010000
0101110000100100100001100001100001100001100001100001101100111010110111
0110100110100100101100001100001100001100001100001100010000010111001010
0001100001100100110001100001100001100001100001100001010111011010001111
1100001100000100000100001100001100001100001100001101111010100110100110
0001100001110101110101100001100001100001100001100010110111100001100001
1100001100101110101110001100001100001100001100001011001011001100001100
0001100000110101110100100001100001100001100001101100001100000001100001
1100001110001110101100101100001100001100001100010001100001111100001100
0001100100100101110000110001100001100001100001010100001100111001100001
1100000100100110100110000100001100001100001101111101100000010000001100
0001110100100001100000110101100001100001100010111010001111010111100001
1100101100101100001110001110001100001100001011010110100110111011001100
0000110000110001100100100100100001100001101100111001100001010100000001
1110000110000100000100100100101100001100010000010000001101111101111100
0100110000110101110100100100110001100001010111010111100010111010111001
0100000110001110101100100100000100001101111010111011001011010111010000
0101110000100101110000100101110101100010110111010100001100111010110111
0110100110100110100110100110101110001011001010111101100000010111001010
0001100001100001100001100001110100101100001111011010001111011010001111
1100001100001100001100001100101100110001100110100110100110100110100110
0001100001100001100001100000110000000100000001100001100001100001100001
1100001100001100001100001110000111110101111100001100001100001100001100
0001100001100001100001100100110011101110111001100001100001100001100001
1100001100001100001100000100000001010101010000001100001100001100001100
0001100001100001100001110101111101111111110111100001100001100001100001
1100001100001100001100101110111010111111101011001100001100001100001100
0001100001100001100000110101010111011111011100000001100001100001100001
1100001100001100001110001111111010101110101001111100001100001100001100
0001100001100001100100100111110111110101111000111001100001100001100001
1100001100001100000100100011101011101110110010010000001100001100001100
0001100001100001110100101001011101010101000010010111100001100001100001
1100001100001100101100111001101011111111011010011011001100001100001100
0001100001100000110000010000011101111110100110000100000001100001100001
1100001100001110000111010111001010111101100000110101111100001100001100
0001100001100100110010111010001111011010001110001110111001100001100001
1100001100000100000011010110100110100110100100100101010000001100001100
0001100001110101111000111001100001100001100100100111110111100001100001
1100001100101110110010010000001100001100000100100011101011001100001100
0001100000110101000010010111100001100001110100101001011100000001100001
1100001110001111011010011011001100001100101100111001101001111100001100
0001100100100110100110000100000001100000110000010000011000111001100001
1100000100100001100000110101111100001110000111010111000010010000001100
0001110100101100001110001110111001100100110010111010011010010111100001
1100101100110001100100100101010000000100000011010110000110011011001100
0000110000000100000100100111110111110101111000111000110000000100000001
1110000111110101110100100011101011101110110010010010000111110101111100
0100110011101110101100101001011101010101000010010010110011101110111001
0100000001010101110000111001101011111111011010010011000001010101010000
0101111101111110100110010000011101111110100110010000011101111111110111
0110111010111101100000010111001010111101100000010111001010111111101010
0001010111011010001111011010001111011010001111011010001111011111011111
1101111010100110100110100110100110100110100110100110100110101110101110
0010110111100001100001100001100001100001100001100001100001110101110101
1011001011001100001100001100001100001100001100001100001100101110101110
1100001100000001100001100001100001100001100001100001100000110101110101
0001100001111100001100001100001100001100001100001100001110001110101110
1100001100111001100001100001100001100001100001100001100100100101110101
0001100000010000001100001100001100001100001100001100000100100110101110
1100001111010111100001100001100001100001100001100001110100100001110101
0001100110111011001100001100001100001100001100001100101100101100101110
1100000001010100000001100001100001100001100001100000110000110000110101
0001111101111101111100001100001100001100001100001110000110000110001110
1100111010111010111001100001100001100001100001100100110000110000100101
0000010111010111010000001100001100001100001100000100000110000110100110
1111011010111010110111100001100001100001100001110101110000110001100001
0110100111010111001011001100001100001100001100101110100110000100001100
0001100010111010001100000001100001100001100000110101100000110101100001
1100001011010110100001111100001100001100001110001110001110001110001100
0001101100111001101100111001100001100001100100100100100100100100100001
1100010000010000010000010000001100001100000100100100100100100100101100
0001010111010111010111010111100001100001110100100100100100100100110001
1101111010111010111010111011001100001100101100100100100100100100000100
0010110111010111010111010100000001100000110000100100100100100101110101
1011001010111010111010111101111100001110000110100100100100100110101110
1100001111010111010111011010111001100100110001100100100100100001110101
0001100110111010111010100111010000000100000100000100100100101100101110
1100000001010111010111100010110111110101110101110100100100110000110101
0001111101111010111011001011001011101110101110101100100100000110001110
1100111010110111010100001100001101010101110101110000100101110000100101
0000010111001010111101100001100011111110101110100110100110100110100110
1111011010001111011010001100001001111101110101100001100001100001100001
0110100110100110100110100001101000111010101110001100001100001100001100
0001100001100001100001101100011010010111110100100001100001100001100001
1100001100001100001100010001000110011011101100101100001100001100001100
0001100001100001100001010101010000000101010000110001100001100001100001
1100001100001100001101111111110111110111110110000100001100001100001100
0001100001100001100010111111101011101011101000110101100001100001100001
1100001100001100001011011111011101011101011010001110001100001100001100
0001100001100001101100101110101011101011100110100100100001100001100001
1100001100001100010000110101111101011101000001100100101100001100001100
0001100001100001010110001110111011101011011100000100110001100001100001
1100001100001101111000100101010101011100101001110100000100001100001100
0001100001100010110010100111111111101000111000101101110101100001100001
1100001100001011000011100011111111011010010010110010101110001100001100
0001100001101100011001001001111110100110010011000011110100100001100001
1100001100010001000001001000111101100000010000011001101100101100001100
0001100001010101011101001010011010001111010111000000010000110001100001
1100001101111111101011001110000110100110111010011111010110000100001100
0001100010111111011100000100110001100001010110001110111000110101100001
1100001011011110101001110100000100001101111000100101010010001110001100
0001101100101101111000101101110101100010110010100111110010100100100001
1100010000110010110010110010101110001011000011100011100011100100101100
0001010110000011000011000011110100101100011001001001001001000100110001
1101111000111000011000011001101100110001000001001001001001010100000100
0010110010010011000011000000010000000101011101001001001001111101110101
1011000010010000011000011111010111110111101011001001001000111010101110
1100011010010111000011001110111011101011011100001001001010010111110101
0001000110011010011000000101010101011100101001101001001110011011101110
1101010000000110000011110111111111101000111000011001000100000101010101
0011110111110000111001101011111111011010010011000001010101110111111110
1001101011100110010000011101111110100110010000011101111110101011111101
1000011101000000010111001010111101100000010111001010111101111101111010
1011001011011111011010001111011010001111011010001111011010111010110111
1100001100101110100110100110100110100110100110100110100111010111001010
0001100000110101100001100001100001100001100001100001100010111010001111
1100001110001110001100001100001100001100001100001100001011010110100110
0001100100100100100001100001100001100001100001100001101100111001100001
1100000100100100101100001100001100001100001100001100010000010000001100
0001110100100100110001100001100001100001100001100001010111010111100001
1100101100100100000100001100001100001100001100001101111010111011001100
0000110000100101110101100001100001100001100001100010110111010100000001
1110000110100110101110001100001100001100001100001011001010111101111100
0100110001100001110100100001100001100001100001101100001111011010111001
0100000100001100101100101100001100001100001100010001100110100111010000
0101110101100000110000110001100001100001100001010100000001100010110111
0110101110001110000110000100001100001100001101111101111100001011001010
0001110100100100110000110101100001100001100010111010111001101100001111
1100101100100100000110001110001100001100001011010111010000010001100110
0000110000100101110000100100100001100001101100111010110111010100000001
1110000110100110100110100100101100001100010000010111001010111101111100
0100110001100001100001100100110001100001010111011010001111011010111001
0100000100001100001100000100000100001101111010100110100110100111010000
0101110101100001100001110101110101100010110111100001100001100010110111
0110101110001100001100101110101110001011001011001100001100001011001010
0001110100100001100000110101110100101100001100000001100001101100001111
1100101100101100001110001110101100110001100001111100001100010001100110
0000110000110001100100100101110000000100001100111001100001010100000001
1110000110000100000100100110100111110101100000010000001101111101111100
