1111111111111111111111111111111111111111111111111111111111111111111111
0111111111111111111111111111111111111111111111111111111111111111111110
0011111111111111111111111111111111111111111111111111111111111111111100
1001111111111111111111111111111111111111111111111111111111111111111011
0100111111111111111111111111111111111111111111111111111111111111110100
0010011111111111111111111111111111111111111111111111111111111111101011
1001001111111111111111111111111111111111111111111111111111111111010100
0100100111111111111111111111111111111111111111111111111111111110101011
0010010011111111111111111111111111111111111111111111111111111101010100
1001001001111111111111111111111111111111111111111111111111111010101011
0100100100111111111111111111111111111111111111111111111111110101010100
0010010010011111111111111111111111111111111111111111111111101010101011
1001001001001111111111111111111111111111111111111111111111010101010100
0100100100100111111111111111111111111111111111111111111110101010101011
0010010010010011111111111111111111111111111111111111111101010101010100
1001001001001001111111111111111111111111111111111111111010101010101011
0100100100100100111111111111111111111111111111111111110101010101010100
0010010010010010011111111111111111111111111111111111101010101010101011
1001001001001001001111111111111111111111111111111111010101010101010100
0100100100100100100111111111111111111111111111111110101010101010101011
0010010010010010010011111111111111111111111111111101010101010101010100
1001001001001001001001111111111111111111111111111010101010101010101011
0100100100100100100100111111111111111111111111110101010101010101010100
0010010010010010010010011111111111111111111111101010101010101010101011
1001001001001001001001001111111111111111111111010101010101010101010100
0100100100100100100100100111111111111111111110101010101010101010101011
0010010010010010010010010011111111111111111101010101010101010101010100
1001001001001001001001001001111111111111111010101010101010101010101011
0100100100100100100100100100111111111111110101010101010101010101010100
0010010010010010010010010010011111111111101010101010101010101010101011
1001001001001001001001001001001111111111010101010101010101010101010100
0100100100100100100100100100100111111110101010101010101010101010101011
0010010010010010010010010010010011111101010101010101010101010101010100
1001001001001001001001001001001001111010101010101010101010101010101011
0100100100100100100100100100100100110101010101010101010101010101010100
0010010010010010010010010010010010001010101010101010101010101010101011
1001001001001001001001001001001001100101010101010101010101010101010100
0100100100100100100100100100100100010010101010101010101010101010101011
0010010010010010010010010010010011001001010101010101010101010101010100
1001001001001001001001001001001000100100101010101010101010101010101011
0100100100100100100100100100100110010010010101010101010101010101010100
0010010010010010010010010010010001001001001010101010101010101010101011
1001001001001001001001001001001100100100100101010101010101010101010100
0100100100100100100100100100100010010010010010101010101010101010101011
0010010010010010010010010010011001001001001001010101010101010101010100
1001001001001001001001001001000100100100100100101010101010101010101011
0100100100100100100100100100110010010010010010010101010101010101010100
0010010010010010010010010010001001001001001001001010101010101010101011
1001001001001001001001001001100100100100100100100101010101010101010100
0100100100100100100100100100010010010010010010010010101010101010101011
0010010010010010010010010011001001001001001001001001010101010101010100
1001001001001001001001001000100100100100100100100100101010101010101011
0100100100100100100100100110010010010010010010010010010101010101010100
0010010010010010010010010001001001001001001001001001001010101010101011
1001001001001001001001001100100100100100100100100100100101010101010100
0100100100100100100100100010010010010010010010010010010010101010101011
0010010010010010010010011001001001001001001001001001001001010101010100
1001001001001001001001000100100100100100100100100100100100101010101011
0100100100100100100100110010010010010010010010010010010010010101010100
0010010010010010010010001001001001001001001001001001001001001010101011
1001001001001001001001100100100100100100100100100100100100100101010100
0100100100100100100100010010010010010010010010010010010010010010101011
0010010010010010010011001001001001001001001001001001001001001001010100
1001001001001001001000100100100100100100100100100100100100100100101011
0100100100100100100110010010010010010010010010010010010010010010010100
0010010010010010010001001001001001001001001001001001001001001001001011
1001001001001001001100100100100100100100100100100100100100100100100100
0100100100100100100010010010010010010010010010010010010010010010010011
0010010010010010011001001001001001001001001001001001001001001001001000
1001001001001001000100100100100100100100100100100100100100100100100111
0100100100100100110010010010010010010010010010010010010010010010010010
0010010010010010001001001001001001001001001001001001001001001001001000
1001001001001001100100100100100100100100100100100100100100100100100111
0100100100100100010010010010010010010010010010010010010010010010010010
0010010010010011001001001001001001001001001001001001001001001001001000
1001001001001000100100100100100100100100100100100100100100100100100111
0100100100100110010010010010010010010010010010010010010010010010010010
0010010010010001001001001001001001001001001001001001001001001001001000
1001001001001100100100100100100100100100100100100100100100100100100111
0100100100100010010010010010010010010010010010010010010010010010010010
0010010010011001001001001001001001001001001001001001001001001001001000
1001001001000100100100100100100100100100100100100100100100100100100111
0100100100110010010010010010010010010010010010010010010010010010010010
0010010010001001001001001001001001001001001001001001001001001001001000
1001001001100100100100100100100100100100100100100100100100100100100111
0100100100010010010010010010010010010010010010010010010010010010010010
0010010011001001001001001001001001001001001001001001001001001001001000
1001001000100100100100100100100100100100100100100100100100100100100111
0100100110010010010010010010010010010010010010010010010010010010010010
0010010001001001001001001001001001001001001001001001001001001001001000
1001001100100100100100100100100100100100100100100100100100100100100111
0100100010010010010010010010010010010010010010010010010010010010010010
0010011001001001001001001001001001001001001001001001001001001001001000
1001000100100100100100100100100100100100100100100100100100100100100111
0100110010010010010010010010010010010010010010010010010010010010010010
0010001001001001001001001001001001001001001001001001001001001001001000
1001100100100100100100100100100100100100100100100100100100100100100111
0100010010010010010010010010010010010010010010010010010010010010010010
0011001001001001001001001001001001001001001001001001001001001001001000
1000100100100100100100100100100100100100100100100100100100100100100111
0110010010010010010010010010010010010010010010010010010010010010010010
0001001001001001001001001001001001001001001001001001001001001001001000
1100100100100100100100100100100100100100100100100100100100100100100111
0010010010010010010010010010010010010010010010010010010010010010010010
1001001001001001001001001001001001001001001001001001001001001001001000
0100100100100100100100100100100100100100100100100100100100100100100111
0010010010010010010010010010010010010010010010010010010010010010010010
1001001001001001001001001001001001001001001001001001001001001001001000
0100100100100100100100100100100100100100100100100100100100100100100111
0010010010010010010010010010010010010010010010010010010010010010010010
1001001001001001001001001001001001001001001001001001001001001001001000
0100100100100100100100100100100100100100100100100100100100100100100111
0010010010010010010010010010010010010010010010010010010010010010010010
1001001001001001001001001001001001001001001001001001001001001001001000
0100100100100100100100100100100100100100100100100100100100100100100111
0010010010010010010010010010010010010010010010010010010010010010010010
1001001001001001001001001001001001001001001001001001001001001001001000
0100100100100100100100100100100100100100100100100100100100100100100111
0010010010010010010010010010010010010010010010010010010010010010010010
1001001001001001001001001001001001001001001001001001001001001001001000
0100100100100100100100100100100100100100100100100100100100100100100111
0010010010010010010010010010010010010010010010010010010010010010010010
1001001001001001001001001001001001001001001001001001001001001001001000
0100100100100100100100100100100100100100100100100100100100100100100111
0010010010010010010010010010010010010010010010010010010010010010010010
1001001001001001001001001001001001001001001001001001001001001001001000
0100100100100100100100100100100100100100100100100100100100100100100111
0010010010010010010010010010010010010010010010010010010010010010010010
1001001001001001001001001001001001001001001001001001001001001001001000
0100100100100100100100100100100100100100100100100100100100100100100111
0010010010010010010010010010010010010010010010010010010010010010010010
1001001001001001001001001001001001001001001001001001001001001001001000
0100100100100100100100100100100100100100100100100100100100100100100111
0010010010010010010010010010010010010010010010010010010010010010010010
1001001001001001001001001001001001001001001001001001001001001001001000
0100100100100100100100100100100100100100100100100100100100100100100111
0010010010010010010010010010010010010010010010010010010010010010010010
1001001001001001001001001001001001001001001001001001001001001001001000
0100100100100100100100100100100100100100100100100100100100100100100111
0010010010010010010010010010010010010010010010010010010010010010010010
1001001001001001001001001001001001001001001001001001001001001001001000
0100100100100100100100100100100100100100100100100100100100100100100111
0010010010010010010010010010010010010010010010010010010010010010010010
1001001001001001001001001001001001001001001001001001001001001001001000
0100100100100100100100100100100100100100100100100100100100100100100111
0010010010010010010010010010010010010010010010010010010010010010010010
1001001001001001001001001001001001001001001001001001001001001001001000
0100100100100100100100100100100100100100100100100100100100100100100111
0010010010010010010010010010010010010010010010010010010010010010010010
1001001001001001001001001001001001001001001001001001001001001001001000
0100100100100100100100100100100100100100100100100100100100100100100111
0010010010010010010010010010010010010010010010010010010010010010010010
1001001001001001001001001001001001001001001001001001001001001001001000
0100100100100100100100100100100100100100100100100100100100100100100111
0010010010010010010010010010010010010010010010010010010010010010010010
1001001001001001001001001001001001001001001001001001001001001001001000
0100100100100100100100100100100100100100100100100100100100100100100111
0010010010010010010010010010010010010010010010010010010010010010010010
1001001001001001001001001001001001001001001001001001001001001001001000
0100100100100100100100100100100100100100100100100100100100100100100111
0010010010010010010010010010010010010010010010010010010010010010010010
1001001001001001001001001001001001001001001001001001001001001001001000
0100100100100100100100100100100100100100100100100100100100100100100111
0010010010010010010010010010010010010010010010010010010010010010010010
1001001001001001001001001001001001001001001001001001001001001001001000
0100100100100100100100100100100100100100100100100100100100100100100111
0010010010010010010010010010010010010010010010010010010010010010010010
1001001001001001001001001001001001001001001001001001001001001001001000
0100100100100100100100100100100100100100100100100100100100100100100111
0010010010010010010010010010010010010010010010010010010010010010010010
1001001001001001001001001001001001001001001001001001001001001001001000
0100100100100100100100100100100100100100100100100100100100100100100111
0010010010010010010010010010010010010010010010010010010010010010010010
1001001001001001001001001001001001001001001001001001001001001001001000
0100100100100100100100100100100100100100100100100100100100100100100111
0010010010010010010010010010010010010010010010010010010010010010010010
1001001001001001001001001001001001001001001001001001001001001001001000
0100100100100100100100100100100100100100100100100100100100100100100111
0010010010010010010010010010010010010010010010010010010010010010010010
1001001001001001001001001001001001001001001001001001001001001001001000
0100100100100100100100100100100100100100100100100100100100100100100111
0010010010010010010010010010010010010010010010010010010010010010010010
1001001001001001001001001001001001001001001001001001001001001001001000
0100100100100100100100100100100100100100100100100100100100100100100111
0010010010010010010010010010010010010010010010010010010010010010010010
1001001001001001001001001001001001001001001001001001001001001001001000
0100100100100100100100100100100100100100100100100100100100100100100111
0010010010010010010010010010010010010010010010010010010010010010010010
1001001001001001001001001001001001001001001001001001001001001001001000
0100100100100100100100100100100100100100100100100100100100100100100111
0010010010010010010010010010010010010010010010010010010010010010010010
1001001001001001001001001001001001001001001001001001001001001001001000
0100100100100100100100100100100100100100100100100100100100100100100111
0010010010010010010010010010010010010010010010010010010010010010010010
1001001001001001001001001001001001001001001001001001001001001001001000
0100100100100100100100100100100100100100100100100100100100100100100111
0010010010010010010010010010010010010010010010010010010010010010010010
1001001001001001001001001001001001001001001001001001001001001001001000
0100100100100100100100100100100100100100100100100100100100100100100111
0010010010010010010010010010010010010010010010010010010010010010010010
1001001001001001001001001001001001001001001001001001001001001001001000
0100100100100100100100100100100100100100100100100100100100100100100111
0010010010010010010010010010010010010010010010010010010010010010010010
1001001001001001001001001001001001001001001001001001001001001001001000
0100100100100100100100100100100100100100100100100100100100100100100111
0010010010010010010010010010010010010010010010010010010010010010010010
1001001001001001001001001001001001001001001001001001001001001001001000
0100100100100100100100100100100100100100100100100100100100100100100111
0010010010010010010010010010010010010010010010010010010010010010010010
1001001001001001001001001001001001001001001001001001001001001001001000
