1111111111111111111111111111111111111111111111111111111111111111111111
0111111111111111111111111111111111111111111111111111111111111111111110
0011111111111111111111111111111111111111111111111111111111111111111101
1001111111111111111111111111111111111111111111111111111111111111111010
1100111111111111111111111111111111111111111111111111111111111111110111
0010011111111111111111111111111111111111111111111111111111111111101010
1011001111111111111111111111111111111111111111111111111111111111011111
1100100111111111111111111111111111111111111111111111111111111110101110
0010110011111111111111111111111111111111111111111111111111111101110101
1011001001111111111111111111111111111111111111111111111111111010101110
1100101100111111111111111111111111111111111111111111111111110111110101
0010110010011111111111111111111111111111111111111111111111101011101110
1011001011001111111111111111111111111111111111111111111111011101010101
1100101100100111111111111111111111111111111111111111111110101011111110
0010110010110011111111111111111111111111111111111111111101111101111101
1011001011001001111111111111111111111111111111111111111010111010111010
1100101100101100111111111111111111111111111111111111110111010111010111
0010110010110010011111111111111111111111111111111111101010111010111010
1011001011001011001111111111111111111111111111111111011111010111010111
1100101100101100100111111111111111111111111111111110101110111010111010
0010110010110010110011111111111111111111111111111101110101010111010111
1011001011001011001001111111111111111111111111111010101111111010111010
1100101100101100101100111111111111111111111111110111110111110111010111
0010110010110010110010011111111111111111111111101011101011101010111010
1011001011001011001011001111111111111111111111011101011101011111010111
1100101100101100101100100111111111111111111110101011101011101110111010
0010110010110010110010110011111111111111111101111101011101010101010111
1011001011001011001011001001111111111111111010111011101011111111111010
1100101100101100101100101100111111111111110111010101011101111111110111
0010110010110010110010110010011111111111101010111111101010111111101010
1011001011001011001011001011001111111111011111011111011111011111011111
1100101100101100101100101100100111111110101110101110101110101110101110
0010110010110010110010110010110011111101110101110101110101110101110101
1011001011001011001011001011001001111010101110101110101110101110101110
1100101100101100101100101100101100110111110101110101110101110101110101
0010110010110010110010110010110010001011101110101110101110101110101110
1011001011001011001011001011001011101101010101110101110101110101110101
1100101100101100101100101100101101010011111110101110101110101110101110
0010110010110010110010110010110011111001111101110101110101110101110101
1011001011001011001011001011001001110100111010101110101110101110101110
1100101100101100101100101100101100101110010111110101110101110101110101
0010110010110010110010110010110010110101011011101110101110101110101110
1011001011001011001011001011001011001111100101010101110101110101110101
1100101100101100101100101100101100100111010111111110101110101110101110
0010110010110010110010110010110010110010111011111101110101110101110101
1011001011001011001011001011001011001011010101111010101110101110101110
1100101100101100101100101100101100101100111110110111110101110101110101
0010110010110010110010110010110010110010011101001011101110101110101110
1011001011001011001011001011001011001011001011101101010101110101110101
1100101100101100101100101100101100101100101101010011111110101110101110
0010110010110010110010110010110010110010110011111001111101110101110101
1011001011001011001011001011001011001011001001110100111010101110101110
1100101100101100101100101100101100101100101100101110010111110101110101
0010110010110010110010110010110010110010110010110101011011101110101110
1011001011001011001011001011001011001011001011001111100101010101110101
1100101100101100101100101100101100101100101100100111010111111110101110
0010110010110010110010110010110010110010110010110010111011111101110101
1011001011001011001011001011001011001011001011001011010101111010101110
1100101100101100101100101100101100101100101100101100111110110111110101
0010110010110010110010110010110010110010110010110010011101001011101110
1011001011001011001011001011001011001011001011001011001011101101010101
1100101100101100101100101100101100101100101100101100101101010011111110
0010110010110010110010110010110010110010110010110010110011111001111101
1011001011001011001011001011001011001011001011001011001001110100111010
1100101100101100101100101100101100101100101100101100101100101110010111
0010110010110010110010110010110010110010110010110010110010110101011010
1011001011001011001011001011001011001011001011001011001011001111100111
1100101100101100101100101100101100101100101100101100101100100111010010
0010110010110010110010110010110010110010110010110010110010110010111011
1011001011001011001011001011001011001011001011001011001011001011010100
1100101100101100101100101100101100101100101100101100101100101100111111
0010110010110010110010110010110010110010110010110010110010110010011110
1011001011001011001011001011001011001011001011001011001011001011001101
1100101100101100101100101100101100101100101100101100101100101100100010
0010110010110010110010110010110010110010110010110010110010110010111011
1011001011001011001011001011001011001011001011001011001011001011010100
1100101100101100101100101100101100101100101100101100101100101100111111
0010110010110010110010110010110010110010110010110010110010110010011110
1011001011001011001011001011001011001011001011001011001011001011001101
1100101100101100101100101100101100101100101100101100101100101100100010
0010110010110010110010110010110010110010110010110010110010110010111011
1011001011001011001011001011001011001011001011001011001011001011010100
1100101100101100101100101100101100101100101100101100101100101100111111
0010110010110010110010110010110010110010110010110010110010110010011110
1011001011001011001011001011001011001011001011001011001011001011001101
1100101100101100101100101100101100101100101100101100101100101100100010
0010110010110010110010110010110010110010110010110010110010110010111011
1011001011001011001011001011001011001011001011001011001011001011010100
1100101100101100101100101100101100101100101100101100101100101100111111
0010110010110010110010110010110010110010110010110010110010110010011110
1011001011001011001011001011001011001011001011001011001011001011001101
1100101100101100101100101100101100101100101100101100101100101100100010
0010110010110010110010110010110010110010110010110010110010110010111011
1011001011001011001011001011001011001011001011001011001011001011010100
1100101100101100101100101100101100101100101100101100101100101100111111
0010110010110010110010110010110010110010110010110010110010110010011110
1011001011001011001011001011001011001011001011001011001011001011001101
1100101100101100101100101100101100101100101100101100101100101100100010
0010110010110010110010110010110010110010110010110010110010110010111011
1011001011001011001011001011001011001011001011001011001011001011010100
1100101100101100101100101100101100101100101100101100101100101100111111
0010110010110010110010110010110010110010110010110010110010110010011110
1011001011001011001011001011001011001011001011001011001011001011001101
1100101100101100101100101100101100101100101100101100101100101100100010
0010110010110010110010110010110010110010110010110010110010110010111011
1011001011001011001011001011001011001011001011001011001011001011010100
1100101100101100101100101100101100101100101100101100101100101100111111
0010110010110010110010110010110010110010110010110010110010110010011110
1011001011001011001011001011001011001011001011001011001011001011001101
1100101100101100101100101100101100101100101100101100101100101100100010
0010110010110010110010110010110010110010110010110010110010110010111011
1011001011001011001011001011001011001011001011001011001011001011010100
1100101100101100101100101100101100101100101100101100101100101100111111
0010110010110010110010110010110010110010110010110010110010110010011110
1011001011001011001011001011001011001011001011001011001011001011001101
1100101100101100101100101100101100101100101100101100101100101100100010
0010110010110010110010110010110010110010110010110010110010110010111011
1011001011001011001011001011001011001011001011001011001011001011010100
1100101100101100101100101100101100101100101100101100101100101100111111
0010110010110010110010110010110010110010110010110010110010110010011110
1011001011001011001011001011001011001011001011001011001011001011001101
1100101100101100101100101100101100101100101100101100101100101100100010
0010110010110010110010110010110010110010110010110010110010110010111011
1011001011001011001011001011001011001011001011001011001011001011010100
1100101100101100101100101100101100101100101100101100101100101100111111
0010110010110010110010110010110010110010110010110010110010110010011110
1011001011001011001011001011001011001011001011001011001011001011001101
1100101100101100101100101100101100101100101100101100101100101100100010
0010110010110010110010110010110010110010110010110010110010110010111011
1011001011001011001011001011001011001011001011001011001011001011010100
1100101100101100101100101100101100101100101100101100101100101100111111
0010110010110010110010110010110010110010110010110010110010110010011110
1011001011001011001011001011001011001011001011001011001011001011001101
1100101100101100101100101100101100101100101100101100101100101100100010
0010110010110010110010110010110010110010110010110010110010110010111011
1011001011001011001011001011001011001011001011001011001011001011010100
1100101100101100101100101100101100101100101100101100101100101100111111
0010110010110010110010110010110010110010110010110010110010110010011110
1011001011001011001011001011001011001011001011001011001011001011001101
1100101100101100101100101100101100101100101100101100101100101100100010
0010110010110010110010110010110010110010110010110010110010110010111011
1011001011001011001011001011001011001011001011001011001011001011010100
1100101100101100101100101100101100101100101100101100101100101100111111
0010110010110010110010110010110010110010110010110010110010110010011110
1011001011001011001011001011001011001011001011001011001011001011001101
1100101100101100101100101100101100101100101100101100101100101100100010
0010110010110010110010110010110010110010110010110010110010110010111011
1011001011001011001011001011001011001011001011001011001011001011010100
1100101100101100101100101100101100101100101100101100101100101100111111
0010110010110010110010110010110010110010110010110010110010110010011110
1011001011001011001011001011001011001011001011001011001011001011001101
1100101100101100101100101100101100101100101100101100101100101100100010
0010110010110010110010110010110010110010110010110010110010110010111011
1011001011001011001011001011001011001011001011001011001011001011010100
1100101100101100101100101100101100101100101100101100101100101100111111
0010110010110010110010110010110010110010110010110010110010110010011110
1011001011001011001011001011001011001011001011001011001011001011001101
1100101100101100101100101100101100101100101100101100101100101100100010
0010110010110010110010110010110010110010110010110010110010110010111011
1011001011001011001011001011001011001011001011001011001011001011010100
1100101100101100101100101100101100101100101100101100101100101100111111
0010110010110010110010110010110010110010110010110010110010110010011110
1011001011001011001011001011001011001011001011001011001011001011001101
1100101100101100101100101100101100101100101100101100101100101100100010
0010110010110010110010110010110010110010110010110010110010110010111011
1011001011001011001011001011001011001011001011001011001011001011010100
1100101100101100101100101100101100101100101100101100101100101100111111
0010110010110010110010110010110010110010110010110010110010110010011110
1011001011001011001011001011001011001011001011001011001011001011001101
1100101100101100101100101100101100101100101100101100101100101100100010
0010110010110010110010110010110010110010110010110010110010110010111011
1011001011001011001011001011001011001011001011001011001011001011010100
1100101100101100101100101100101100101100101100101100101100101100111111
0010110010110010110010110010110010110010110010110010110010110010011110
1011001011001011001011001011001011001011001011001011001011001011001101
1100101100101100101100101100101100101100101100101100101100101100100010
0010110010110010110010110010110010110010110010110010110010110010111011
1011001011001011001011001011001011001011001011001011001011001011010100
1100101100101100101100101100101100101100101100101100101100101100111111
0010110010110010110010110010110010110010110010110010110010110010011110
1011001011001011001011001011001011001011001011001011001011001011001101
1100101100101100101100101100101100101100101100101100101100101100100010
0010110010110010110010110010110010110010110010110010110010110010111011
1011001011001011001011001011001011001011001011001011001011001011010100
1100101100101100101100101100101100101100101100101100101100101100111111
0010110010110010110010110010110010110010110010110010110010110010011110
1011001011001011001011001011001011001011001011001011001011001011001101
1100101100101100101100101100101100101100101100101100101100101100100010
0010110010110010110010110010110010110010110010110010110010110010111011
1011001011001011001011001011001011001011001011001011001011001011010100
1100101100101100101100101100101100101100101100101100101100101100111111
0010110010110010110010110010110010110010110010110010110010110010011110
1011001011001011001011001011001011001011001011001011001011001011001101
1100101100101100101100101100101100101100101100101100101100101100100010
0010110010110010110010110010110010110010110010110010110010110010111011
1011001011001011001011001011001011001011001011001011001011001011010100
1100101100101100101100101100101100101100101100101100101100101100111111
0010110010110010110010110010110010110010110010110010110010110010011110
1011001011001011001011001011001011001011001011001011001011001011001101
1100101100101100101100101100101100101100101100101100101100101100100010
0010110010110010110010110010110010110010110010110010110010110010111011
1011001011001011001011001011001011001011001011001011001011001011010100
1100101100101100101100101100101100101100101100101100101100101100111111
0010110010110010110010110010110010110010110010110010110010110010011110
1011001011001011001011001011001011001011001011001011001011001011001101
1100101100101100101100101100101100101100101100101100101100101100100010
0010110010110010110010110010110010110010110010110010110010110010111011
1011001011001011001011001011001011001011001011001011001011001011010100
1100101100101100101100101100101100101100101100101100101100101100111111
0010110010110010110010110010110010110010110010110010110010110010011110
