0111001111001111001111001111001111001111001111001111001111001111101101
1010110110110110110110110110110110110110110110110110110110110111010011
1111001001001001001001001001001001001001001001001001001001001010111100
0110111111111111111111111111111111111111111111111111111111111111011010
1001011111111111111111111111111111111111111111111111111111111110100111
1111101111111111111111111111111111111111111111111111111111111101111010
0111010111111111111111111111111111111111111111111111111111111010110111
1010111011111111111111111111111111111111111111111111111111110111001010
1111010101111111111111111111111111111111111111111111111111101010111111
0110111110111111111111111111111111111111111111111111111111011111011110
1001011101011111111111111111111111111111111111111111111110101110101101
1111101011101111111111111111111111111111111111111111111101110101110011
0111011101010111111111111111111111111111111111111111111010101110101100
1010101011111011111111111111111111111111111111111111110111110101110010
1111111101110101111111111111111111111111111111111111101011101110101111
0111111010101110111111111111111111111111111111111111011101010101110110
1011110111110101011111111111111111111111111111111110101011111110101001
1101101011101111101111111111111111111111111111111101111101111101111111
0010011101010111010111111111111111111111111111111010111010111010111110
0111101011111010111011111111111111111111111111110111010111010111011101
1011011101110111010101111111111111111111111111101010111010111010101011
1100101010101010111110111111111111111111111111011111010111010111111100
0011111111111111011101011111111111111111111110101110111010111011111010
0101111111111110101011101111111111111111111101110101010111010101110111
1110111111111101111101010111111111111111111010101111111010111110101010
0101011111111010111011111011111111111111110111110111110111011101111111
1111101111110111010101110101111111111111101011101011101010101010111110
0111010111101010111110101110111111111111011101011101011111111111011101
1010111011011111011101110101011111111110101011101011101111111110101011
1111010100101110101010101111101111111101111101011101010111111101111100
0110111111110101111111110111010111111010111011101011111011111010111010
1001011111101110111111101010111011110111010101011101110101110111010111
1111101111010101011111011111010101101010111111101010101110101010111010
0111010110111111101110101110111110011111011111011111110101111111010111
1010111001011111010101110101011101101110101110101111101110111110111010
1111010111101110111110101111101010010101110101110111010101011101010111
0110111011010101011101110111011111111110101110101010111111101011111010
1001010100111111101010101010101111111101110101111111011111011101110111
1111111111011111011111111111110111111010101110111110101110101010101010
0111111110101110101111111111101011110111110101011101110101111111111111
1011111101110101110111111111011101101011101111101010101110111111111110
1101111010101110101011111110101010011101010111011111110101011111111101
0010110111110101111101111101111111101011111010101111101111101111111011
0111001011101110111010111010111111011101110111110111010111010111110100
1010111101010101010111010111011110101010101011101010111010111011101110
1111011011111111111010111010101101111111111101011111010111010101010101
0110100101111111110111010111110010111111111011101110111010111111111111
1001111110111111101010111011101111011111110101010101010111011111111110
1110111101011111011111010101010110101111101111111111111010101111111101
0101011011101110101110111111111001110111010111111111110111110111111011
1111100101010101110101011111110110101010111011111111101011101011110100
0111011111111110101111101111101001111111010101111111011101011101101110
1010101111111101110111010111011110111110111110111110101011101010010101
1111110111111010101010111010101101011101011101011101111101011111111111
0111101011110111111111010111110011101011101011101010111011101111111110
1011011101101011111110111011101101011101011101011111010101010111111101
1100101010011101111101010101010011101011101011101110111111111011111011
0011111111101010111011111111111101011101011101010101011111110101110100
0101111111011111010101111111111011101011101011111111101111101110101110
1110111110101110111110111111110101011101011101111111010111010101110101
0101011101110101011101011111101111101011101010111110111010111110101111
1111101010101111101011101111010111011101011111011101010111011101110110
0111011111110111011101010110111010101011101110101011111010101010101001
1010101111101010101011111001010111111101010101111101110111111111111111
1111110111011111111101110111111011111011111110111010101011111111111110
0111101010101111111010101011110101110101111101010111111101111111111101
1011011111110111110111111101101110101110111011111011111010111111111011
1100101111101011101011111010010101110101010101110101110111011111110100
0011110111011101011101110111111110101111111110101110101010101111101110
0101101010101011101010101011111101110111111101110101111111110111010101
1110011111111101011111111101111010101011111010101110111111101010111111
0101101111111011101111111010110111111101110111110101011111011111011110
1110010111110101010111110111001011111010101011101111101110101110101101
0101111011101111111011101010111101110111111101010111010101110101110011
1110110101010111110101011111011010101011111011111010111110101110101100
0101001111111011101111101110100111111101110101110111011101110101110010
1111110111110101010111010101111011111010101110101010101010101110101111
0111101011101111111010111110110101110111110101111111111111110101110110
1011011101010111110111011101001110101011101110111111111111101110101001
1100101011111011101010101011110101111101010101011111111111010101111111
0011111101110101011111111101101110111011111111101111111110111110111110
0101111010101111101111111010010101010101111111010111111101011101011101
1110110111110111010111110111111111111110111110111011111011101011101011
0101001011101010111011101011111111111101011101010101110101011101011100
1111111101011111010101011101111111111011101011111110101111101011101010
0111111011101110111111101010111111110101011101111101110111011101011111
1011110101010101011111011111011111101111101010111010101010101011101110
1101101111111111101110101110101111010111011111010111111111111101010101
0010010111111111010101110101110110111010101110111011111111111011111111
0111111011111110111110101110101001010111110101010101111111110101111110
1011110101111101011101110101111111111011101111111110111111101110111101
1101101110111011101010101110111111110101010111111101011111010101011011
0010010101010101011111110101011111101111111011111011101110111111100100
0111111111111111101111101111101111010111110101110101010101011111011110
1011111111111111010111010111010110111011101110101111111111101110101101
1101111111111110111010111010111001010101010101110111111111010101110011
0010111111111101010111010111010111111111111110101011111110111110101100
0111011111111011111010111010111011111111111101111101111101011101110010
1010101111110101110111010111010101111111111010111010111011101010101111
1111110111101110101010111010111110111111110111010111010101011111110110
0111101011010101111111010111011101011111101010111010111111101111101001
1011011100111110111110111010101011101111011111010111011111010111011111
1100101011011101011101010111111101010110101110111010101110111010101110
0011111100101011101011111011111011111001110101010111110101010111110101
0101111011111101011101110101110101110110101111111011101111111011101111
1110110101111011101010101110101110101001110111110101010111110101010110
0101001110110101011111110101110101111110101011101111111011101111111001
1111110101001111101111101110101110111101111101010111110101010111110111
0111101111110111010111010101110101011010111011111011101111111011101010
1011010111101010111010111110101111100111010101110101010111110101011111
1100111011011111010111011101110111011010111110101111111011101111101110
0011010100101110111010101010101010100111011101110111110101010111010101
0100111111110101010111111111111111111010101010101011101111111010111111
1111011111101111111011111111111111110111111111111101010111110111011110
0110101111010111110101111111111111101011111111111011111011101010101101
1001110110111011101110111111111111011101111111110101110101011111110011
1110101001010101010101011111111110101010111111101110101111101111101100
0101111111111111111111101111111101111111011111010101110111010111010010
1110111111111111111111010111111010111110101110111110101010111010111111
0101011111111111111110111011110111011101110101011101111111010111011110
1111101111111111111101010101101010101010101111101010111110111010101101
0111010111111111111011111110011111111111110111011111011101010111110011
1010111011111111110101111101101111111111101010101110101011111011101100
1111010101111111101110111010010111111111011111110101111101110101010010
0110111110111111010101010111111011111110101111101110111010101111111111
1001011101011110111111111011110101111101110111010101010111110111111110
1111101011101101011111110101101110111010101010111111111011101011111101
0111011101010011101111101110010101010111111111011111110101011101111011
1010101011111101010111010101111111111011111110101111101111101010110100
1111111101111011111010111110111111110101111101110111010111011111001110
0111111010110101110111011101011111101110111010101010111010101110110101
1011110111001110101010101011101111010101010111111111010111110101001111
1101101010110101111111111101010110111111111011111110111011101111110110
0010011111001110111111111011111001011111110101111101010101010111101001
0111101110110101011111110101110111101111101110111011111111111011011111
1011010101001111101111101110101011010111010101010101111111110100101110
1100111111110111010111010101111100111010111111111110111111101111110101
0011011111101010111010111110111011010111011111111101011111010111101111
0100101111011111010111011101010100111010101111111011101110111011010110
1111110110101110111010101011111111010111110111110101010101010100111001
0111101001110101010111111101111110111011101011101111111111111111010111
1011011110101111111011111010111101010101011101010111111111111110111010
1100101101110111110101110111011011111111101011111011111111111101010111
0011110010101011101110101010100101111111011101110101111111111011111010
0101101111111101010101111111111110111110101010101110111111110101110111
1110010111111011111110111111111101011101111111110101011111101110101010
0101111011110101111101011111111011101010111111101111101111010101111111
1110110101101110111011101111110101011111011111010111010110111110111110
0101001110010101010101010111101111101110101110111010111001011101011101
1111110101111111111111111011010111010101110101010111010111101011101011
0111101110111111111111110100111010111110101111111010111011011101011100
1011010101011111111111101111010111011101110111110111010100101011101010
1100111111101111111111010110111010101010101011101010111111111101011111
0011011111010111111110111001010111111111111101011111011111111011101110
0100101110111011111101010111111011111111111011101110101111110101010101
1111110101010101111011111011110101111111110101010101110111101111111111
0111101111111110110101110101101110111111101111111110101011010111111110
1011010111111101001110101110010101011111010111111101111100111011111101
1100111011111011110101110101111111101110111011111010111011010101111011
0011010101110101101110101110111111010101010101110111010100111110110100
0100111110101110010101110101011110111111111110101010111111011101001110
1111011101110101111110101111101101011111111101111111011110101011110101
0110101010101110111101110111010011101111111010111110101101111101101111
1001111111110101011010101010111101010111110111011101110010111010010110
1110111111101111100111111111011011111011101010101010101111010111111001
0101011111010111011011111110100101110101011111111111110110111011110111
1111101110111010100101111101111110101111101111111111101001010101101010
0111010101010111111110111010111101110111010111111111011111111110011111
1010111111111011111101010111011010101010111011111110101111111101101110
1111011111110101111011111010100111111111010101111101110111111010010101
0110101111101110110101110111111011111110111110111010101011110111111111
1001110111010101001110101011110101111101011101010111111101101011111110
1110101010111111110101111101101110111011101011111011111010011101111101
0101111111011111101110111010010101010101011101110101110111101010111011
1110111110101111010101010111111111111111101010101110101011011111010100
0101011101110110111111111011111111111111011111110101111100101110111110
1111101010101001011111110101111111111110101111101110111011110101011101
0111011111111111101111101110111111111101110111010101010101101111101011
1010101111111111010111010101011111111010101010111111111110010111011100
1111110111111110111010111111101111110111111111011111111101111010101010
0111101011111101010111011111010111101011111110101111111010110111111111
1011011101111011111010101110111011011101111101110111110111001011111110
1100101010110101110111110101010100101010111010101011101010111101111101
0011111111001110101011101111111111111111010111111101011111011010111011
0101111110110101111101010111111111111110111011111011101110100111010100
1110111101001110111011111011111111111101010101110101010101111010111110
0101011011110101010101110101111111111011111110101111111110110111011101
1111100101101111111110101110111111110101111101110111111101001010101011
0111011110010111111101110101011111101110111010101011111011111111111100
1010101101111011111010101111101111010101010111111101110101111111111010
1111110010110101110111110111010110111111111011111010101110111111110111
0111101111001110101011101010111001011111110101110111110101011111101010
1011010110110101111101011111010111101111101110101011101111101111011111
1100111001001110111011101110111011010111010101111101010111010110101110
0011010111110101010101010101010100111010111110111011111010111001110101
0100111011101111111111111111111111010111011101010101110111010110101111
1111010101010111111111111111111110111010101011111110101010111001110110
0110111111111011111111111111111101010111111101111101111111010110101001
1001011111110101111111111111111011111011111010111010111110111001111111
1111101111101110111111111111110101110101110111010111011101010110111110
0111010111010101011111111111101110101110101010111010101011111001011101
1010111010111111101111111111010101110101111111010111111101110111101011
1111010111011111010111111110111110101110111110111011111010101011011100
0110111010101110111011111101011101110101011101010101110111111100101010
1001010111110101010101111011101010101111101011111110101011111011111111
1111111011101111111110110101011111110111011101111101111101110101111110
0111110101010111111101001111101111101010101010111010111010101110111101
1011101111111011111011110111010111011111111111010111010111110101011011
1101010111110101110101101010111010101111111110111010111011101111100100
0011111011101110101110011111010111110111111101010111010101010111011110
