1101110101010101110101101110111011101011111011111010111111111010101101
0010101111111110101110010101010101011101110101110111011111110111110011
1111110111111101110101111111111111101010101110101010101111101011101100
0111101011111010101110111111111111011111110101111111110111011101010011
1011011101110111110101011111111110101111101110111111101010101011111100
1100101010101011101111101111111101110111010101011111011111111101111011
0011111111111101010111010111111010101010111111101110101111111010110100
1101111111111011111010111011110111111111011111010101110111110111001111
0010111111110101110111010101101011111110101110111110101011101010110110
1111011111101110101010111110011101111101110101011101111101011111001001
0110101111010101111111011101101010111010101111101010111011101110111111
1001110110111110111110101010011111010111110111011111010101010101011110
1110101001011101011101111111101110111011101010101110111111111111101101
0101111111101011101010111111010101010101011111110101011111111111010011
1110111111011101011111011110111111111111101111101111101111111110111100
0101011110101011101110101101011111111111010111010111010111111101011011
1111101101111101010101110011101111111110111010111010111011111011100100
0111010010111011111110101101010111111101010111010111010101110101011111
1010111111010101111101110011111011111011111010111010111110101111101110
1111011110111110111010101101110101110101110111010111011101110111010101
0110101101011101010111110010101110101110101010111010101010101010111111
1001110011101011111011101111110101110101111111010111111111111111011110
1110101101011101110101010111101110101110111110111011111111111110101101
0101110011101010101111111011010101110101011101010101111111111101110011
1110101101011111110111110100111110101111101011111110111111111010101100
0101110011101111101011101111011101110111011101111101011111110111110011
1110101101010111011101010110101010101010101010111011101111101011101100
0101110011111010101011111001111111111111111111010101010111011101010011
1110101101110111111101110110111111111111111110111111111010101011111100
0101110010101011111010101001011111111111111101011111110111111101111011
1110101111111101110111111111101111111111111011101111101011111010110100
0101110111111010101011111111010111111111110101010111011101110111001111
1110101011110111111101111110111011111111101111111010101010101010110110
0101111101101011111010111101010101111111010111110111111111111111001001
1110111010011101110111011011111110111110111011101011111111111110111111
0101010111101010101010100101111101011101010101011101111111111101011110
1111111011011111111111111110111011101011111111101010111111111011101101
0111110100101111111111111101010101011101111111011111011111110101010011
1011101111110111111111111011111111101010111110101110101111101111111100
1101010111101011111111110101111111011111011101110101110111010111111011
0011111011011101111111101110111110101110101010101110101010111011110100
1101110100101010111111010101011101110101111111110101111111010101101111
0010101111111111011110111111101010101110111111101110111110111110010110
1111110111111110101101011111011111110101011111010101011101011101111001
0111101011111101110011101110101111101111101110111111101011101010110111
1011011101111010101101010101110111010111010101011111011101011111001010
1100101010110111110011111110101010111010111111101110101011101110111111
0011111111001011101101111101111111010111011111010101111101010101011110
1101111110111101010010111010111110111010101110111110111011111111101101
0010111101011011111111010111011101010111110101011101010101111111010011
1111011011100101111110111010101011111011101111101011111110111110111100
0110100101011110111101010111111101110101010111011101111101011101011011
1001111111101101011011111011111010101111111010101010111011101011100100
1110111111010011100101110101110111110111110111111111010101011101011111
0101011110111101011110101110101011101011101011111110111111101011101110
1111101101011011101101110101111101011101011101111101011111011101010101
0111010011100101010010101110111011101011101010111011101110101011111111
1010111101011111111111110101010101011101011111010101010101111101111110
1111011011101111111111101111111111101011101110111111111110111010111101
0110100101010111111111010111111111011101010101011111111101010111011011
1001111111111011111110111011111110101011111111101111111011111010100100
1110111111110101111101010101111101111101111111010111110101110111111111
0101011111101110111011111110111010111010111110111011101110101011111110
1111101111010101010101111101010111010111011101010101010101111101111101
0111010110111111111110111011111010111010101011111111111110111010111011
1010111001011111111101010101110111010111111101111111111101010111010100
1111010111101111111011111110101010111011111010111111111011111010111111
0110111011010111110101111101111111010101110111011111110101110111011110
1001010100111011101110111010111110111110101010101111101110101010101101
1111111111010101010101010111011101011101111111110111010101111111110011
0111111110111111111111111010101011101010111111101010111110111111101100
1011111101011111111111110111111101011111011111011111011101011111010011
1101111011101111111111101011111011101110101110101110101011101110111100
0010110101010111111111011101110101010101110101110101111101010101011011
1111001111111011111110101010101111111110101110101110111011111111100100
0110110111110101111101111111110111111101110101110101010101111111011111
1001001011101110111010111111101011111010101110101111111110111110101110
1111111101010101010111011111011101110111110101110111111101011101110101
0111111011111111111010101110101010101011101110101011111011101010101111
1011110101111111110111110101111111111101010101111101110101011111110110
1101101110111111101011101110111111111011111110111010101111101111101001
0010010101011111011101010101011111110101111101010111110111010111011111
1111111111101110101011111111101111101110111011111011101010111010101110
0111111111010101111101111111010111010101010101110101011111010111110101
1011111110111110111010111110111010111111111110101111101110111011101111
1101111101011101010111011101010111011111111101110111010101010101010110
0010111011101011111010101011111010101111111010101010111111111111111001
1111010101011101110111111101110111110111110111111111011111111111110111
0110111111101010101011111010101011101011101011111110101111111111101010
1001011111011111111101110111111101011101011101111101110111111111011111
1111101110101111111010101011111011101011101010111010101011111110101110
0111010101110111110111111101110101011101011111010111111101111101110101
1010111110101011101011111010101111101011101110111011111010111010101111
1111011101111101011101110111110111011101010101010101110111010111110110
0110101010111011101010101011101010101011111111111110101010111011101001
1001111111010101011111111101011111111101111111111101111111010101011111
1110111110111111101111111011101111111010111111111010111110111111101110
0101011101011111010111110101010111110111011111110111011101011111010101
1111101011101110111011101111111011101010101111101010101011101110111111
0111011101010101010101010111110101011111110111011111111101010101011110
1010101011111111111111111011101111101111101010101111111011111111101101
1111111101111111111111110101010111010111011111110111110101111111010011
0111111010111111111111101111111010111010101111101011101110111110111100
1011110111011111111111010111110111010111110111011101010101011101011011
1101101010101111111110111011101010111011101010101011111111101011100100
0010011111110111111101010101011111010101011111111101111111011101011111
1111101111101011111011111111101110111111101111111010111110101011101110
0111010111011101110101111111010101011111010111110111011101111101010101
1010111010101010101110111110111111101110111011101010101010111011111111
1111010111111111110101011101011111010101010101011111111111010101111110
0110111011111111101111101011101110111111111111101111111110111110111101
1001010101111111010111011101010101011111111111010111111101011101011011
1111111110111110111010101011111111101111111110111011111011101011100100
0111111101011101010111111101111111010111111101010101110101011101011111
1011111011101011111011111010111110111011111011111110101111101011101110
1101110101011101110101110111011101010101110101111101110111011101010101
0010101111101010101110101010101011111110101110111010101010101011111111
1111110111011111110101111111111101111101110101010111111111111101111110
0111101010101111101110111111111010111010101111111011111111111010111101
1011011111110111010101011111110111010111110111110101111111110111011011
1100101111101010111111101111101010111011101011101110111111101010100100
0011110111011111011111010111011111010101011101010101011111011111111111
1101101010101110101110111010101110111111101011111111101110101111111110
0010011111110101110101010111110101011111011101111111010101110111111101
1111101111101110101111111011101111101110101010111110111110101011111011
0111010111010101110111110101010111010101111111011101011101111101110100
1010111010111110101011101111111010111110111110101011101010111010101111
1111010111011101111101010111110111011101011101111101011111010111110110
0110111010101010111011111011101010101011101010111011101110111011101001
1001010111111111010101110101011111111101011111010101010101010101011111
1111111011111110111110101111101111111011101110111111111111111111101110
0111110101111101011101110111010111110101010101011111111111111111010101
1011101110111011101010101010111011101111111111101111111111111110111111
1101010101010101011111111111010101010111111111010111111111111101011110
0011111111111111101111111110111111111011111110111011111111111011101101
1101111111111111010111111101011111110101111101010101111111110101010011
0010111111111110111011111011101111101110111011111110111111101111111100
1111011111111101010101110101010111010101010101111101011111010111111011
0110101111111011111110101111111010111111111110111011101110111011110100
1001110111110101111101110111110111011111111101010101010101010101101111
1110101011101110111010101011101010101111111011111111111111111110010110
0101111101010101010111111101011111110111110101111111111111111101111001
1110111011111111111011111011101111101011101110111111111111111010110111
0101010101111111110101110101010111011101010101011111111111110111001010
1111111110111111101110101111111010101011111111101111111111101010111111
0111111101011111010101110111110111111101111111010111111111011111011110
1011111011101110111110101011101011111010111110111011111110101110101101
1101110101010101011101111101011101110111011101010101111101110101110011
0010101111111111101010111011101010101010101011111110111010101110101100
1111110111111111011111010101011111111111111101111101010111110101110011
0111101011111110101110111111101111111111111010111011111011101110101100
1011011101111101110101011111010111111111110111010101110101010101110011
1100101010111010101111101110111011111111101010111110101111111110101100
0011111111010111110111010101010101111111011111011101110111111101110011
1101111110111011101010111111111110111110101110101010101011111010101100
0010111101010101011111011111111101011101110101111111111101110111110011
1111011011111111101110101111111011101010101110111111111010101011101100
0110100101111111010101110111110101011111110101011111110111111101010011
1001111110111110111110101011101111101111101111101111101011111011111100
1110111101011101011101111101010111010111010111010111011101110101111011
0101011011101011101010111011111010111010111010111010101010101110110100
1111100101011101011111010101110111010111010111010111111111110101001111
0111011111101011101110111110101010111010111010111011111111101111110110
1010101111011101010101011101111111010111010111010101111111010111101001
1111110110101011111111101010111110111010111010111110111110111011011111
0111101001111101111111011111011101010111010111011101011101010100101110
1011011110111010111110101110101011111010111010101011101011111111110101
1100101101010111011101110101111101110111010111111101011101111111101111
0011110011111010101010101110111010101010111011111011101010111111010110
1101101101110111111111110101010111111111010101110101011111011110111001
0010010010101011111111101111111011111110111110101111101110101101010111
1111111111111101111111010111110101111101011101110111010101110011111010
0111111111111010111110111011101110111011101010101010111110101101110111
1011111111110111011101010101010101010101011111111111011101110010101010
1101111111101010101011111111111111111111101111111110101010101111111111
0010111111011111111101111111111111111111010111111101111111110111111110
1111011110101111111010111111111111111110111011111010111111101011111101
0110101101110111110111011111111111111101010101110111011111011101111011
1001110010101011101010101111111111111011111110101010101110101010110100
1110101111111101011111110111111111110101111101111111110101111111001111
0101110111111011101111101011111111101110111010111111101110111110110110
1110101011110101010111011101111111010101010111011111010101011101001001
0101111101101111111010101010111110111111111010101110111111101011111111
1110111010010111110111111111011101011111110111110101011111011101111110
0101010111111011101011111110101011101111101011101111101110101010111101
1111111011110101011101111101111101010111011101010111010101111111011011
0111110101101111101010111010111011111010101011111010111110111110100100
1011101110010111011111010111010101110111111101110111011101011101111111
1101010101111010101110111010111110101011111010101010101011101010111110
0011111110110111110101010111011101111101110111111111111101011111011101
1101111101001011101111111010101010111010101011111111111011101110101011
0010111011111101010111110111111111010111111101111111110101010101111100
1111010101111011111011101011111110111011111010111111101111111110111011
0110111110110101110101011101111101010101110111011111010111111101010100
1001011101001110101111101010111011111110101010101110111011111011111111
1111101011110101110111011111010101111101111111110101010101110101111110
0111011101101110101010101110111110111010111111101111111110101110111101
1010101010010101111111110101011101010111011111010111111101110101011011
1111111111111110111111101111101011111010101110111011111010101111100100
0111111111111101011111010111011101110111110101010101110111110111011111
1011111111111011101110111010101010101011101111111110101011101010101110
1101111111110101010101010111111111111101010111111101111101011111110101
0010111111101111111111111011111111111011111011111010111011101111101111
1111011111010111111111110101111111110101110101110111010101010111010110
0110101110111011111111101110111111101110101110101010111111111010111001
1001110101010101111111010101011111010101110101111111011111110111010111
1110101111111110111110111111101110111110101110111110101111101010111010
0101110111111101011101011111010101011101110101011101110111011111010111
1110101011111011101011101110111111101010101111101010101010101110111010
0101111101110101011101010101011111011111110111011111111111110101010111
