0001000100000100101001100001001010011010110010010111000101100001000100
0010001000001001000010100010010000101000010100100011001000100010001000
0100010000010010000100000100100001000000100001000101010001000100010000
1000100000100100001000001001000010000001000010001000000010001000100000
0001000001001000010000010010000100000010000100010000000100010001000000
0010000010010000100000100100001000000100001000100000001000100010000000
0100000100100001000001001000010000001000010001000000010001000100000000
1000001001000010000010010000100000010000100010000000100010001000000000
0000010010000100000100100001000000100001000100000001000100010000000000
0000100100001000001001000010000001000010001000000010001000100000000000
0001001000010000010010000100000010000100010000000100010001000000000000
0010010000100000100100001000000100001000100000001000100010000000000000
0100100001000001001000010000001000010001000000010001000100000000000000
1001000010000010010000100000010000100010000000100010001000000000000000
0010000100000100100001000000100001000100000001000100010000000000000000
0100001000001001000010000001000010001000000010001000100000000000000000
1000010000010010000100000010000100010000000100010001000000000000000000
0000100000100100001000000100001000100000001000100010000000000000000000
0001000001001000010000001000010001000000010001000100000000000000000000
0010000010010000100000010000100010000000100010001000000000000000000000
0100000100100001000000100001000100000001000100010000000000000000000000
1000001001000010000001000010001000000010001000100000000000000000000000
0000010010000100000010000100010000000100010001000000000000000000000000
0000100100001000000100001000100000001000100010000000000000000000000000
0001001000010000001000010001000000010001000100000000000000000000000000
0010010000100000010000100010000000100010001000000000000000000000000000
0100100001000000100001000100000001000100010000000000000000000000000000
1001000010000001000010001000000010001000100000000000000000000000000000
0010000100000010000100010000000100010001000000000000000000000000000000
0100001000000100001000100000001000100010000000000000000000000000000000
1000010000001000010001000000010001000100000000000000000000000000000000
0000100000010000100010000000100010001000000000000000000000000000000000
0001000000100001000100000001000100010000000000000000000000000000000000
0010000001000010001000000010001000100000000000000000000000000000000000
0100000010000100010000000100010001000000000000000000000000000000000000
1000000100001000100000001000100010000000000000000000000000000000000000
0000001000010001000000010001000100000000000000000000000000000000000000
0000010000100010000000100010001000000000000000000000000000000000000000
0000100001000100000001000100010000000000000000000000000000000000000000
0001000010001000000010001000100000000000000000000000000000000000000000
0010000100010000000100010001000000000000000000000000000000000000000000
0100001000100000001000100010000000000000000000000000000000000000000000
1000010001000000010001000100000000000000000000000000000000000000000000
0000100010000000100010001000000000000000000000000000000000000000000000
0001000100000001000100010000000000000000000000000000000000000000000000
0010001000000010001000100000000000000000000000000000000000000000000000
0100010000000100010001000000000000000000000000000000000000000000000000
1000100000001000100010000000000000000000000000000000000000000000000000
0001000000010001000100000000000000000000000000000000000000000000000000
0010000000100010001000000000000000000000000000000000000000000000000000
0100000001000100010000000000000000000000000000000000000000000000000000
1000000010001000100000000000000000000000000000000000000000000000000000
0000000100010001000000000000000000000000000000000000000000000000000000
0000001000100010000000000000000000000000000000000000000000000000000000
0000010001000100000000000000000000000000000000000000000000000000000000
0000100010001000000000000000000000000000000000000000000000000000000000
0001000100010000000000000000000000000000000000000000000000000000000000
0010001000100000000000000000000000000000000000000000000000000000000000
0100010001000000000000000000000000000000000000000000000000000000000000
1000100010000000000000000000000000000000000000000000000000000000000000
0001000100000000000000000000000000000000000000000000000000000000000000
0010001000000000000000000000000000000000000000000000000000000000000000
0100010000000000000000000000000000000000000000000000000000000000000000
1000100000000000000000000000000000000000000000000000000000000000000000
0001000000000000000000000000000000000000000000000000000000000000000000
0010000000000000000000000000000000000000000000000000000000000000000000
0100000000000000000000000000000000000000000000000000000000000000000000
1000000000000000000000000000000000000000000000000000000000000000000000
0000000000000000000000000000000000000000000000000000000000000000000000
0000000000000000000000000000000000000000000000000000000000000000000000
0000000000000000000000000000000000000000000000000000000000000000000000
0000000000000000000000000000000000000000000000000000000000000000000000
0000000000000000000000000000000000000000000000000000000000000000000000
0000000000000000000000000000000000000000000000000000000000000000000000
0000000000000000000000000000000000000000000000000000000000000000000000
0000000000000000000000000000000000000000000000000000000000000000000000
0000000000000000000000000000000000000000000000000000000000000000000000
0000000000000000000000000000000000000000000000000000000000000000000000
0000000000000000000000000000000000000000000000000000000000000000000000
0000000000000000000000000000000000000000000000000000000000000000000000
0000000000000000000000000000000000000000000000000000000000000000000000
0000000000000000000000000000000000000000000000000000000000000000000000
0000000000000000000000000000000000000000000000000000000000000000000000
0000000000000000000000000000000000000000000000000000000000000000000000
0000000000000000000000000000000000000000000000000000000000000000000000
0000000000000000000000000000000000000000000000000000000000000000000000
0000000000000000000000000000000000000000000000000000000000000000000000
0000000000000000000000000000000000000000000000000000000000000000000000
0000000000000000000000000000000000000000000000000000000000000000000000
0000000000000000000000000000000000000000000000000000000000000000000000
0000000000000000000000000000000000000000000000000000000000000000000000
0000000000000000000000000000000000000000000000000000000000000000000000
0000000000000000000000000000000000000000000000000000000000000000000000
0000000000000000000000000000000000000000000000000000000000000000000000
0000000000000000000000000000000000000000000000000000000000000000000000
0000000000000000000000000000000000000000000000000000000000000000000000
0000000000000000000000000000000000000000000000000000000000000000000000
0000000000000000000000000000000000000000000000000000000000000000000000
0000000000000000000000000000000000000000000000000000000000000000000000
0000000000000000000000000000000000000000000000000000000000000000000000
0000000000000000000000000000000000000000000000000000000000000000000000
0000000000000000000000000000000000000000000000000000000000000000000000
0000000000000000000000000000000000000000000000000000000000000000000000
0000000000000000000000000000000000000000000000000000000000000000000000
0000000000000000000000000000000000000000000000000000000000000000000000
0000000000000000000000000000000000000000000000000000000000000000000000
0000000000000000000000000000000000000000000000000000000000000000000000
0000000000000000000000000000000000000000000000000000000000000000000000
0000000000000000000000000000000000000000000000000000000000000000000000
0000000000000000000000000000000000000000000000000000000000000000000000
0000000000000000000000000000000000000000000000000000000000000000000000
0000000000000000000000000000000000000000000000000000000000000000000000
0000000000000000000000000000000000000000000000000000000000000000000000
0000000000000000000000000000000000000000000000000000000000000000000000
0000000000000000000000000000000000000000000000000000000000000000000000
0000000000000000000000000000000000000000000000000000000000000000000000
0000000000000000000000000000000000000000000000000000000000000000000000
0000000000000000000000000000000000000000000000000000000000000000000000
0000000000000000000000000000000000000000000000000000000000000000000000
0000000000000000000000000000000000000000000000000000000000000000000000
0000000000000000000000000000000000000000000000000000000000000000000000
0000000000000000000000000000000000000000000000000000000000000000000000
0000000000000000000000000000000000000000000000000000000000000000000000
0000000000000000000000000000000000000000000000000000000000000000000000
0000000000000000000000000000000000000000000000000000000000000000000000
0000000000000000000000000000000000000000000000000000000000000000000000
0000000000000000000000000000000000000000000000000000000000000000000000
0000000000000000000000000000000000000000000000000000000000000000000000
0000000000000000000000000000000000000000000000000000000000000000000000
0000000000000000000000000000000000000000000000000000000000000000000000
0000000000000000000000000000000000000000000000000000000000000000000000
0000000000000000000000000000000000000000000000000000000000000000000000
0000000000000000000000000000000000000000000000000000000000000000000000
0000000000000000000000000000000000000000000000000000000000000000000000
0000000000000000000000000000000000000000000000000000000000000000000000
0000000000000000000000000000000000000000000000000000000000000000000000
0000000000000000000000000000000000000000000000000000000000000000000000
0000000000000000000000000000000000000000000000000000000000000000000000
0000000000000000000000000000000000000000000000000000000000000000000000
0000000000000000000000000000000000000000000000000000000000000000000000
0000000000000000000000000000000000000000000000000000000000000000000000
0000000000000000000000000000000000000000000000000000000000000000000000
0000000000000000000000000000000000000000000000000000000000000000000000
0000000000000000000000000000000000000000000000000000000000000000000000
0000000000000000000000000000000000000000000000000000000000000000000000
0000000000000000000000000000000000000000000000000000000000000000000000
0000000000000000000000000000000000000000000000000000000000000000000000
0000000000000000000000000000000000000000000000000000000000000000000000
0000000000000000000000000000000000000000000000000000000000000000000000
0000000000000000000000000000000000000000000000000000000000000000000000
0000000000000000000000000000000000000000000000000000000000000000000000
0000000000000000000000000000000000000000000000000000000000000000000000
0000000000000000000000000000000000000000000000000000000000000000000000
0000000000000000000000000000000000000000000000000000000000000000000000
0000000000000000000000000000000000000000000000000000000000000000000000
0000000000000000000000000000000000000000000000000000000000000000000000
0000000000000000000000000000000000000000000000000000000000000000000000
0000000000000000000000000000000000000000000000000000000000000000000000
0000000000000000000000000000000000000000000000000000000000000000000000
0000000000000000000000000000000000000000000000000000000000000000000000
0000000000000000000000000000000000000000000000000000000000000000000000
0000000000000000000000000000000000000000000000000000000000000000000000
0000000000000000000000000000000000000000000000000000000000000000000000
0000000000000000000000000000000000000000000000000000000000000000000000
0000000000000000000000000000000000000000000000000000000000000000000000
0000000000000000000000000000000000000000000000000000000000000000000000
0000000000000000000000000000000000000000000000000000000000000000000000
0000000000000000000000000000000000000000000000000000000000000000000000
0000000000000000000000000000000000000000000000000000000000000000000000
0000000000000000000000000000000000000000000000000000000000000000000000
0000000000000000000000000000000000000000000000000000000000000000000000
0000000000000000000000000000000000000000000000000000000000000000000000
0000000000000000000000000000000000000000000000000000000000000000000000
0000000000000000000000000000000000000000000000000000000000000000000000
0000000000000000000000000000000000000000000000000000000000000000000000
0000000000000000000000000000000000000000000000000000000000000000000000
0000000000000000000000000000000000000000000000000000000000000000000000
0000000000000000000000000000000000000000000000000000000000000000000000
0000000000000000000000000000000000000000000000000000000000000000000000
0000000000000000000000000000000000000000000000000000000000000000000000
0000000000000000000000000000000000000000000000000000000000000000000000
0000000000000000000000000000000000000000000000000000000000000000000000
0000000000000000000000000000000000000000000000000000000000000000000000
0000000000000000000000000000000000000000000000000000000000000000000000
0000000000000000000000000000000000000000000000000000000000000000000000
0000000000000000000000000000000000000000000000000000000000000000000000
0000000000000000000000000000000000000000000000000000000000000000000000
0000000000000000000000000000000000000000000000000000000000000000000000
0000000000000000000000000000000000000000000000000000000000000000000000
0000000000000000000000000000000000000000000000000000000000000000000000
0000000000000000000000000000000000000000000000000000000000000000000000
0000000000000000000000000000000000000000000000000000000000000000000000
0000000000000000000000000000000000000000000000000000000000000000000000
0000000000000000000000000000000000000000000000000000000000000000000000
0000000000000000000000000000000000000000000000000000000000000000000000
0000000000000000000000000000000000000000000000000000000000000000000000
0000000000000000000000000000000000000000000000000000000000000000000000
0000000000000000000000000000000000000000000000000000000000000000000000
0000000000000000000000000000000000000000000000000000000000000000000000
0000000000000000000000000000000000000000000000000000000000000000000000
0000000000000000000000000000000000000000000000000000000000000000000000
0000000000000000000000000000000000000000000000000000000000000000000000
0000000000000000000000000000000000000000000000000000000000000000000000
0000000000000000000000000000000000000000000000000000000000000000000000
0000000000000000000000000000000000000000000000000000000000000000000000
0000000000000000000000000000000000000000000000000000000000000000000000
0000000000000000000000000000000000000000000000000000000000000000000000
0000000000000000000000000000000000000000000000000000000000000000000000
0000000000000000000000000000000000000000000000000000000000000000000000
0000000000000000000000000000000000000000000000000000000000000000000000
