1111111111111111111111111111111111111111111111111111111111111111111111
0111111111111111111111111111111111111111111111111111111111111111111110
0011111111111111111111111111111111111111111111111111111111111111111110
1001111111111111111111111111111111111111111111111111111111111111111110
0100111111111111111111111111111111111111111111111111111111111111111110
0010011111111111111111111111111111111111111111111111111111111111111110
1001001111111111111111111111111111111111111111111111111111111111111110
0100100111111111111111111111111111111111111111111111111111111111111110
0010010011111111111111111111111111111111111111111111111111111111111110
1001001001111111111111111111111111111111111111111111111111111111111110
0100100100111111111111111111111111111111111111111111111111111111111110
0010010010011111111111111111111111111111111111111111111111111111111110
1001001001001111111111111111111111111111111111111111111111111111111110
0100100100100111111111111111111111111111111111111111111111111111111110
0010010010010011111111111111111111111111111111111111111111111111111110
1001001001001001111111111111111111111111111111111111111111111111111110
0100100100100100111111111111111111111111111111111111111111111111111110
0010010010010010011111111111111111111111111111111111111111111111111110
1001001001001001001111111111111111111111111111111111111111111111111110
0100100100100100100111111111111111111111111111111111111111111111111110
0010010010010010010011111111111111111111111111111111111111111111111110
1001001001001001001001111111111111111111111111111111111111111111111110
0100100100100100100100111111111111111111111111111111111111111111111110
0010010010010010010010011111111111111111111111111111111111111111111110
1001001001001001001001001111111111111111111111111111111111111111111110
0100100100100100100100100111111111111111111111111111111111111111111110
0010010010010010010010010011111111111111111111111111111111111111111110
1001001001001001001001001001111111111111111111111111111111111111111110
0100100100100100100100100100111111111111111111111111111111111111111110
0010010010010010010010010010011111111111111111111111111111111111111110
1001001001001001001001001001001111111111111111111111111111111111111110
0100100100100100100100100100100111111111111111111111111111111111111110
0010010010010010010010010010010011111111111111111111111111111111111110
1001001001001001001001001001001001111111111111111111111111111111111110
0100100100100100100100100100100100111111111111111111111111111111111110
0010010010010010010010010010010010011111111111111111111111111111111110
1001001001001001001001001001001001001111111111111111111111111111111110
0100100100100100100100100100100100100111111111111111111111111111111110
0010010010010010010010010010010010010011111111111111111111111111111110
1001001001001001001001001001001001001001111111111111111111111111111110
0100100100100100100100100100100100100100111111111111111111111111111110
0010010010010010010010010010010010010010011111111111111111111111111110
1001001001001001001001001001001001001001001111111111111111111111111110
0100100100100100100100100100100100100100100111111111111111111111111110
0010010010010010010010010010010010010010010011111111111111111111111110
1001001001001001001001001001001001001001001001111111111111111111111110
0100100100100100100100100100100100100100100100111111111111111111111110
0010010010010010010010010010010010010010010010011111111111111111111110
1001001001001001001001001001001001001001001001001111111111111111111110
0100100100100100100100100100100100100100100100100111111111111111111110
0010010010010010010010010010010010010010010010010011111111111111111110
1001001001001001001001001001001001001001001001001001111111111111111110
0100100100100100100100100100100100100100100100100100111111111111111110
0010010010010010010010010010010010010010010010010010011111111111111110
1001001001001001001001001001001001001001001001001001001111111111111110
0100100100100100100100100100100100100100100100100100100111111111111110
0010010010010010010010010010010010010010010010010010010011111111111110
1001001001001001001001001001001001001001001001001001001001111111111110
0100100100100100100100100100100100100100100100100100100100111111111110
0010010010010010010010010010010010010010010010010010010010011111111110
1001001001001001001001001001001001001001001001001001001001001111111110
0100100100100100100100100100100100100100100100100100100100100111111110
0010010010010010010010010010010010010010010010010010010010010011111110
1001001001001001001001001001001001001001001001001001001001001001111110
0100100100100100100100100100100100100100100100100100100100100100111110
0010010010010010010010010010010010010010010010010010010010010010011110
1001001001001001001001001001001001001001001001001001001001001001001110
0100100100100100100100100100100100100100100100100100100100100100100110
0010010010010010010010010010010010010010010010010010010010010010010010
1001001001001001001001001001001001001001001001001001001001001001001000
0100100100100100100100100100100100100100100100100100100100100100100111
0010010010010010010010010010010010010010010010010010010010010010010010
1001001001001001001001001001001001001001001001001001001001001001001000
0100100100100100100100100100100100100100100100100100100100100100100111
0010010010010010010010010010010010010010010010010010010010010010010010
1001001001001001001001001001001001001001001001001001001001001001001000
0100100100100100100100100100100100100100100100100100100100100100100111
0010010010010010010010010010010010010010010010010010010010010010010010
1001001001001001001001001001001001001001001001001001001001001001001000
0100100100100100100100100100100100100100100100100100100100100100100111
0010010010010010010010010010010010010010010010010010010010010010010010
1001001001001001001001001001001001001001001001001001001001001001001000
0100100100100100100100100100100100100100100100100100100100100100100111
0010010010010010010010010010010010010010010010010010010010010010010010
1001001001001001001001001001001001001001001001001001001001001001001000
0100100100100100100100100100100100100100100100100100100100100100100111
0010010010010010010010010010010010010010010010010010010010010010010010
1001001001001001001001001001001001001001001001001001001001001001001000
0100100100100100100100100100100100100100100100100100100100100100100111
0010010010010010010010010010010010010010010010010010010010010010010010
1001001001001001001001001001001001001001001001001001001001001001001000
0100100100100100100100100100100100100100100100100100100100100100100111
0010010010010010010010010010010010010010010010010010010010010010010010
1001001001001001001001001001001001001001001001001001001001001001001000
0100100100100100100100100100100100100100100100100100100100100100100111
0010010010010010010010010010010010010010010010010010010010010010010010
1001001001001001001001001001001001001001001001001001001001001001001000
0100100100100100100100100100100100100100100100100100100100100100100111
0010010010010010010010010010010010010010010010010010010010010010010010
1001001001001001001001001001001001001001001001001001001001001001001000
0100100100100100100100100100100100100100100100100100100100100100100111
0010010010010010010010010010010010010010010010010010010010010010010010
1001001001001001001001001001001001001001001001001001001001001001001000
0100100100100100100100100100100100100100100100100100100100100100100111
0010010010010010010010010010010010010010010010010010010010010010010010
1001001001001001001001001001001001001001001001001001001001001001001000
0100100100100100100100100100100100100100100100100100100100100100100111
0010010010010010010010010010010010010010010010010010010010010010010010
1001001001001001001001001001001001001001001001001001001001001001001000
0100100100100100100100100100100100100100100100100100100100100100100111
0010010010010010010010010010010010010010010010010010010010010010010010
1001001001001001001001001001001001001001001001001001001001001001001000
0100100100100100100100100100100100100100100100100100100100100100100111
0010010010010010010010010010010010010010010010010010010010010010010010
1001001001001001001001001001001001001001001001001001001001001001001000
0100100100100100100100100100100100100100100100100100100100100100100111
0010010010010010010010010010010010010010010010010010010010010010010010
1001001001001001001001001001001001001001001001001001001001001001001000
0100100100100100100100100100100100100100100100100100100100100100100111
0010010010010010010010010010010010010010010010010010010010010010010010
1001001001001001001001001001001001001001001001001001001001001001001000
0100100100100100100100100100100100100100100100100100100100100100100111
0010010010010010010010010010010010010010010010010010010010010010010010
1001001001001001001001001001001001001001001001001001001001001001001000
0100100100100100100100100100100100100100100100100100100100100100100111
0010010010010010010010010010010010010010010010010010010010010010010010
1001001001001001001001001001001001001001001001001001001001001001001000
0100100100100100100100100100100100100100100100100100100100100100100111
0010010010010010010010010010010010010010010010010010010010010010010010
1001001001001001001001001001001001001001001001001001001001001001001000
0100100100100100100100100100100100100100100100100100100100100100100111
0010010010010010010010010010010010010010010010010010010010010010010010
1001001001001001001001001001001001001001001001001001001001001001001000
0100100100100100100100100100100100100100100100100100100100100100100111
0010010010010010010010010010010010010010010010010010010010010010010010
1001001001001001001001001001001001001001001001001001001001001001001000
0100100100100100100100100100100100100100100100100100100100100100100111
0010010010010010010010010010010010010010010010010010010010010010010010
1001001001001001001001001001001001001001001001001001001001001001001000
0100100100100100100100100100100100100100100100100100100100100100100111
0010010010010010010010010010010010010010010010010010010010010010010010
1001001001001001001001001001001001001001001001001001001001001001001000
0100100100100100100100100100100100100100100100100100100100100100100111
0010010010010010010010010010010010010010010010010010010010010010010010
1001001001001001001001001001001001001001001001001001001001001001001000
0100100100100100100100100100100100100100100100100100100100100100100111
0010010010010010010010010010010010010010010010010010010010010010010010
1001001001001001001001001001001001001001001001001001001001001001001000
0100100100100100100100100100100100100100100100100100100100100100100111
0010010010010010010010010010010010010010010010010010010010010010010010
1001001001001001001001001001001001001001001001001001001001001001001000
0100100100100100100100100100100100100100100100100100100100100100100111
0010010010010010010010010010010010010010010010010010010010010010010010
1001001001001001001001001001001001001001001001001001001001001001001000
0100100100100100100100100100100100100100100100100100100100100100100111
0010010010010010010010010010010010010010010010010010010010010010010010
1001001001001001001001001001001001001001001001001001001001001001001000
0100100100100100100100100100100100100100100100100100100100100100100111
0010010010010010010010010010010010010010010010010010010010010010010010
1001001001001001001001001001001001001001001001001001001001001001001000
0100100100100100100100100100100100100100100100100100100100100100100111
0010010010010010010010010010010010010010010010010010010010010010010010
1001001001001001001001001001001001001001001001001001001001001001001000
0100100100100100100100100100100100100100100100100100100100100100100111
0010010010010010010010010010010010010010010010010010010010010010010010
1001001001001001001001001001001001001001001001001001001001001001001000
0100100100100100100100100100100100100100100100100100100100100100100111
0010010010010010010010010010010010010010010010010010010010010010010010
1001001001001001001001001001001001001001001001001001001001001001001000
0100100100100100100100100100100100100100100100100100100100100100100111
0010010010010010010010010010010010010010010010010010010010010010010010
1001001001001001001001001001001001001001001001001001001001001001001000
0100100100100100100100100100100100100100100100100100100100100100100111
0010010010010010010010010010010010010010010010010010010010010010010010
1001001001001001001001001001001001001001001001001001001001001001001000
0100100100100100100100100100100100100100100100100100100100100100100111
0010010010010010010010010010010010010010010010010010010010010010010010
1001001001001001001001001001001001001001001001001001001001001001001000
0100100100100100100100100100100100100100100100100100100100100100100111
0010010010010010010010010010010010010010010010010010010010010010010010
1001001001001001001001001001001001001001001001001001001001001001001000
0100100100100100100100100100100100100100100100100100100100100100100111
0010010010010010010010010010010010010010010010010010010010010010010010
1001001001001001001001001001001001001001001001001001001001001001001000
0100100100100100100100100100100100100100100100100100100100100100100111
0010010010010010010010010010010010010010010010010010010010010010010010
1001001001001001001001001001001001001001001001001001001001001001001000
0100100100100100100100100100100100100100100100100100100100100100100111
0010010010010010010010010010010010010010010010010010010010010010010010
1001001001001001001001001001001001001001001001001001001001001001001000
0100100100100100100100100100100100100100100100100100100100100100100111
0010010010010010010010010010010010010010010010010010010010010010010010
1001001001001001001001001001001001001001001001001001001001001001001000
0100100100100100100100100100100100100100100100100100100100100100100111
0010010010010010010010010010010010010010010010010010010010010010010010
1001001001001001001001001001001001001001001001001001001001001001001000
0100100100100100100100100100100100100100100100100100100100100100100111
0010010010010010010010010010010010010010010010010010010010010010010010
1001001001001001001001001001001001001001001001001001001001001001001000
0100100100100100100100100100100100100100100100100100100100100100100111
0010010010010010010010010010010010010010010010010010010010010010010010
1001001001001001001001001001001001001001001001001001001001001001001000
0100100100100100100100100100100100100100100100100100100100100100100111
0010010010010010010010010010010010010010010010010010010010010010010010
1001001001001001001001001001001001001001001001001001001001001001001000
0100100100100100100100100100100100100100100100100100100100100100100111
0010010010010010010010010010010010010010010010010010010010010010010010
1001001001001001001001001001001001001001001001001001001001001001001000
0100100100100100100100100100100100100100100100100100100100100100100111
0010010010010010010010010010010010010010010010010010010010010010010010
