0101101101101101101101101101101101101101101101101101101101101101101100
1000100100100100100100100100100100100100100100100100100100100100100110
0101011011011011011011011011011011011011011011011011011011011011011010
1000001001001001001001001001001001001001001001001001001001001001001000
0100010110110110110110110110110110110110110110110110110110110110110100
1010100010010010010010010010010010010010010010010010010010010010010010
0000010101101101101101101101101101101101101101101101101101101101101100
0000100000100100100100100100100100100100100100100100100100100100100110
0001010001011011011011011011011011011011011011011011011011011011011010
0010001010001001001001001001001001001001001001001001001001001001001000
0101010001010110110110110110110110110110110110110110110110110110110100
1000001010000010010010010010010010010010010010010010010010010010010010
0100010001000101101101101101101101101101101101101101101101101101101100
1010101010101000100100100100100100100100100100100100100100100100100110
0000000000000101011011011011011011011011011011011011011011011011011010
0000000000001000001001001001001001001001001001001001001001001001001000
0000000000010100010110110110110110110110110110110110110110110110110100
0000000000100010100010010010010010010010010010010010010010010010010010
0000000001010100010101101101101101101101101101101101101101101101101100
0000000010000010100000100100100100100100100100100100100100100100100110
0000000101000100010001011011011011011011011011011011011011011011011010
0000001000101010101010001001001001001001001001001001001001001001001000
0000010101000000000001010110110110110110110110110110110110110110110100
0000100000100000000010000010010010010010010010010010010010010010010010
0001010001010000000101000101101101101101101101101101101101101101101100
0010001010001000001000101000100100100100100100100100100100100100100110
0101010001010100010101000101011011011011011011011011011011011011011010
1000001010000010100000101000001001001001001001001001001001001001001000
0100010001000100010001000100010110110110110110110110110110110110110100
1010101010101010101010101010100010010010010010010010010010010010010010
0000000000000000000000000000010101101101101101101101101101101101101100
0000000000000000000000000000100000100100100100100100100100100100100110
0000000000000000000000000001010001011011011011011011011011011011011010
0000000000000000000000000010001010001001001001001001001001001001001000
0000000000000000000000000101010001010110110110110110110110110110110100
0000000000000000000000001000001010000010010010010010010010010010010010
0000000000000000000000010100010001000101101101101101101101101101101100
0000000000000000000000100010101010101000100100100100100100100100100110
0000000000000000000001010100000000000101011011011011011011011011011010
0000000000000000000010000010000000001000001001001001001001001001001000
0000000000000000000101000101000000010100010110110110110110110110110100
0000000000000000001000101000100000100010100010010010010010010010010010
0000000000000000010101000101010001010100010101101101101101101101101100
0000000000000000100000101000001010000010100000100100100100100100100110
0000000000000001010001000100010001000100010001011011011011011011011010
0000000000000010001010101010101010101010101010001001001001001001001000
0000000000000101010000000000000000000000000001010110110110110110110100
0000000000001000001000000000000000000000000010000010010010010010010010
0000000000010100010100000000000000000000000101000101101101101101101100
0000000000100010100010000000000000000000001000101000100100100100100110
0000000001010100010101000000000000000000010101000101011011011011011010
0000000010000010100000100000000000000000100000101000001001001001001000
0000000101000100010001010000000000000001010001000100010110110110110100
0000001000101010101010001000000000000010001010101010100010010010010010
0000010101000000000001010100000000000101010000000000010101101101101100
0000100000100000000010000010000000001000001000000000100000100100100110
0001010001010000000101000101000000010100010100000001010001011011011010
0010001010001000001000101000100000100010100010000010001010001001001000
0101010001010100010101000101010001010100010101000101010001010110110100
1000001010000010100000101000001010000010100000101000001010000010010010
0100010001000100010001000100010001000100010001000100010001000101101100
1010101010101010101010101010101010101010101010101010101010101000100110
0000000000000000000000000000000000000000000000000000000000000101011010
0000000000000000000000000000000000000000000000000000000000001000001000
0000000000000000000000000000000000000000000000000000000000010100010100
0000000000000000000000000000000000000000000000000000000000100010100010
0000000000000000000000000000000000000000000000000000000001010100010100
0000000000000000000000000000000000000000000000000000000010000010100010
0000000000000000000000000000000000000000000000000000000101000100010100
0000000000000000000000000000000000000000000000000000001000101010100010
0000000000000000000000000000000000000000000000000000010101000000010100
0000000000000000000000000000000000000000000000000000100000100000100010
0000000000000000000000000000000000000000000000000001010001010001010100
0000000000000000000000000000000000000000000000000010001010001010000010
0000000000000000000000000000000000000000000000000101010001010001000100
0000000000000000000000000000000000000000000000001000001010001010101010
0000000000000000000000000000000000000000000000010100010001010000000000
0000000000000000000000000000000000000000000000100010101010001000000000
0000000000000000000000000000000000000000000001010100000001010100000000
0000000000000000000000000000000000000000000010000010000010000010000000
0000000000000000000000000000000000000000000101000101000101000101000000
0000000000000000000000000000000000000000001000101000101000101000100000
0000000000000000000000000000000000000000010101000101000101000101010000
0000000000000000000000000000000000000000100000101000101000101000001000
0000000000000000000000000000000000000001010001000101000101000100010100
0000000000000000000000000000000000000010001010101000101000101010100010
0000000000000000000000000000000000000101010000000101000101000000010100
0000000000000000000000000000000000001000001000001000101000100000100010
0000000000000000000000000000000000010100010100010101000101010001010100
0000000000000000000000000000000000100010100010100000101000001010000010
0000000000000000000000000000000001010100010100010001000100010001000100
0000000000000000000000000000000010000010100010101010101010101010101010
0000000000000000000000000000000101000100010100000000000000000000000000
0000000000000000000000000000001000101010100010000000000000000000000000
0000000000000000000000000000010101000000010101000000000000000000000000
0000000000000000000000000000100000100000100000100000000000000000000000
0000000000000000000000000001010001010001010001010000000000000000000000
0000000000000000000000000010001010001010001010001000000000000000000000
0000000000000000000000000101010001010001010001010100000000000000000000
0000000000000000000000001000001010001010001010000010000000000000000000
0000000000000000000000010100010001010001010001000101000000000000000000
0000000000000000000000100010101010001010001010101000100000000000000000
0000000000000000000001010100000001010001010000000101010000000000000000
0000000000000000000010000010000010001010001000001000001000000000000000
0000000000000000000101000101000101010001010100010100010100000000000000
0000000000000000001000101000101000001010000010100010100010000000000000
0000000000000000010101000101000100010001000100010100010101000000000000
0000000000000000100000101000101010101010101010100010100000100000000000
0000000000000001010001000101000000000000000000010100010001010000000000
0000000000000010001010101000100000000000000000100010101010001000000000
0000000000000101010000000101010000000000000001010100000001010100000000
0000000000001000001000001000001000000000000010000010000010000010000000
0000000000010100010100010100010100000000000101000101000101000101000000
0000000000100010100010100010100010000000001000101000101000101000100000
0000000001010100010100010100010101000000010101000101000101000101010000
0000000010000010100010100010100000100000100000101000101000101000001000
0000000101000100010100010100010001010001010001000101000101000100010100
0000001000101010100010100010101010001010001010101000101000101010100010
0000010101000000010100010100000001010001010000000101000101000000010100
0000100000100000100010100010000010001010001000001000101000100000100010
0001010001010001010100010101000101010001010100010101000101010001010100
0010001010001010000010100000101000001010000010100000101000001010000010
0101010001010001000100010001000100010001000100010001000100010001000100
1000001010001010101010101010101010101010101010101010101010101010101010
0100010001010000000000000000000000000000000000000000000000000000000000
1010101010001000000000000000000000000000000000000000000000000000000000
0000000001010100000000000000000000000000000000000000000000000000000000
0000000010000010000000000000000000000000000000000000000000000000000000
0000000101000101000000000000000000000000000000000000000000000000000000
0000001000101000100000000000000000000000000000000000000000000000000000
0000010101000101010000000000000000000000000000000000000000000000000000
0000100000101000001000000000000000000000000000000000000000000000000000
0001010001000100010100000000000000000000000000000000000000000000000000
0010001010101010100010000000000000000000000000000000000000000000000000
0101010000000000010101000000000000000000000000000000000000000000000000
1000001000000000100000100000000000000000000000000000000000000000000000
0100010100000001010001010000000000000000000000000000000000000000000000
1010100010000010001010001000000000000000000000000000000000000000000000
0000010101000101010001010100000000000000000000000000000000000000000000
0000100000101000001010000010000000000000000000000000000000000000000000
0001010001000100010001000101000000000000000000000000000000000000000000
0010001010101010101010101000100000000000000000000000000000000000000000
0101010000000000000000000101010000000000000000000000000000000000000000
1000001000000000000000001000001000000000000000000000000000000000000000
0100010100000000000000010100010100000000000000000000000000000000000000
1010100010000000000000100010100010000000000000000000000000000000000000
0000010101000000000001010100010101000000000000000000000000000000000000
0000100000100000000010000010100000100000000000000000000000000000000000
0001010001010000000101000100010001010000000000000000000000000000000000
0010001010001000001000101010101010001000000000000000000000000000000000
0101010001010100010101000000000001010100000000000000000000000000000000
1000001010000010100000100000000010000010000000000000000000000000000000
0100010001000100010001010000000101000101000000000000000000000000000000
1010101010101010101010001000001000101000100000000000000000000000000000
0000000000000000000001010100010101000101010000000000000000000000000000
0000000000000000000010000010100000101000001000000000000000000000000000
0000000000000000000101000100010001000100010100000000000000000000000000
0000000000000000001000101010101010101010100010000000000000000000000000
0000000000000000010101000000000000000000010101000000000000000000000000
0000000000000000100000100000000000000000100000100000000000000000000000
0000000000000001010001010000000000000001010001010000000000000000000000
0000000000000010001010001000000000000010001010001000000000000000000000
0000000000000101010001010100000000000101010001010100000000000000000000
0000000000001000001010000010000000001000001010000010000000000000000000
0000000000010100010001000101000000010100010001000101000000000000000000
0000000000100010101010101000100000100010101010101000100000000000000000
0000000001010100000000000101010001010100000000000101010000000000000000
0000000010000010000000001000001010000010000000001000001000000000000000
0000000101000101000000010100010001000101000000010100010100000000000000
0000001000101000100000100010101010101000100000100010100010000000000000
0000010101000101010001010100000000000101010001010100010101000000000000
0000100000101000001010000010000000001000001010000010100000100000000000
0001010001000100010001000101000000010100010001000100010001010000000000
0010001010101010101010101000100000100010101010101010101010001000000000
0101010000000000000000000101010001010100000000000000000001010100000000
1000001000000000000000001000001010000010000000000000000010000010000000
0100010100000000000000010100010001000101000000000000000101000101000000
1010100010000000000000100010101010101000100000000000001000101000100000
0000010101000000000001010100000000000101010000000000010101000101010000
0000100000100000000010000010000000001000001000000000100000101000001000
0001010001010000000101000101000000010100010100000001010001000100010100
0010001010001000001000101000100000100010100010000010001010101010100010
0101010001010100010101000101010001010100010101000101010000000000010100
1000001010000010100000101000001010000010100000101000001000000000100010
0100010001000100010001000100010001000100010001000100010100000001010100
1010101010101010101010101010101010101010101010101010100010000010000010
0000000000000000000000000000000000000000000000000000010101000101000100
0000000000000000000000000000000000000000000000000000100000101000101010
0000000000000000000000000000000000000000000000000001010001000101000000
0000000000000000000000000000000000000000000000000010001010101000100000
0000000000000000000000000000000000000000000000000101010000000101010000
0000000000000000000000000000000000000000000000001000001000001000001000
0000000000000000000000000000000000000000000000010100010100010100010100
0000000000000000000000000000000000000000000000100010100010100010100010
0000000000000000000000000000000000000000000001010100010100010100010100
0000000000000000000000000000000000000000000010000010100010100010100010
0000000000000000000000000000000000000000000101000100010100010100010100
0000000000000000000000000000000000000000001000101010100010100010100010
0000000000000000000000000000000000000000010101000000010100010100010100
0000000000000000000000000000000000000000100000100000100010100010100010
0000000000000000000000000000000000000001010001010001010100010100010100
0000000000000000000000000000000000000010001010001010000010100010100010
0000000000000000000000000000000000000101010001010001000100010100010100
0000000000000000000000000000000000001000001010001010101010100010100010
0000000000000000000000000000000000010100010001010000000000010100010100
0000000000000000000000000000000000100010101010001000000000100010100010
0000000000000000000000000000000001010100000001010100000001010100010100
0000000000000000000000000000000010000010000010000010000010000010100010
0000000000000000000000000000000101000101000101000101000101000100010100
0000000000000000000000000000001000101000101000101000101000101010100010
