1011101110111011101110111011101110111011101110111011101110111011101100
1001100110011001100110011001100110011001100110011001100110011001100110
1110111011101110111011101110111011101110111011101110111011101110111011
0110011001100110011001100110011001100110011001100110011001100110011000
1011101110111011101110111011101110111011101110111011101110111011101100
1001100110011001100110011001100110011001100110011001100110011001100110
1110111011101110111011101110111011101110111011101110111011101110111011
0110011001100110011001100110011001100110011001100110011001100110011000
1011101110111011101110111011101110111011101110111011101110111011101100
1001100110011001100110011001100110011001100110011001100110011001100110
1110111011101110111011101110111011101110111011101110111011101110111011
0110011001100110011001100110011001100110011001100110011001100110011000
1011101110111011101110111011101110111011101110111011101110111011101100
1001100110011001100110011001100110011001100110011001100110011001100110
1110111011101110111011101110111011101110111011101110111011101110111011
0110011001100110011001100110011001100110011001100110011001100110011000
1011101110111011101110111011101110111011101110111011101110111011101100
1001100110011001100110011001100110011001100110011001100110011001100110
1110111011101110111011101110111011101110111011101110111011101110111011
0110011001100110011001100110011001100110011001100110011001100110011000
1011101110111011101110111011101110111011101110111011101110111011101100
1001100110011001100110011001100110011001100110011001100110011001100110
1110111011101110111011101110111011101110111011101110111011101110111011
0110011001100110011001100110011001100110011001100110011001100110011000
1011101110111011101110111011101110111011101110111011101110111011101100
1001100110011001100110011001100110011001100110011001100110011001100110
1110111011101110111011101110111011101110111011101110111011101110111011
0110011001100110011001100110011001100110011001100110011001100110011000
1011101110111011101110111011101110111011101110111011101110111011101100
1001100110011001100110011001100110011001100110011001100110011001100110
1110111011101110111011101110111011101110111011101110111011101110111011
0110011001100110011001100110011001100110011001100110011001100110011000
1011101110111011101110111011101110111011101110111011101110111011101100
1001100110011001100110011001100110011001100110011001100110011001100110
1110111011101110111011101110111011101110111011101110111011101110111011
0110011001100110011001100110011001100110011001100110011001100110011000
1011101110111011101110111011101110111011101110111011101110111011101100
1001100110011001100110011001100110011001100110011001100110011001100110
1110111011101110111011101110111011101110111011101110111011101110111011
0110011001100110011001100110011001100110011001100110011001100110011000
1011101110111011101110111011101110111011101110111011101110111011101100
1001100110011001100110011001100110011001100110011001100110011001100110
1110111011101110111011101110111011101110111011101110111011101110111011
0110011001100110011001100110011001100110011001100110011001100110011000
1011101110111011101110111011101110111011101110111011101110111011101100
1001100110011001100110011001100110011001100110011001100110011001100110
1110111011101110111011101110111011101110111011101110111011101110111011
0110011001100110011001100110011001100110011001100110011001100110011000
1011101110111011101110111011101110111011101110111011101110111011101100
1001100110011001100110011001100110011001100110011001100110011001100110
1110111011101110111011101110111011101110111011101110111011101110111011
0110011001100110011001100110011001100110011001100110011001100110011000
1011101110111011101110111011101110111011101110111011101110111011101100
1001100110011001100110011001100110011001100110011001100110011001100110
1110111011101110111011101110111011101110111011101110111011101110111011
0110011001100110011001100110011001100110011001100110011001100110011000
1011101110111011101110111011101110111011101110111011101110111011101100
1001100110011001100110011001100110011001100110011001100110011001100110
1110111011101110111011101110111011101110111011101110111011101110111011
0110011001100110011001100110011001100110011001100110011001100110011000
1011101110111011101110111011101110111011101110111011101110111011101100
1001100110011001100110011001100110011001100110011001100110011001100110
1110111011101110111011101110111011101110111011101110111011101110111011
0110011001100110011001100110011001100110011001100110011001100110011000
1011101110111011101110111011101110111011101110111011101110111011101100
1001100110011001100110011001100110011001100110011001100110011001100110
1110111011101110111011101110111011101110111011101110111011101110111011
0110011001100110011001100110011001100110011001100110011001100110011000
1011101110111011101110111011101110111011101110111011101110111011101100
1001100110011001100110011001100110011001100110011001100110011001100110
1110111011101110111011101110111011101110111011101110111011101110111011
0110011001100110011001100110011001100110011001100110011001100110011000
1011101110111011101110111011101110111011101110111011101110111011101100
1001100110011001100110011001100110011001100110011001100110011001100110
1110111011101110111011101110111011101110111011101110111011101110111011
0110011001100110011001100110011001100110011001100110011001100110011000
1011101110111011101110111011101110111011101110111011101110111011101100
1001100110011001100110011001100110011001100110011001100110011001100110
1110111011101110111011101110111011101110111011101110111011101110111011
0110011001100110011001100110011001100110011001100110011001100110011000
1011101110111011101110111011101110111011101110111011101110111011101100
1001100110011001100110011001100110011001100110011001100110011001100110
1110111011101110111011101110111011101110111011101110111011101110111011
0110011001100110011001100110011001100110011001100110011001100110011000
1011101110111011101110111011101110111011101110111011101110111011101100
1001100110011001100110011001100110011001100110011001100110011001100110
1110111011101110111011101110111011101110111011101110111011101110111011
0110011001100110011001100110011001100110011001100110011001100110011000
1011101110111011101110111011101110111011101110111011101110111011101100
1001100110011001100110011001100110011001100110011001100110011001100110
1110111011101110111011101110111011101110111011101110111011101110111011
0110011001100110011001100110011001100110011001100110011001100110011000
1011101110111011101110111011101110111011101110111011101110111011101100
1001100110011001100110011001100110011001100110011001100110011001100110
1110111011101110111011101110111011101110111011101110111011101110111011
0110011001100110011001100110011001100110011001100110011001100110011000
1011101110111011101110111011101110111011101110111011101110111011101100
1001100110011001100110011001100110011001100110011001100110011001100110
1110111011101110111011101110111011101110111011101110111011101110111011
0110011001100110011001100110011001100110011001100110011001100110011000
1011101110111011101110111011101110111011101110111011101110111011101100
1001100110011001100110011001100110011001100110011001100110011001100110
1110111011101110111011101110111011101110111011101110111011101110111011
0110011001100110011001100110011001100110011001100110011001100110011000
1011101110111011101110111011101110111011101110111011101110111011101100
1001100110011001100110011001100110011001100110011001100110011001100110
1110111011101110111011101110111011101110111011101110111011101110111011
0110011001100110011001100110011001100110011001100110011001100110011000
1011101110111011101110111011101110111011101110111011101110111011101100
1001100110011001100110011001100110011001100110011001100110011001100110
1110111011101110111011101110111011101110111011101110111011101110111011
0110011001100110011001100110011001100110011001100110011001100110011000
1011101110111011101110111011101110111011101110111011101110111011101100
1001100110011001100110011001100110011001100110011001100110011001100110
1110111011101110111011101110111011101110111011101110111011101110111011
0110011001100110011001100110011001100110011001100110011001100110011000
1011101110111011101110111011101110111011101110111011101110111011101100
1001100110011001100110011001100110011001100110011001100110011001100110
1110111011101110111011101110111011101110111011101110111011101110111011
0110011001100110011001100110011001100110011001100110011001100110011000
1011101110111011101110111011101110111011101110111011101110111011101100
1001100110011001100110011001100110011001100110011001100110011001100110
1110111011101110111011101110111011101110111011101110111011101110111011
0110011001100110011001100110011001100110011001100110011001100110011000
1011101110111011101110111011101110111011101110111011101110111011101100
1001100110011001100110011001100110011001100110011001100110011001100110
1110111011101110111011101110111011101110111011101110111011101110111011
0110011001100110011001100110011001100110011001100110011001100110011000
1011101110111011101110111011101110111011101110111011101110111011101100
1001100110011001100110011001100110011001100110011001100110011001100110
1110111011101110111011101110111011101110111011101110111011101110111011
0110011001100110011001100110011001100110011001100110011001100110011000
1011101110111011101110111011101110111011101110111011101110111011101100
1001100110011001100110011001100110011001100110011001100110011001100110
1110111011101110111011101110111011101110111011101110111011101110111011
0110011001100110011001100110011001100110011001100110011001100110011000
1011101110111011101110111011101110111011101110111011101110111011101100
1001100110011001100110011001100110011001100110011001100110011001100110
1110111011101110111011101110111011101110111011101110111011101110111011
0110011001100110011001100110011001100110011001100110011001100110011000
1011101110111011101110111011101110111011101110111011101110111011101100
1001100110011001100110011001100110011001100110011001100110011001100110
1110111011101110111011101110111011101110111011101110111011101110111011
0110011001100110011001100110011001100110011001100110011001100110011000
1011101110111011101110111011101110111011101110111011101110111011101100
1001100110011001100110011001100110011001100110011001100110011001100110
1110111011101110111011101110111011101110111011101110111011101110111011
0110011001100110011001100110011001100110011001100110011001100110011000
1011101110111011101110111011101110111011101110111011101110111011101100
1001100110011001100110011001100110011001100110011001100110011001100110
1110111011101110111011101110111011101110111011101110111011101110111011
0110011001100110011001100110011001100110011001100110011001100110011000
1011101110111011101110111011101110111011101110111011101110111011101100
1001100110011001100110011001100110011001100110011001100110011001100110
1110111011101110111011101110111011101110111011101110111011101110111011
0110011001100110011001100110011001100110011001100110011001100110011000
1011101110111011101110111011101110111011101110111011101110111011101100
1001100110011001100110011001100110011001100110011001100110011001100110
1110111011101110111011101110111011101110111011101110111011101110111011
0110011001100110011001100110011001100110011001100110011001100110011000
1011101110111011101110111011101110111011101110111011101110111011101100
1001100110011001100110011001100110011001100110011001100110011001100110
1110111011101110111011101110111011101110111011101110111011101110111011
0110011001100110011001100110011001100110011001100110011001100110011000
1011101110111011101110111011101110111011101110111011101110111011101100
1001100110011001100110011001100110011001100110011001100110011001100110
1110111011101110111011101110111011101110111011101110111011101110111011
0110011001100110011001100110011001100110011001100110011001100110011000
1011101110111011101110111011101110111011101110111011101110111011101100
1001100110011001100110011001100110011001100110011001100110011001100110
1110111011101110111011101110111011101110111011101110111011101110111011
0110011001100110011001100110011001100110011001100110011001100110011000
1011101110111011101110111011101110111011101110111011101110111011101100
1001100110011001100110011001100110011001100110011001100110011001100110
1110111011101110111011101110111011101110111011101110111011101110111011
0110011001100110011001100110011001100110011001100110011001100110011000
1011101110111011101110111011101110111011101110111011101110111011101100
1001100110011001100110011001100110011001100110011001100110011001100110
1110111011101110111011101110111011101110111011101110111011101110111011
0110011001100110011001100110011001100110011001100110011001100110011000
1011101110111011101110111011101110111011101110111011101110111011101100
1001100110011001100110011001100110011001100110011001100110011001100110
1110111011101110111011101110111011101110111011101110111011101110111011
0110011001100110011001100110011001100110011001100110011001100110011000
1011101110111011101110111011101110111011101110111011101110111011101100
1001100110011001100110011001100110011001100110011001100110011001100110
1110111011101110111011101110111011101110111011101110111011101110111011
0110011001100110011001100110011001100110011001100110011001100110011000
1011101110111011101110111011101110111011101110111011101110111011101100
1001100110011001100110011001100110011001100110011001100110011001100110
1110111011101110111011101110111011101110111011101110111011101110111011
0110011001100110011001100110011001100110011001100110011001100110011000
1011101110111011101110111011101110111011101110111011101110111011101100
1001100110011001100110011001100110011001100110011001100110011001100110
1110111011101110111011101110111011101110111011101110111011101110111011
0110011001100110011001100110011001100110011001100110011001100110011000
1011101110111011101110111011101110111011101110111011101110111011101100
1001100110011001100110011001100110011001100110011001100110011001100110
1110111011101110111011101110111011101110111011101110111011101110111011
0110011001100110011001100110011001100110011001100110011001100110011000
1011101110111011101110111011101110111011101110111011101110111011101100
1001100110011001100110011001100110011001100110011001100110011001100110
1110111011101110111011101110111011101110111011101110111011101110111011
0110011001100110011001100110011001100110011001100110011001100110011000
1011101110111011101110111011101110111011101110111011101110111011101100
1001100110011001100110011001100110011001100110011001100110011001100110
1110111011101110111011101110111011101110111011101110111011101110111011
0110011001100110011001100110011001100110011001100110011001100110011000
1011101110111011101110111011101110111011101110111011101110111011101100
1001100110011001100110011001100110011001100110011001100110011001100110
