1111111111111111111111111111111111111111111111111111111111111111111111
0111111111111111111111111111111111111111111111111111111111111111111110
0011111111111111111111111111111111111111111111111111111111111111111110
1001111111111111111111111111111111111111111111111111111111111111111110
0000111111111111111111111111111111111111111111111111111111111111111110
1110011111111111111111111111111111111111111111111111111111111111111110
0110001111111111111111111111111111111111111111111111111111111111111110
0010100111111111111111111111111111111111111111111111111111111111111110
1001000011111111111111111111111111111111111111111111111111111111111110
0000011001111111111111111111111111111111111111111111111111111111111110
1111001000111111111111111111111111111111111111111111111111111111111110
0111000010011111111111111111111111111111111111111111111111111111111110
0011011000001111111111111111111111111111111111111111111111111111111110
1001101011100111111111111111111111111111111111111111111111111111111110
0000110101100011111111111111111111111111111111111111111111111111111110
1110011010101001111111111111111111111111111111111111111111111111111110
0110001101010000111111111111111111111111111111111111111111111111111110
0010100110100110011111111111111111111111111111111111111111111111111110
1001000011000010001111111111111111111111111111111111111111111111111110
0000011001011000100111111111111111111111111111111111111111111111111110
1111001000101010000011111111111111111111111111111111111111111111111110
0111000010010100111001111111111111111111111111111111111111111111111110
0011011000001000011000111111111111111111111111111111111111111111111110
1001101011100011001010011111111111111111111111111111111111111111111110
0000110101101001000100001111111111111111111111111111111111111111111110
1110011010110000010001100111111111111111111111111111111111111111111110
0110001101010111000100100011111111111111111111111111111111111111111110
0010100110101011010000001001111111111111111111111111111111111111111110
1001000011010101100111100000111111111111111111111111111111111111111110
0000011001101010100011101110011111111111111111111111111111111111111110
1111001000110101001001110110001111111111111111111111111111111111111110
0111000010011010000000111010100111111111111111111111111111111111111110
0011011000001100111110011101000011111111111111111111111111111111111110
1001101011100100011110001110011001111111111111111111111111111111111110
0000110101100001001110100110001000111111111111111111111111111111111110
1110011010101100000111000010100010011111111111111111111111111111111110
0110001101010101110011011001001000001111111111111111111111111111111110
0010100110101010110001101000000011100111111111111111111111111111111110
1001000011010101010100110011111001100011111111111111111111111111111110
0000011001101010101000010001111000101001111111111111111111111111111110
1111001000110101010011000100111010010000111111111111111111111111111110
0111000010011010100001010000011100000110011111111111111111111111111110
0011011000001101001100100111001101110010001111111111111111111111111110
1001101011100110000100000011000110110000100111111111111111111111111110
0000110101100010110001111001010011010110000011111111111111111111111110
1110011010101001010100111000100001101010111001111111111111111111111110
0110001101010000101000011010001100110101011000111111111111111111111110
0010100110100110010011001100100100011010101010011111111111111111111110
1001000011000010000001000100000001001101010100001111111111111111111110
0000011001011000111100010001111100000110101001100111111111111111111110
1111001000101010011101000100111101110011010000100011111111111111111110
0111000010010100001110010000011110110001100110001001111111111111111110
0011011000001001100110000111001111010100100010100000111111111111111110
1001101011100000100010110011000111101000001001001110011111111111111110
0000110101101110001001010001010011110011100000000110001111111111111110
1110011010110110100000100100100001110001101111110010100111111111111110
0110001101011011001110000000001100110100110111110001000011111111111110
0010100110101101000110111111100100011000011011110100011001111111111110
1001000011010110010011011111100001001011001101111001001000111111111110
0000011001101010000001101111101100000101000110111000000010011111111110
1111001000110100111100110111110101110010010011011011111000001111111110
0111000010011000011100011011111010110000000001101101111011100111111110
0011011000001011001101001101111101010111111100110110111101100011111110
1001101011100101000110000110111110101011111100011011011110101001111110
0000110101100010010010110011011111010101111101001101101111010000111110
1110011010101000000001010001101111101010111110000110110111100110011110
0110001101010011111100100100110111110101011110110011011011100010001110
0010100110100001111100000000011011111010101111010001101101101000100110
1001000011001100111101111111001101111101010111100100110110110010000010
0000011001000100011110111111000110111110101011100000011011010000111000
1111001000010001001111011111010011011111010101101111001101100110011011
0111000011000100000111101111100001101111101010110111000110100010001100
0011011001010001110011110111101100110111110101011011010011001000100101
1001101000100100110001111011110100011011111010101101100001000010000010
0000110010000000010100111101111001001101111101010110101100011000111000
1110010000111111001000011110111000000110111110101011010101001010011011
0110000110011111000011001111011011110011011111010101101010000100001100
0010110010001111011001000111101101110001101111101010110100110001100101
1001010000100111101000010011110110110100110111110101011000010100100010
0000100110000011110011000001111011011000011011111010101011001000001000
1110000010111001110001011100111101101011001101111101010101000011100011
0110111001011000110100101100011110110101000110111110101010011001101000
0011011000101010011000010101001111011010010011011111010100001000110011
1001101010010100001011001010000111101100000001101111101001100010010000
0000110100001001100101000100110011110101111100110111110000101000000111
1110011001100000100010010000010001111010111100011011110110010011110010
0110001000101110001000000111000100111101011101001101111010000001110000
0010100010010110100011110011010000011110101110000110111100111100110111
1001001000001011001001110001100111001111010110110011011100011100011010
0000000011100101000000110100100011000111101011010001101101001101001100
1111111001100010011110011000001001010011110101100100110110000110000101
0111111000101000001110001011100000100001111010100000011010110010110010
0011111010010011100110100101101110001100111101001111001101010001010000
1001111100000001100011000010110110100100011110000111000110100100100111
0000111101111100101001011001011011000001001110110011010011000000000010
1110011110111100010000101000101101011100000111010001100001011111111000
0110001111011101000110010010010110101101110011100100101100101111111011
0010100111101110010010000000001011010110110001100000010100010111111100
1001000011110110000000111111100101101011010100101111001001001011111101
0000011001111010111110011111100010110101101000010111000000000101111110
1111001000111101011110001111101001011010110011001011011111110010111110
0111000010011110101110100111110000101101010001000101101111110001011110
0011011000001111010111000011110110010110100100010010110111110100101110
1001101011100111101011011001111010001011000001000001011011111000010110
0000110101100011110101101000111100100101011100011100101101111011001010
1110011010101001111010110010011100000010101101001100010110111101000100
0110001101010000111101010000001101111001010110000101001011011110010001
0010100110100110011110100111100110111000101010110010000101101110000100
1001000011000010001111000011100011011010010101010000110010110110110001
0000011001011000100111011001101001101100001010100110010001011011010100
1111001000101010000011101000110000110101100101000010000100101101101001
0111000010010100111001110010010110011010100010011000110000010110110000
0011011000001000011000110000001010001101001000001010010111001011010111
1001101011100011001010010111100100100110000011100100001011000101101010
0000110101101001000100001011100000000010111001100001100101010010110100
1110011010110000010001100101101111111001011000101100100010100001011001
0110001101010111000100100010110111111000101010010100001001001100101000
0010100110101011010000001001011011111010010100001001100000000100010011
1001000011010101100111100000101101111100001001100000101111110001000000
0000011001101010100011101110010110111101100000101110010111110100011111
1111001000110101001001110110001011011110101110010110001011111001001110
0111000010011010000000111010100101101111010110001010100101111000000110
0011011000001100111110011101000010110111101010100101000010111011110010
1001101011100100011110001110011001011011110101000010011001011101110000
0000110101100001001110100110001000101101111010011000001000101110110111
1110011010101100000111000010100010010110111100001011100010010111011010
0110001101010101110011011001001000001011011101100101101000001011101100
0010100110101010110001101000000011100101101110100010110011100101110101
1001000011010101010100110011111001100010110111001001010001100010111010
0000011001101010101000010001111000101001011011000000100100101001011100
1111001000110101010011000100111010010000101101011110000000010000101101
0111000010011010100001010000011100000110010110101110111111000110010110
0011011000001101001100100111001101110010001011010111011111010010001010
1001101011100110000100000011000110110000100101101011101111100000100100
0000110101100010110001111001010011010110000010110101110111101110000001
1110011010101001010100111000100001101010111001011010111011110110111100
0110001101010000101000011010001100110101011000101101011101111011011101
0010100110100110010011001100100100011010101010010110101110111101101110
1001000011000010000001000100000001001101010100001011010111011110110110
0000011001011000111100010001111100000110101001100101101011101111011010
1111001000101010011101000100111101110011010000100010110101110111101100
0111000010010100001110010000011110110001100110001001011010111011110101
0011011000001001100110000111001111010100100010100000101101011101111010
1001101011100000100010110011000111101000001001001110010110101110111100
0000110101101110001001010001010011110011100000000110001011010111011101
1110011010110110100000100100100001110001101111110010100101101011101110
0110001101011011001110000000001100110100110111110001000010110101110110
0010100110101101000110111111100100011000011011110100011001011010111010
1001000011010110010011011111100001001011001101111001001000101101011100
0000011001101010000001101111101100000101000110111000000010010110101101
1111001000110100111100110111110101110010010011011011111000001011010110
0111000010011000011100011011111010110000000001101101111011100101101010
0011011000001011001101001101111101010111111100110110111101100010110100
1001101011100101000110000110111110101011111100011011011110101001011001
0000110101100010010010110011011111010101111101001101101111010000101000
1110011010101000000001010001101111101010111110000110110111100110010011
0110001101010011111100100100110111110101011110110011011011100010000000
0010100110100001111100000000011011111010101111010001101101101000111111
1001000011001100111101111111001101111101010111100100110110110010011110
0000011001000100011110111111000110111110101011100000011011010000001110
1111001000010001001111011111010011011111010101101111001101100111100110
0111000011000100000111101111100001101111101010110111000110100011100010
0011011001010001110011110111101100110111110101011011010011001001101000
1001101000100100110001111011110100011011111010101101100001000000110011
0000110010000000010100111101111001001101111101010110101100011110010000
1110010000111111001000011110111000000110111110101011010101001110000111
0110000110011111000011001111011011110011011111010101101010000110110010
0010110010001111011001000111101101110001101111101010110100110011010000
1001010000100111101000010011110110110100110111110101011000010001100111
0000100110000011110011000001111011011000011011111010101011000100100010
1110000010111001110001011100111101101011001101111101010101010000001000
0110111001011000110100101100011110110101000110111110101010100111100011
0011011000101010011000010101001111011010010011011111010101000011101000
1001101010010100001011001010000111101100000001101111101010011001110011
0000110100001001100101000100110011110101111100110111110100001000110000
1110011001100000100010010000010001111010111100011011111001100010010111
0110001000101110001000000111000100111101011101001101111000101000001010
0010100010010110100011110011010000011110101110000110111010010011100100
1001001000001011001001110001100111001111010110110011011100000001100001
0000000011100101000000110100100011000111101011010001101101111100101100
1111111001100010011110011000001001010011110101100100110110111100010101
0111111000101000001110001011100000100001111010100000011011011101001010
0011111010010011100110100101101110001100111101001111001101101110000100
1001111100000001100011000010110110100100011110000111000110110110110001
0000111101111100101001011001011011000001001110110011010011011011010100
1110011110111100010000101000101101011100000111010001100001101101101001
0110001111011101000110010010010110101101110011100100101100110110110000
0010100111101110010010000000001011010110110001100000010100011011010111
1001000011110110000000111111100101101011010100101111001001001101101010
0000011001111010111110011111100010110101101000010111000000000110110100
1111001000111101011110001111101001011010110011001011011111110011011001
0111000010011110101110100111110000101101010001000101101111110001101000
0011011000001111010111000011110110010110100100010010110111110100110011
1001101011100111101011011001111010001011000001000001011011111000010000
0000110101100011110101101000111100100101011100011100101101111011000111
1110011010101001111010110010011100000010101101001100010110111101010010
0110001101010000111101010000001101111001010110000101001011011110100000
0010100110100110011110100111100110111000101010110010000101101111001111
1001000011000010001111000011100011011010010101010000110010110111000110
0000011001011000100111011001101001101100001010100110010001011011010010
1111001000101010000011101000110000110101100101000010000100101101100000
0111000010010100111001110010010110011010100010011000110000010110101111
0011011000001000011000110000001010001101001000001010010111001011010110
1001101011100011001010010111100100100110000011100100001011000101101010
0000110101101001000100001011100000000010111001100001100101010010110100
1110011010110000010001100101101111111001011000101100100010100001011001
0110001101010111000100100010110111111000101010010100001001001100101000
0010100110101011010000001001011011111010010100001001100000000100010011
1001000011010101100111100000101101111100001001100000101111110001000000
0000011001101010100011101110010110111101100000101110010111110100011111
