0000101010110101000101110110101011011110100001010110101011111000101110
0001010101011010001010111011010101101111000010101011010101111001010110
0010101010101100010101011101101010110111000101010101101010111010101010
0101010101010100101010101110110101011011001010101010110101011101010100
1010101010101001010101010111011010101101010101010101011010101110101000
0101010101010010101010101011101101010110101010101010101101010111010000
1010101010100101010101010101110110101011010101010101010110101011100000
0101010101001010101010101010111011010101101010101010101011010101100000
1010101010010101010101010101011101101010110101010101010101101010100000
0101010100101010101010101010101110110101011010101010101010110101000000
1010101001010101010101010101010111011010101101010101010101011010000000
0101010010101010101010101010101011101101010110101010101010101100000000
1010100101010101010101010101010101110110101011010101010101010100000000
0101001010101010101010101010101010111011010101101010101010101000000000
1010010101010101010101010101010101011101101010110101010101010000000000
0100101010101010101010101010101010101110110101011010101010100000000000
1001010101010101010101010101010101010111011010101101010101000000000000
0010101010101010101010101010101010101011101101010110101010000000000000
0101010101010101010101010101010101010101110110101011010100000000000000
1010101010101010101010101010101010101010111011010101101000000000000000
0101010101010101010101010101010101010101011101101010110000000000000000
1010101010101010101010101010101010101010101110110101010000000000000000
0101010101010101010101010101010101010101010111011010100000000000000000
1010101010101010101010101010101010101010101011101101000000000000000000
0101010101010101010101010101010101010101010101110110000000000000000000
1010101010101010101010101010101010101010101010111010000000000000000000
0101010101010101010101010101010101010101010101011100000000000000000000
1010101010101010101010101010101010101010101010101100000000000000000000
0101010101010101010101010101010101010101010101010100000000000000000000
1010101010101010101010101010101010101010101010101000000000000000000000
0101010101010101010101010101010101010101010101010000000000000000000000
1010101010101010101010101010101010101010101010100000000000000000000000
0101010101010101010101010101010101010101010101000000000000000000000000
1010101010101010101010101010101010101010101010000000000000000000000000
0101010101010101010101010101010101010101010100000000000000000000000000
1010101010101010101010101010101010101010101000000000000000000000000000
0101010101010101010101010101010101010101010000000000000000000000000000
1010101010101010101010101010101010101010100000000000000000000000000000
0101010101010101010101010101010101010101000000000000000000000000000000
1010101010101010101010101010101010101010000000000000000000000000000000
0101010101010101010101010101010101010100000000000000000000000000000000
1010101010101010101010101010101010101000000000000000000000000000000000
0101010101010101010101010101010101010000000000000000000000000000000000
1010101010101010101010101010101010100000000000000000000000000000000000
0101010101010101010101010101010101000000000000000000000000000000000000
1010101010101010101010101010101010000000000000000000000000000000000000
0101010101010101010101010101010100000000000000000000000000000000000000
1010101010101010101010101010101000000000000000000000000000000000000000
0101010101010101010101010101010000000000000000000000000000000000000000
1010101010101010101010101010100000000000000000000000000000000000000000
0101010101010101010101010101000000000000000000000000000000000000000000
1010101010101010101010101010000000000000000000000000000000000000000000
0101010101010101010101010100000000000000000000000000000000000000000000
1010101010101010101010101000000000000000000000000000000000000000000000
0101010101010101010101010000000000000000000000000000000000000000000000
1010101010101010101010100000000000000000000000000000000000000000000000
0101010101010101010101000000000000000000000000000000000000000000000000
1010101010101010101010000000000000000000000000000000000000000000000000
0101010101010101010100000000000000000000000000000000000000000000000000
1010101010101010101000000000000000000000000000000000000000000000000000
0101010101010101010000000000000000000000000000000000000000000000000000
1010101010101010100000000000000000000000000000000000000000000000000000
0101010101010101000000000000000000000000000000000000000000000000000000
1010101010101010000000000000000000000000000000000000000000000000000000
0101010101010100000000000000000000000000000000000000000000000000000000
1010101010101000000000000000000000000000000000000000000000000000000000
0101010101010000000000000000000000000000000000000000000000000000000000
1010101010100000000000000000000000000000000000000000000000000000000000
0101010101000000000000000000000000000000000000000000000000000000000000
1010101010000000000000000000000000000000000000000000000000000000000000
0101010100000000000000000000000000000000000000000000000000000000000000
1010101000000000000000000000000000000000000000000000000000000000000000
0101010000000000000000000000000000000000000000000000000000000000000000
1010100000000000000000000000000000000000000000000000000000000000000000
0101000000000000000000000000000000000000000000000000000000000000000000
1010000000000000000000000000000000000000000000000000000000000000000000
0100000000000000000000000000000000000000000000000000000000000000000000
1000000000000000000000000000000000000000000000000000000000000000000000
0000000000000000000000000000000000000000000000000000000000000000000000
0000000000000000000000000000000000000000000000000000000000000000000000
0000000000000000000000000000000000000000000000000000000000000000000000
0000000000000000000000000000000000000000000000000000000000000000000000
0000000000000000000000000000000000000000000000000000000000000000000000
0000000000000000000000000000000000000000000000000000000000000000000000
0000000000000000000000000000000000000000000000000000000000000000000000
0000000000000000000000000000000000000000000000000000000000000000000000
0000000000000000000000000000000000000000000000000000000000000000000000
0000000000000000000000000000000000000000000000000000000000000000000000
0000000000000000000000000000000000000000000000000000000000000000000000
0000000000000000000000000000000000000000000000000000000000000000000000
0000000000000000000000000000000000000000000000000000000000000000000000
0000000000000000000000000000000000000000000000000000000000000000000000
0000000000000000000000000000000000000000000000000000000000000000000000
0000000000000000000000000000000000000000000000000000000000000000000000
0000000000000000000000000000000000000000000000000000000000000000000000
0000000000000000000000000000000000000000000000000000000000000000000000
0000000000000000000000000000000000000000000000000000000000000000000000
0000000000000000000000000000000000000000000000000000000000000000000000
0000000000000000000000000000000000000000000000000000000000000000000000
0000000000000000000000000000000000000000000000000000000000000000000000
0000000000000000000000000000000000000000000000000000000000000000000000
0000000000000000000000000000000000000000000000000000000000000000000000
0000000000000000000000000000000000000000000000000000000000000000000000
0000000000000000000000000000000000000000000000000000000000000000000000
0000000000000000000000000000000000000000000000000000000000000000000000
0000000000000000000000000000000000000000000000000000000000000000000000
0000000000000000000000000000000000000000000000000000000000000000000000
0000000000000000000000000000000000000000000000000000000000000000000000
0000000000000000000000000000000000000000000000000000000000000000000000
0000000000000000000000000000000000000000000000000000000000000000000000
0000000000000000000000000000000000000000000000000000000000000000000000
0000000000000000000000000000000000000000000000000000000000000000000000
0000000000000000000000000000000000000000000000000000000000000000000000
0000000000000000000000000000000000000000000000000000000000000000000000
0000000000000000000000000000000000000000000000000000000000000000000000
0000000000000000000000000000000000000000000000000000000000000000000000
0000000000000000000000000000000000000000000000000000000000000000000000
0000000000000000000000000000000000000000000000000000000000000000000000
0000000000000000000000000000000000000000000000000000000000000000000000
0000000000000000000000000000000000000000000000000000000000000000000000
0000000000000000000000000000000000000000000000000000000000000000000000
0000000000000000000000000000000000000000000000000000000000000000000000
0000000000000000000000000000000000000000000000000000000000000000000000
0000000000000000000000000000000000000000000000000000000000000000000000
0000000000000000000000000000000000000000000000000000000000000000000000
0000000000000000000000000000000000000000000000000000000000000000000000
0000000000000000000000000000000000000000000000000000000000000000000000
0000000000000000000000000000000000000000000000000000000000000000000000
0000000000000000000000000000000000000000000000000000000000000000000000
0000000000000000000000000000000000000000000000000000000000000000000000
0000000000000000000000000000000000000000000000000000000000000000000000
0000000000000000000000000000000000000000000000000000000000000000000000
0000000000000000000000000000000000000000000000000000000000000000000000
0000000000000000000000000000000000000000000000000000000000000000000000
0000000000000000000000000000000000000000000000000000000000000000000000
0000000000000000000000000000000000000000000000000000000000000000000000
0000000000000000000000000000000000000000000000000000000000000000000000
0000000000000000000000000000000000000000000000000000000000000000000000
0000000000000000000000000000000000000000000000000000000000000000000000
0000000000000000000000000000000000000000000000000000000000000000000000
0000000000000000000000000000000000000000000000000000000000000000000000
0000000000000000000000000000000000000000000000000000000000000000000000
0000000000000000000000000000000000000000000000000000000000000000000000
0000000000000000000000000000000000000000000000000000000000000000000000
0000000000000000000000000000000000000000000000000000000000000000000000
0000000000000000000000000000000000000000000000000000000000000000000000
0000000000000000000000000000000000000000000000000000000000000000000000
0000000000000000000000000000000000000000000000000000000000000000000000
0000000000000000000000000000000000000000000000000000000000000000000000
0000000000000000000000000000000000000000000000000000000000000000000000
0000000000000000000000000000000000000000000000000000000000000000000000
0000000000000000000000000000000000000000000000000000000000000000000000
0000000000000000000000000000000000000000000000000000000000000000000000
0000000000000000000000000000000000000000000000000000000000000000000000
0000000000000000000000000000000000000000000000000000000000000000000000
0000000000000000000000000000000000000000000000000000000000000000000000
0000000000000000000000000000000000000000000000000000000000000000000000
0000000000000000000000000000000000000000000000000000000000000000000000
0000000000000000000000000000000000000000000000000000000000000000000000
0000000000000000000000000000000000000000000000000000000000000000000000
0000000000000000000000000000000000000000000000000000000000000000000000
0000000000000000000000000000000000000000000000000000000000000000000000
0000000000000000000000000000000000000000000000000000000000000000000000
0000000000000000000000000000000000000000000000000000000000000000000000
0000000000000000000000000000000000000000000000000000000000000000000000
0000000000000000000000000000000000000000000000000000000000000000000000
0000000000000000000000000000000000000000000000000000000000000000000000
0000000000000000000000000000000000000000000000000000000000000000000000
0000000000000000000000000000000000000000000000000000000000000000000000
0000000000000000000000000000000000000000000000000000000000000000000000
0000000000000000000000000000000000000000000000000000000000000000000000
0000000000000000000000000000000000000000000000000000000000000000000000
0000000000000000000000000000000000000000000000000000000000000000000000
0000000000000000000000000000000000000000000000000000000000000000000000
0000000000000000000000000000000000000000000000000000000000000000000000
0000000000000000000000000000000000000000000000000000000000000000000000
0000000000000000000000000000000000000000000000000000000000000000000000
0000000000000000000000000000000000000000000000000000000000000000000000
0000000000000000000000000000000000000000000000000000000000000000000000
0000000000000000000000000000000000000000000000000000000000000000000000
0000000000000000000000000000000000000000000000000000000000000000000000
0000000000000000000000000000000000000000000000000000000000000000000000
0000000000000000000000000000000000000000000000000000000000000000000000
0000000000000000000000000000000000000000000000000000000000000000000000
0000000000000000000000000000000000000000000000000000000000000000000000
0000000000000000000000000000000000000000000000000000000000000000000000
0000000000000000000000000000000000000000000000000000000000000000000000
0000000000000000000000000000000000000000000000000000000000000000000000
0000000000000000000000000000000000000000000000000000000000000000000000
0000000000000000000000000000000000000000000000000000000000000000000000
0000000000000000000000000000000000000000000000000000000000000000000000
0000000000000000000000000000000000000000000000000000000000000000000000
0000000000000000000000000000000000000000000000000000000000000000000000
0000000000000000000000000000000000000000000000000000000000000000000000
0000000000000000000000000000000000000000000000000000000000000000000000
0000000000000000000000000000000000000000000000000000000000000000000000
0000000000000000000000000000000000000000000000000000000000000000000000
0000000000000000000000000000000000000000000000000000000000000000000000
0000000000000000000000000000000000000000000000000000000000000000000000
0000000000000000000000000000000000000000000000000000000000000000000000
0000000000000000000000000000000000000000000000000000000000000000000000
0000000000000000000000000000000000000000000000000000000000000000000000
0000000000000000000000000000000000000000000000000000000000000000000000
0000000000000000000000000000000000000000000000000000000000000000000000
0000000000000000000000000000000000000000000000000000000000000000000000
0000000000000000000000000000000000000000000000000000000000000000000000
0000000000000000000000000000000000000000000000000000000000000000000000
0000000000000000000000000000000000000000000000000000000000000000000000
0000000000000000000000000000000000000000000000000000000000000000000000
0000000000000000000000000000000000000000000000000000000000000000000000
