1111111111111111111111111111111111111111111111111111111111111111111111
0111111111111111111111111111111111111111111111111111111111111111111110
1011111111111111111111111111111111111111111111111111111111111111111110
0101111111111111111111111111111111111111111111111111111111111111111110
1010111111111111111111111111111111111111111111111111111111111111111110
0101011111111111111111111111111111111111111111111111111111111111111110
1010101111111111111111111111111111111111111111111111111111111111111110
0101010111111111111111111111111111111111111111111111111111111111111110
1010101011111111111111111111111111111111111111111111111111111111111110
0101010101111111111111111111111111111111111111111111111111111111111110
1010101010111111111111111111111111111111111111111111111111111111111110
0101010101011111111111111111111111111111111111111111111111111111111110
1010101010101111111111111111111111111111111111111111111111111111111110
0101010101010111111111111111111111111111111111111111111111111111111110
1010101010101011111111111111111111111111111111111111111111111111111110
0101010101010101111111111111111111111111111111111111111111111111111110
1010101010101010111111111111111111111111111111111111111111111111111110
0101010101010101011111111111111111111111111111111111111111111111111110
1010101010101010101111111111111111111111111111111111111111111111111110
0101010101010101010111111111111111111111111111111111111111111111111110
1010101010101010101011111111111111111111111111111111111111111111111110
0101010101010101010101111111111111111111111111111111111111111111111110
1010101010101010101010111111111111111111111111111111111111111111111110
0101010101010101010101011111111111111111111111111111111111111111111110
1010101010101010101010101111111111111111111111111111111111111111111110
0101010101010101010101010111111111111111111111111111111111111111111110
1010101010101010101010101011111111111111111111111111111111111111111110
0101010101010101010101010101111111111111111111111111111111111111111110
1010101010101010101010101010111111111111111111111111111111111111111110
0101010101010101010101010101011111111111111111111111111111111111111110
1010101010101010101010101010101111111111111111111111111111111111111110
0101010101010101010101010101010111111111111111111111111111111111111110
1010101010101010101010101010101011111111111111111111111111111111111110
0101010101010101010101010101010101111111111111111111111111111111111110
1010101010101010101010101010101010111111111111111111111111111111111110
0101010101010101010101010101010101011111111111111111111111111111111110
1010101010101010101010101010101010101111111111111111111111111111111110
0101010101010101010101010101010101010111111111111111111111111111111110
1010101010101010101010101010101010101011111111111111111111111111111110
0101010101010101010101010101010101010101111111111111111111111111111110
1010101010101010101010101010101010101010111111111111111111111111111110
0101010101010101010101010101010101010101011111111111111111111111111110
1010101010101010101010101010101010101010101111111111111111111111111110
0101010101010101010101010101010101010101010111111111111111111111111110
1010101010101010101010101010101010101010101011111111111111111111111110
0101010101010101010101010101010101010101010101111111111111111111111110
1010101010101010101010101010101010101010101010111111111111111111111110
0101010101010101010101010101010101010101010101011111111111111111111110
1010101010101010101010101010101010101010101010101111111111111111111110
0101010101010101010101010101010101010101010101010111111111111111111110
1010101010101010101010101010101010101010101010101011111111111111111110
0101010101010101010101010101010101010101010101010101111111111111111110
1010101010101010101010101010101010101010101010101010111111111111111110
0101010101010101010101010101010101010101010101010101011111111111111110
1010101010101010101010101010101010101010101010101010101111111111111110
0101010101010101010101010101010101010101010101010101010111111111111110
1010101010101010101010101010101010101010101010101010101011111111111110
0101010101010101010101010101010101010101010101010101010101111111111110
1010101010101010101010101010101010101010101010101010101010111111111110
0101010101010101010101010101010101010101010101010101010101011111111110
1010101010101010101010101010101010101010101010101010101010101111111110
0101010101010101010101010101010101010101010101010101010101010111111110
1010101010101010101010101010101010101010101010101010101010101011111110
0101010101010101010101010101010101010101010101010101010101010101111110
1010101010101010101010101010101010101010101010101010101010101010111110
0101010101010101010101010101010101010101010101010101010101010101011110
1010101010101010101010101010101010101010101010101010101010101010101110
0101010101010101010101010101010101010101010101010101010101010101010110
1010101010101010101010101010101010101010101010101010101010101010101010
0101010101010101010101010101010101010101010101010101010101010101010100
1010101010101010101010101010101010101010101010101010101010101010101001
0101010101010101010101010101010101010101010101010101010101010101010011
1010101010101010101010101010101010101010101010101010101010101010100100
0101010101010101010101010101010101010101010101010101010101010101001001
1010101010101010101010101010101010101010101010101010101010101010010011
0101010101010101010101010101010101010101010101010101010101010100100100
1010101010101010101010101010101010101010101010101010101010101001001001
0101010101010101010101010101010101010101010101010101010101010010010011
1010101010101010101010101010101010101010101010101010101010100100100100
0101010101010101010101010101010101010101010101010101010101001001001001
1010101010101010101010101010101010101010101010101010101010010010010011
0101010101010101010101010101010101010101010101010101010100100100100100
1010101010101010101010101010101010101010101010101010101001001001001001
0101010101010101010101010101010101010101010101010101010010010010010011
1010101010101010101010101010101010101010101010101010100100100100100100
0101010101010101010101010101010101010101010101010101001001001001001001
1010101010101010101010101010101010101010101010101010010010010010010011
0101010101010101010101010101010101010101010101010100100100100100100100
1010101010101010101010101010101010101010101010101001001001001001001001
0101010101010101010101010101010101010101010101010010010010010010010011
1010101010101010101010101010101010101010101010100100100100100100100100
0101010101010101010101010101010101010101010101001001001001001001001001
1010101010101010101010101010101010101010101010010010010010010010010011
0101010101010101010101010101010101010101010100100100100100100100100100
1010101010101010101010101010101010101010101001001001001001001001001001
0101010101010101010101010101010101010101010010010010010010010010010011
1010101010101010101010101010101010101010100100100100100100100100100100
0101010101010101010101010101010101010101001001001001001001001001001001
1010101010101010101010101010101010101010010010010010010010010010010011
0101010101010101010101010101010101010100100100100100100100100100100100
1010101010101010101010101010101010101001001001001001001001001001001001
0101010101010101010101010101010101010010010010010010010010010010010011
1010101010101010101010101010101010100100100100100100100100100100100100
0101010101010101010101010101010101001001001001001001001001001001001001
1010101010101010101010101010101010010010010010010010010010010010010011
0101010101010101010101010101010100100100100100100100100100100100100100
1010101010101010101010101010101001001001001001001001001001001001001001
0101010101010101010101010101010010010010010010010010010010010010010011
1010101010101010101010101010100100100100100100100100100100100100100100
0101010101010101010101010101001001001001001001001001001001001001001001
1010101010101010101010101010010010010010010010010010010010010010010011
0101010101010101010101010100100100100100100100100100100100100100100100
1010101010101010101010101001001001001001001001001001001001001001001001
0101010101010101010101010010010010010010010010010010010010010010010011
1010101010101010101010100100100100100100100100100100100100100100100100
0101010101010101010101001001001001001001001001001001001001001001001001
1010101010101010101010010010010010010010010010010010010010010010010011
0101010101010101010100100100100100100100100100100100100100100100100100
1010101010101010101001001001001001001001001001001001001001001001001001
0101010101010101010010010010010010010010010010010010010010010010010011
1010101010101010100100100100100100100100100100100100100100100100100100
0101010101010101001001001001001001001001001001001001001001001001001001
1010101010101010010010010010010010010010010010010010010010010010010011
0101010101010100100100100100100100100100100100100100100100100100100100
1010101010101001001001001001001001001001001001001001001001001001001001
0101010101010010010010010010010010010010010010010010010010010010010011
1010101010100100100100100100100100100100100100100100100100100100100100
0101010101001001001001001001001001001001001001001001001001001001001001
1010101010010010010010010010010010010010010010010010010010010010010011
0101010100100100100100100100100100100100100100100100100100100100100100
1010101001001001001001001001001001001001001001001001001001001001001001
0101010010010010010010010010010010010010010010010010010010010010010011
1010100100100100100100100100100100100100100100100100100100100100100100
0101001001001001001001001001001001001001001001001001001001001001001001
1010010010010010010010010010010010010010010010010010010010010010010011
0100100100100100100100100100100100100100100100100100100100100100100100
1001001001001001001001001001001001001001001001001001001001001001001001
0010010010010010010010010010010010010010010010010010010010010010010011
1100100100100100100100100100100100100100100100100100100100100100100100
0101001001001001001001001001001001001001001001001001001001001001001001
1010010010010010010010010010010010010010010010010010010010010010010011
0100100100100100100100100100100100100100100100100100100100100100100100
1001001001001001001001001001001001001001001001001001001001001001001001
0010010010010010010010010010010010010010010010010010010010010010010011
1100100100100100100100100100100100100100100100100100100100100100100100
0101001001001001001001001001001001001001001001001001001001001001001001
1010010010010010010010010010010010010010010010010010010010010010010011
0100100100100100100100100100100100100100100100100100100100100100100100
1001001001001001001001001001001001001001001001001001001001001001001001
0010010010010010010010010010010010010010010010010010010010010010010011
1100100100100100100100100100100100100100100100100100100100100100100100
0101001001001001001001001001001001001001001001001001001001001001001001
1010010010010010010010010010010010010010010010010010010010010010010011
0100100100100100100100100100100100100100100100100100100100100100100100
1001001001001001001001001001001001001001001001001001001001001001001001
0010010010010010010010010010010010010010010010010010010010010010010011
1100100100100100100100100100100100100100100100100100100100100100100100
0101001001001001001001001001001001001001001001001001001001001001001001
1010010010010010010010010010010010010010010010010010010010010010010011
0100100100100100100100100100100100100100100100100100100100100100100100
1001001001001001001001001001001001001001001001001001001001001001001001
0010010010010010010010010010010010010010010010010010010010010010010011
1100100100100100100100100100100100100100100100100100100100100100100100
0101001001001001001001001001001001001001001001001001001001001001001001
1010010010010010010010010010010010010010010010010010010010010010010011
0100100100100100100100100100100100100100100100100100100100100100100100
1001001001001001001001001001001001001001001001001001001001001001001001
0010010010010010010010010010010010010010010010010010010010010010010011
1100100100100100100100100100100100100100100100100100100100100100100100
0101001001001001001001001001001001001001001001001001001001001001001001
1010010010010010010010010010010010010010010010010010010010010010010011
0100100100100100100100100100100100100100100100100100100100100100100100
1001001001001001001001001001001001001001001001001001001001001001001001
0010010010010010010010010010010010010010010010010010010010010010010011
1100100100100100100100100100100100100100100100100100100100100100100100
0101001001001001001001001001001001001001001001001001001001001001001001
1010010010010010010010010010010010010010010010010010010010010010010011
0100100100100100100100100100100100100100100100100100100100100100100100
1001001001001001001001001001001001001001001001001001001001001001001001
0010010010010010010010010010010010010010010010010010010010010010010011
1100100100100100100100100100100100100100100100100100100100100100100100
0101001001001001001001001001001001001001001001001001001001001001001001
1010010010010010010010010010010010010010010010010010010010010010010011
0100100100100100100100100100100100100100100100100100100100100100100100
1001001001001001001001001001001001001001001001001001001001001001001001
0010010010010010010010010010010010010010010010010010010010010010010011
1100100100100100100100100100100100100100100100100100100100100100100100
0101001001001001001001001001001001001001001001001001001001001001001001
1010010010010010010010010010010010010010010010010010010010010010010011
0100100100100100100100100100100100100100100100100100100100100100100100
1001001001001001001001001001001001001001001001001001001001001001001001
0010010010010010010010010010010010010010010010010010010010010010010011
1100100100100100100100100100100100100100100100100100100100100100100100
0101001001001001001001001001001001001001001001001001001001001001001001
1010010010010010010010010010010010010010010010010010010010010010010011
0100100100100100100100100100100100100100100100100100100100100100100100
1001001001001001001001001001001001001001001001001001001001001001001001
0010010010010010010010010010010010010010010010010010010010010010010011
1100100100100100100100100100100100100100100100100100100100100100100100
0101001001001001001001001001001001001001001001001001001001001001001001
1010010010010010010010010010010010010010010010010010010010010010010011
0100100100100100100100100100100100100100100100100100100100100100100100
1001001001001001001001001001001001001001001001001001001001001001001001
0010010010010010010010010010010010010010010010010010010010010010010011
1100100100100100100100100100100100100100100100100100100100100100100100
0101001001001001001001001001001001001001001001001001001001001001001001
1010010010010010010010010010010010010010010010010010010010010010010011
0100100100100100100100100100100100100100100100100100100100100100100100
1001001001001001001001001001001001001001001001001001001001001001001001
0010010010010010010010010010010010010010010010010010010010010010010011
