1010010010010010010010010010010010010010010010010010010010010010010111
1110010010010010010010010010010010010010010010010010010010010010011010
0110010010010010010010010010010010010010010010010010010010010010001111
0010010010010010010010010010010010010010010010010010010010010010100110
1010010010010010010010010010010010010010010010010010010010010011100011
1110010010010010010010010010010010010010010010010010010010010001101000
0110010010010010010010010010010010010010010010010010010010010100111011
0010010010010010010010010010010010010010010010010010010010011100011100
1010010010010010010010010010010010010010010010010010010010001101001101
1110010010010010010010010010010010010010010010010010010010100111000110
0110010010010010010010010010010010010010010010010010010011100011010011
0010010010010010010010010010010010010010010010010010010001101001110000
1010010010010010010010010010010010010010010010010010010100111000110111
1110010010010010010010010010010010010010010010010010011100011010011010
0110010010010010010010010010010010010010010010010010001101001110001111
0010010010010010010010010010010010010010010010010010100111000110100110
1010010010010010010010010010010010010010010010010011100011010011100011
1110010010010010010010010010010010010010010010010001101001110001101000
0110010010010010010010010010010010010010010010010100111000110100111011
0010010010010010010010010010010010010010010010011100011010011100011100
1010010010010010010010010010010010010010010010001101001110001101001101
1110010010010010010010010010010010010010010010100111000110100111000110
0110010010010010010010010010010010010010010011100011010011100011010011
0010010010010010010010010010010010010010010001101001110001101001110000
1010010010010010010010010010010010010010010100111000110100111000110111
1110010010010010010010010010010010010010011100011010011100011010011010
0110010010010010010010010010010010010010001101001110001101001110001111
0010010010010010010010010010010010010010100111000110100111000110100110
1010010010010010010010010010010010010011100011010011100011010011100011
1110010010010010010010010010010010010001101001110001101001110001101000
0110010010010010010010010010010010010100111000110100111000110100111011
0010010010010010010010010010010010011100011010011100011010011100011100
1010010010010010010010010010010010001101001110001101001110001101001101
1110010010010010010010010010010010100111000110100111000110100111000110
0110010010010010010010010010010011100011010011100011010011100011010011
0010010010010010010010010010010001101001110001101001110001101001110000
1010010010010010010010010010010100111000110100111000110100111000110111
1110010010010010010010010010011100011010011100011010011100011010011010
0110010010010010010010010010001101001110001101001110001101001110001111
0010010010010010010010010010100111000110100111000110100111000110100110
1010010010010010010010010011100011010011100011010011100011010011100011
1110010010010010010010010001101001110001101001110001101001110001101000
0110010010010010010010010100111000110100111000110100111000110100111011
0010010010010010010010011100011010011100011010011100011010011100011100
1010010010010010010010001101001110001101001110001101001110001101001101
1110010010010010010010100111000110100111000110100111000110100111000110
0110010010010010010011100011010011100011010011100011010011100011010011
0010010010010010010001101001110001101001110001101001110001101001110000
1010010010010010010100111000110100111000110100111000110100111000110111
1110010010010010011100011010011100011010011100011010011100011010011010
0110010010010010001101001110001101001110001101001110001101001110001111
0010010010010010100111000110100111000110100111000110100111000110100110
1010010010010011100011010011100011010011100011010011100011010011100011
1110010010010001101001110001101001110001101001110001101001110001101000
0110010010010100111000110100111000110100111000110100111000110100111011
0010010010011100011010011100011010011100011010011100011010011100011100
1010010010001101001110001101001110001101001110001101001110001101001101
1110010010100111000110100111000110100111000110100111000110100111000110
0110010011100011010011100011010011100011010011100011010011100011010011
0010010001101001110001101001110001101001110001101001110001101001110000
1010010100111000110100111000110100111000110100111000110100111000110111
1110011100011010011100011010011100011010011100011010011100011010011010
0110001101001110001101001110001101001110001101001110001101001110001111
0010100111000110100111000110100111000110100111000110100111000110100110
1011100011010011100011010011100011010011100011010011100011010011100011
1101101001110001101001110001101001110001101001110001101001110001101000
0110111000110100111000110100111000110100111000110100111000110100111011
0011011010011100011010011100011010011100011010011100011010011100011100
1001101110001101001110001101001110001101001110001101001110001101001101
1000110110100111000110100111000110100111000110100111000110100111000110
1010011011100011010011100011010011100011010011100011010011100011010011
1110001101101001110001101001110001101001110001101001110001101001110000
0110100110111000110100111000110100111000110100111000110100111000110111
0011100011011010011100011010011100011010011100011010011100011010011010
1001101001101110001101001110001101001110001101001110001101001110001111
1000111000110110100111000110100111000110100111000110100111000110100110
1010011010011011100011010011100011010011100011010011100011010011100011
1110001110001101101001110001101001110001101001110001101001110001101000
0110100110100110111000110100111000110100111000110100111000110100111011
0011100011100011011010011100011010011100011010011100011010011100011100
1001101001101001101110001101001110001101001110001101001110001101001101
1000111000111000110110100111000110100111000110100111000110100111000110
1010011010011010011011100011010011100011010011100011010011100011010011
1110001110001110001101101001110001101001110001101001110001101001110000
0110100110100110100110111000110100111000110100111000110100111000110111
0011100011100011100011011010011100011010011100011010011100011010011010
1001101001101001101001101110001101001110001101001110001101001110001111
1000111000111000111000110110100111000110100111000110100111000110100110
1010011010011010011010011011100011010011100011010011100011010011100011
1110001110001110001110001101101001110001101001110001101001110001101000
0110100110100110100110100110111000110100111000110100111000110100111011
0011100011100011100011100011011010011100011010011100011010011100011100
1001101001101001101001101001101110001101001110001101001110001101001101
1000111000111000111000111000110110100111000110100111000110100111000110
1010011010011010011010011010011011100011010011100011010011100011010011
1110001110001110001110001110001101101001110001101001110001101001110000
0110100110100110100110100110100110111000110100111000110100111000110111
0011100011100011100011100011100011011010011100011010011100011010011010
1001101001101001101001101001101001101110001101001110001101001110001111
1000111000111000111000111000111000110110100111000110100111000110100110
1010011010011010011010011010011010011011100011010011100011010011100011
1110001110001110001110001110001110001101101001110001101001110001101000
0110100110100110100110100110100110100110111000110100111000110100111011
0011100011100011100011100011100011100011011010011100011010011100011100
1001101001101001101001101001101001101001101110001101001110001101001101
1000111000111000111000111000111000111000110110100111000110100111000110
1010011010011010011010011010011010011010011011100011010011100011010011
1110001110001110001110001110001110001110001101101001110001101001110000
0110100110100110100110100110100110100110100110111000110100111000110111
0011100011100011100011100011100011100011100011011010011100011010011010
1001101001101001101001101001101001101001101001101110001101001110001111
1000111000111000111000111000111000111000111000110110100111000110100110
1010011010011010011010011010011010011010011010011011100011010011100011
1110001110001110001110001110001110001110001110001101101001110001101000
0110100110100110100110100110100110100110100110100110111000110100111011
0011100011100011100011100011100011100011100011100011011010011100011100
1001101001101001101001101001101001101001101001101001101110001101001101
1000111000111000111000111000111000111000111000111000110110100111000110
1010011010011010011010011010011010011010011010011010011011100011010011
1110001110001110001110001110001110001110001110001110001101101001110000
0110100110100110100110100110100110100110100110100110100110111000110111
0011100011100011100011100011100011100011100011100011100011011010011010
1001101001101001101001101001101001101001101001101001101001101110001111
1000111000111000111000111000111000111000111000111000111000110110100110
1010011010011010011010011010011010011010011010011010011010011011100011
1110001110001110001110001110001110001110001110001110001110001101101000
0110100110100110100110100110100110100110100110100110100110100110111011
0011100011100011100011100011100011100011100011100011100011100011011100
1001101001101001101001101001101001101001101001101001101001101001101101
1000111000111000111000111000111000111000111000111000111000111000110110
1010011010011010011010011010011010011010011010011010011010011010011011
1110001110001110001110001110001110001110001110001110001110001110001100
0110100110100110100110100110100110100110100110100110100110100110100101
0011100011100011100011100011100011100011100011100011100011100011100110
1001101001101001101001101001101001101001101001101001101001101001100011
1000111000111000111000111000111000111000111000111000111000111000101000
1010011010011010011010011010011010011010011010011010011010011010111011
1110001110001110001110001110001110001110001110001110001110001111011100
0110100110100110100110100110100110100110100110100110100110100111101101
0011100011100011100011100011100011100011100011100011100011100011110110
1001101001101001101001101001101001101001101001101001101001101001111011
1000111000111000111000111000111000111000111000111000111000111000111100
1010011010011010011010011010011010011010011010011010011010011010011101
1110001110001110001110001110001110001110001110001110001110001110001110
0110100110100110100110100110100110100110100110100110100110100110100111
0011100011100011100011100011100011100011100011100011100011100011100010
1001101001101001101001101001101001101001101001101001101001101001101011
1000111000111000111000111000111000111000111000111000111000111000111100
1010011010011010011010011010011010011010011010011010011010011010011101
1110001110001110001110001110001110001110001110001110001110001110001110
0110100110100110100110100110100110100110100110100110100110100110100111
0011100011100011100011100011100011100011100011100011100011100011100010
1001101001101001101001101001101001101001101001101001101001101001101011
1000111000111000111000111000111000111000111000111000111000111000111100
1010011010011010011010011010011010011010011010011010011010011010011101
1110001110001110001110001110001110001110001110001110001110001110001110
0110100110100110100110100110100110100110100110100110100110100110100111
0011100011100011100011100011100011100011100011100011100011100011100010
1001101001101001101001101001101001101001101001101001101001101001101011
1000111000111000111000111000111000111000111000111000111000111000111100
1010011010011010011010011010011010011010011010011010011010011010011101
1110001110001110001110001110001110001110001110001110001110001110001110
0110100110100110100110100110100110100110100110100110100110100110100111
0011100011100011100011100011100011100011100011100011100011100011100010
1001101001101001101001101001101001101001101001101001101001101001101011
1000111000111000111000111000111000111000111000111000111000111000111100
1010011010011010011010011010011010011010011010011010011010011010011101
1110001110001110001110001110001110001110001110001110001110001110001110
0110100110100110100110100110100110100110100110100110100110100110100111
0011100011100011100011100011100011100011100011100011100011100011100010
1001101001101001101001101001101001101001101001101001101001101001101011
1000111000111000111000111000111000111000111000111000111000111000111100
1010011010011010011010011010011010011010011010011010011010011010011101
1110001110001110001110001110001110001110001110001110001110001110001110
0110100110100110100110100110100110100110100110100110100110100110100111
0011100011100011100011100011100011100011100011100011100011100011100010
1001101001101001101001101001101001101001101001101001101001101001101011
1000111000111000111000111000111000111000111000111000111000111000111100
1010011010011010011010011010011010011010011010011010011010011010011101
1110001110001110001110001110001110001110001110001110001110001110001110
0110100110100110100110100110100110100110100110100110100110100110100111
0011100011100011100011100011100011100011100011100011100011100011100010
1001101001101001101001101001101001101001101001101001101001101001101011
1000111000111000111000111000111000111000111000111000111000111000111100
1010011010011010011010011010011010011010011010011010011010011010011101
1110001110001110001110001110001110001110001110001110001110001110001110
0110100110100110100110100110100110100110100110100110100110100110100111
0011100011100011100011100011100011100011100011100011100011100011100010
1001101001101001101001101001101001101001101001101001101001101001101011
1000111000111000111000111000111000111000111000111000111000111000111100
1010011010011010011010011010011010011010011010011010011010011010011101
1110001110001110001110001110001110001110001110001110001110001110001110
0110100110100110100110100110100110100110100110100110100110100110100111
0011100011100011100011100011100011100011100011100011100011100011100010
1001101001101001101001101001101001101001101001101001101001101001101011
1000111000111000111000111000111000111000111000111000111000111000111100
1010011010011010011010011010011010011010011010011010011010011010011101
1110001110001110001110001110001110001110001110001110001110001110001110
0110100110100110100110100110100110100110100110100110100110100110100111
0011100011100011100011100011100011100011100011100011100011100011100010
1001101001101001101001101001101001101001101001101001101001101001101011
1000111000111000111000111000111000111000111000111000111000111000111100
1010011010011010011010011010011010011010011010011010011010011010011101
1110001110001110001110001110001110001110001110001110001110001110001110
0110100110100110100110100110100110100110100110100110100110100110100111
0011100011100011100011100011100011100011100011100011100011100011100010
1001101001101001101001101001101001101001101001101001101001101001101011
1000111000111000111000111000111000111000111000111000111000111000111100
1010011010011010011010011010011010011010011010011010011010011010011101
1110001110001110001110001110001110001110001110001110001110001110001110
