0101101101101101101101101101101101101101101101101101101101101101101100
1010110110110110110110110110110110110110110110110110110110110110110110
0101011011011011011011011011011011011011011011011011011011011011011010
1010101101101101101101101101101101101101101101101101101101101101101100
0101010110110110110110110110110110110110110110110110110110110110110110
1010101011011011011011011011011011011011011011011011011011011011011010
0101010101101101101101101101101101101101101101101101101101101101101100
1010101010110110110110110110110110110110110110110110110110110110110110
0101010101011011011011011011011011011011011011011011011011011011011010
1010101010101101101101101101101101101101101101101101101101101101101100
0101010101010110110110110110110110110110110110110110110110110110110110
1010101010101011011011011011011011011011011011011011011011011011011010
0101010101010101101101101101101101101101101101101101101101101101101100
1010101010101010110110110110110110110110110110110110110110110110110110
0101010101010101011011011011011011011011011011011011011011011011011010
1010101010101010101101101101101101101101101101101101101101101101101100
0101010101010101010110110110110110110110110110110110110110110110110110
1010101010101010101011011011011011011011011011011011011011011011011010
0101010101010101010101101101101101101101101101101101101101101101101100
1010101010101010101010110110110110110110110110110110110110110110110110
0101010101010101010101011011011011011011011011011011011011011011011010
1010101010101010101010101101101101101101101101101101101101101101101100
0101010101010101010101010110110110110110110110110110110110110110110110
1010101010101010101010101011011011011011011011011011011011011011011010
0101010101010101010101010101101101101101101101101101101101101101101100
1010101010101010101010101010110110110110110110110110110110110110110110
0101010101010101010101010101011011011011011011011011011011011011011010
1010101010101010101010101010101101101101101101101101101101101101101100
0101010101010101010101010101010110110110110110110110110110110110110110
1010101010101010101010101010101011011011011011011011011011011011011010
0101010101010101010101010101010101101101101101101101101101101101101100
1010101010101010101010101010101010110110110110110110110110110110110110
0101010101010101010101010101010101011011011011011011011011011011011010
1010101010101010101010101010101010101101101101101101101101101101101100
0101010101010101010101010101010101010110110110110110110110110110110110
1010101010101010101010101010101010101011011011011011011011011011011010
0101010101010101010101010101010101010101101101101101101101101101101100
1010101010101010101010101010101010101010110110110110110110110110110110
0101010101010101010101010101010101010101011011011011011011011011011010
1010101010101010101010101010101010101010101101101101101101101101101100
0101010101010101010101010101010101010101010110110110110110110110110110
1010101010101010101010101010101010101010101011011011011011011011011010
0101010101010101010101010101010101010101010101101101101101101101101100
1010101010101010101010101010101010101010101010110110110110110110110110
0101010101010101010101010101010101010101010101011011011011011011011010
1010101010101010101010101010101010101010101010101101101101101101101100
0101010101010101010101010101010101010101010101010110110110110110110110
1010101010101010101010101010101010101010101010101011011011011011011010
0101010101010101010101010101010101010101010101010101101101101101101100
1010101010101010101010101010101010101010101010101010110110110110110110
0101010101010101010101010101010101010101010101010101011011011011011010
1010101010101010101010101010101010101010101010101010101101101101101100
0101010101010101010101010101010101010101010101010101010110110110110110
1010101010101010101010101010101010101010101010101010101011011011011010
0101010101010101010101010101010101010101010101010101010101101101101100
1010101010101010101010101010101010101010101010101010101010110110110110
0101010101010101010101010101010101010101010101010101010101011011011010
1010101010101010101010101010101010101010101010101010101010101101101100
0101010101010101010101010101010101010101010101010101010101010110110110
1010101010101010101010101010101010101010101010101010101010101011011010
0101010101010101010101010101010101010101010101010101010101010101101100
1010101010101010101010101010101010101010101010101010101010101010110110
0101010101010101010101010101010101010101010101010101010101010101011010
1010101010101010101010101010101010101010101010101010101010101010101100
0101010101010101010101010101010101010101010101010101010101010101010110
1010101010101010101010101010101010101010101010101010101010101010101010
0101010101010101010101010101010101010101010101010101010101010101010100
1010101010101010101010101010101010101010101010101010101010101010101010
0101010101010101010101010101010101010101010101010101010101010101010100
1010101010101010101010101010101010101010101010101010101010101010101010
0101010101010101010101010101010101010101010101010101010101010101010100
1010101010101010101010101010101010101010101010101010101010101010101010
0101010101010101010101010101010101010101010101010101010101010101010100
1010101010101010101010101010101010101010101010101010101010101010101010
0101010101010101010101010101010101010101010101010101010101010101010100
1010101010101010101010101010101010101010101010101010101010101010101010
0101010101010101010101010101010101010101010101010101010101010101010100
1010101010101010101010101010101010101010101010101010101010101010101010
0101010101010101010101010101010101010101010101010101010101010101010100
1010101010101010101010101010101010101010101010101010101010101010101010
0101010101010101010101010101010101010101010101010101010101010101010100
1010101010101010101010101010101010101010101010101010101010101010101010
0101010101010101010101010101010101010101010101010101010101010101010100
1010101010101010101010101010101010101010101010101010101010101010101010
0101010101010101010101010101010101010101010101010101010101010101010100
1010101010101010101010101010101010101010101010101010101010101010101010
0101010101010101010101010101010101010101010101010101010101010101010100
1010101010101010101010101010101010101010101010101010101010101010101010
0101010101010101010101010101010101010101010101010101010101010101010100
1010101010101010101010101010101010101010101010101010101010101010101010
0101010101010101010101010101010101010101010101010101010101010101010100
1010101010101010101010101010101010101010101010101010101010101010101010
0101010101010101010101010101010101010101010101010101010101010101010100
1010101010101010101010101010101010101010101010101010101010101010101010
0101010101010101010101010101010101010101010101010101010101010101010100
1010101010101010101010101010101010101010101010101010101010101010101010
0101010101010101010101010101010101010101010101010101010101010101010100
1010101010101010101010101010101010101010101010101010101010101010101010
0101010101010101010101010101010101010101010101010101010101010101010100
1010101010101010101010101010101010101010101010101010101010101010101010
0101010101010101010101010101010101010101010101010101010101010101010100
1010101010101010101010101010101010101010101010101010101010101010101010
0101010101010101010101010101010101010101010101010101010101010101010100
1010101010101010101010101010101010101010101010101010101010101010101010
0101010101010101010101010101010101010101010101010101010101010101010100
1010101010101010101010101010101010101010101010101010101010101010101010
0101010101010101010101010101010101010101010101010101010101010101010100
1010101010101010101010101010101010101010101010101010101010101010101010
0101010101010101010101010101010101010101010101010101010101010101010100
1010101010101010101010101010101010101010101010101010101010101010101010
0101010101010101010101010101010101010101010101010101010101010101010100
1010101010101010101010101010101010101010101010101010101010101010101010
0101010101010101010101010101010101010101010101010101010101010101010100
1010101010101010101010101010101010101010101010101010101010101010101010
0101010101010101010101010101010101010101010101010101010101010101010100
1010101010101010101010101010101010101010101010101010101010101010101010
0101010101010101010101010101010101010101010101010101010101010101010100
1010101010101010101010101010101010101010101010101010101010101010101010
0101010101010101010101010101010101010101010101010101010101010101010100
1010101010101010101010101010101010101010101010101010101010101010101010
0101010101010101010101010101010101010101010101010101010101010101010100
1010101010101010101010101010101010101010101010101010101010101010101010
0101010101010101010101010101010101010101010101010101010101010101010100
1010101010101010101010101010101010101010101010101010101010101010101010
0101010101010101010101010101010101010101010101010101010101010101010100
1010101010101010101010101010101010101010101010101010101010101010101010
0101010101010101010101010101010101010101010101010101010101010101010100
1010101010101010101010101010101010101010101010101010101010101010101010
0101010101010101010101010101010101010101010101010101010101010101010100
1010101010101010101010101010101010101010101010101010101010101010101010
0101010101010101010101010101010101010101010101010101010101010101010100
1010101010101010101010101010101010101010101010101010101010101010101010
0101010101010101010101010101010101010101010101010101010101010101010100
1010101010101010101010101010101010101010101010101010101010101010101010
0101010101010101010101010101010101010101010101010101010101010101010100
1010101010101010101010101010101010101010101010101010101010101010101010
0101010101010101010101010101010101010101010101010101010101010101010100
1010101010101010101010101010101010101010101010101010101010101010101010
0101010101010101010101010101010101010101010101010101010101010101010100
1010101010101010101010101010101010101010101010101010101010101010101010
0101010101010101010101010101010101010101010101010101010101010101010100
1010101010101010101010101010101010101010101010101010101010101010101010
0101010101010101010101010101010101010101010101010101010101010101010100
1010101010101010101010101010101010101010101010101010101010101010101010
0101010101010101010101010101010101010101010101010101010101010101010100
1010101010101010101010101010101010101010101010101010101010101010101010
0101010101010101010101010101010101010101010101010101010101010101010100
1010101010101010101010101010101010101010101010101010101010101010101010
0101010101010101010101010101010101010101010101010101010101010101010100
1010101010101010101010101010101010101010101010101010101010101010101010
0101010101010101010101010101010101010101010101010101010101010101010100
1010101010101010101010101010101010101010101010101010101010101010101010
0101010101010101010101010101010101010101010101010101010101010101010100
1010101010101010101010101010101010101010101010101010101010101010101010
0101010101010101010101010101010101010101010101010101010101010101010100
1010101010101010101010101010101010101010101010101010101010101010101010
0101010101010101010101010101010101010101010101010101010101010101010100
1010101010101010101010101010101010101010101010101010101010101010101010
0101010101010101010101010101010101010101010101010101010101010101010100
1010101010101010101010101010101010101010101010101010101010101010101010
0101010101010101010101010101010101010101010101010101010101010101010100
1010101010101010101010101010101010101010101010101010101010101010101010
0101010101010101010101010101010101010101010101010101010101010101010100
1010101010101010101010101010101010101010101010101010101010101010101010
0101010101010101010101010101010101010101010101010101010101010101010100
1010101010101010101010101010101010101010101010101010101010101010101010
0101010101010101010101010101010101010101010101010101010101010101010100
1010101010101010101010101010101010101010101010101010101010101010101010
0101010101010101010101010101010101010101010101010101010101010101010100
1010101010101010101010101010101010101010101010101010101010101010101010
0101010101010101010101010101010101010101010101010101010101010101010100
1010101010101010101010101010101010101010101010101010101010101010101010
0101010101010101010101010101010101010101010101010101010101010101010100
1010101010101010101010101010101010101010101010101010101010101010101010
0101010101010101010101010101010101010101010101010101010101010101010100
1010101010101010101010101010101010101010101010101010101010101010101010
0101010101010101010101010101010101010101010101010101010101010101010100
1010101010101010101010101010101010101010101010101010101010101010101010
0101010101010101010101010101010101010101010101010101010101010101010100
1010101010101010101010101010101010101010101010101010101010101010101010
0101010101010101010101010101010101010101010101010101010101010101010100
1010101010101010101010101010101010101010101010101010101010101010101010
0101010101010101010101010101010101010101010101010101010101010101010100
1010101010101010101010101010101010101010101010101010101010101010101010
0101010101010101010101010101010101010101010101010101010101010101010100
1010101010101010101010101010101010101010101010101010101010101010101010
0101010101010101010101010101010101010101010101010101010101010101010100
1010101010101010101010101010101010101010101010101010101010101010101010
0101010101010101010101010101010101010101010101010101010101010101010100
1010101010101010101010101010101010101010101010101010101010101010101010
0101010101010101010101010101010101010101010101010101010101010101010100
1010101010101010101010101010101010101010101010101010101010101010101010
0101010101010101010101010101010101010101010101010101010101010101010100
1010101010101010101010101010101010101010101010101010101010101010101010
0101010101010101010101010101010101010101010101010101010101010101010100
1010101010101010101010101010101010101010101010101010101010101010101010
0101010101010101010101010101010101010101010101010101010101010101010100
1010101010101010101010101010101010101010101010101010101010101010101010
0101010101010101010101010101010101010101010101010101010101010101010100
1010101010101010101010101010101010101010101010101010101010101010101010
0101010101010101010101010101010101010101010101010101010101010101010100
1010101010101010101010101010101010101010101010101010101010101010101010
0101010101010101010101010101010101010101010101010101010101010101010100
1010101010101010101010101010101010101010101010101010101010101010101010
0101010101010101010101010101010101010101010101010101010101010101010100
1010101010101010101010101010101010101010101010101010101010101010101010
0101010101010101010101010101010101010101010101010101010101010101010100
1010101010101010101010101010101010101010101010101010101010101010101010
0101010101010101010101010101010101010101010101010101010101010101010100
1010101010101010101010101010101010101010101010101010101010101010101010
