1011011011011011011011011011011011011011011011011011011011011011011011
1101101101101101101101101101101101101101101101101101101101101101101100
0110110110110110110110110110110110110110110110110110110110110110110111
1011011011011011011011011011011011011011011011011011011011011011011010
1101101101101101101101101101101101101101101101101101101101101101101111
0110110110110110110110110110110110110110110110110110110110110110110110
1011011011011011011011011011011011011011011011011011011011011011011011
1101101101101101101101101101101101101101101101101101101101101101101100
0110110110110110110110110110110110110110110110110110110110110110110111
1011011011011011011011011011011011011011011011011011011011011011011010
1101101101101101101101101101101101101101101101101101101101101101101111
0110110110110110110110110110110110110110110110110110110110110110110110
1011011011011011011011011011011011011011011011011011011011011011011011
1101101101101101101101101101101101101101101101101101101101101101101100
0110110110110110110110110110110110110110110110110110110110110110110111
1011011011011011011011011011011011011011011011011011011011011011011010
1101101101101101101101101101101101101101101101101101101101101101101111
0110110110110110110110110110110110110110110110110110110110110110110110
1011011011011011011011011011011011011011011011011011011011011011011011
1101101101101101101101101101101101101101101101101101101101101101101100
0110110110110110110110110110110110110110110110110110110110110110110111
1011011011011011011011011011011011011011011011011011011011011011011010
1101101101101101101101101101101101101101101101101101101101101101101111
0110110110110110110110110110110110110110110110110110110110110110110110
1011011011011011011011011011011011011011011011011011011011011011011011
1101101101101101101101101101101101101101101101101101101101101101101100
0110110110110110110110110110110110110110110110110110110110110110110111
1011011011011011011011011011011011011011011011011011011011011011011010
1101101101101101101101101101101101101101101101101101101101101101101111
0110110110110110110110110110110110110110110110110110110110110110110110
1011011011011011011011011011011011011011011011011011011011011011011011
1101101101101101101101101101101101101101101101101101101101101101101100
0110110110110110110110110110110110110110110110110110110110110110110111
1011011011011011011011011011011011011011011011011011011011011011011010
1101101101101101101101101101101101101101101101101101101101101101101111
0110110110110110110110110110110110110110110110110110110110110110110110
1011011011011011011011011011011011011011011011011011011011011011011011
1101101101101101101101101101101101101101101101101101101101101101101100
0110110110110110110110110110110110110110110110110110110110110110110111
1011011011011011011011011011011011011011011011011011011011011011011010
1101101101101101101101101101101101101101101101101101101101101101101111
0110110110110110110110110110110110110110110110110110110110110110110110
1011011011011011011011011011011011011011011011011011011011011011011011
1101101101101101101101101101101101101101101101101101101101101101101100
0110110110110110110110110110110110110110110110110110110110110110110111
1011011011011011011011011011011011011011011011011011011011011011011010
1101101101101101101101101101101101101101101101101101101101101101101111
0110110110110110110110110110110110110110110110110110110110110110110110
1011011011011011011011011011011011011011011011011011011011011011011011
1101101101101101101101101101101101101101101101101101101101101101101100
0110110110110110110110110110110110110110110110110110110110110110110111
1011011011011011011011011011011011011011011011011011011011011011011010
1101101101101101101101101101101101101101101101101101101101101101101111
0110110110110110110110110110110110110110110110110110110110110110110110
1011011011011011011011011011011011011011011011011011011011011011011011
1101101101101101101101101101101101101101101101101101101101101101101100
0110110110110110110110110110110110110110110110110110110110110110110111
1011011011011011011011011011011011011011011011011011011011011011011010
1101101101101101101101101101101101101101101101101101101101101101101111
0110110110110110110110110110110110110110110110110110110110110110110110
1011011011011011011011011011011011011011011011011011011011011011011011
1101101101101101101101101101101101101101101101101101101101101101101100
0110110110110110110110110110110110110110110110110110110110110110110111
1011011011011011011011011011011011011011011011011011011011011011011010
1101101101101101101101101101101101101101101101101101101101101101101111
0110110110110110110110110110110110110110110110110110110110110110110110
1011011011011011011011011011011011011011011011011011011011011011011011
1101101101101101101101101101101101101101101101101101101101101101101100
0110110110110110110110110110110110110110110110110110110110110110110111
1011011011011011011011011011011011011011011011011011011011011011011010
1101101101101101101101101101101101101101101101101101101101101101101111
0110110110110110110110110110110110110110110110110110110110110110110110
1011011011011011011011011011011011011011011011011011011011011011011011
1101101101101101101101101101101101101101101101101101101101101101101100
0110110110110110110110110110110110110110110110110110110110110110110111
1011011011011011011011011011011011011011011011011011011011011011011010
1101101101101101101101101101101101101101101101101101101101101101101111
0110110110110110110110110110110110110110110110110110110110110110110110
1011011011011011011011011011011011011011011011011011011011011011011011
1101101101101101101101101101101101101101101101101101101101101101101100
0110110110110110110110110110110110110110110110110110110110110110110111
1011011011011011011011011011011011011011011011011011011011011011011010
1101101101101101101101101101101101101101101101101101101101101101101111
0110110110110110110110110110110110110110110110110110110110110110110110
1011011011011011011011011011011011011011011011011011011011011011011011
1101101101101101101101101101101101101101101101101101101101101101101100
0110110110110110110110110110110110110110110110110110110110110110110111
1011011011011011011011011011011011011011011011011011011011011011011010
1101101101101101101101101101101101101101101101101101101101101101101111
0110110110110110110110110110110110110110110110110110110110110110110110
1011011011011011011011011011011011011011011011011011011011011011011011
1101101101101101101101101101101101101101101101101101101101101101101100
0110110110110110110110110110110110110110110110110110110110110110110111
1011011011011011011011011011011011011011011011011011011011011011011010
1101101101101101101101101101101101101101101101101101101101101101101111
0110110110110110110110110110110110110110110110110110110110110110110110
1011011011011011011011011011011011011011011011011011011011011011011011
1101101101101101101101101101101101101101101101101101101101101101101100
0110110110110110110110110110110110110110110110110110110110110110110111
1011011011011011011011011011011011011011011011011011011011011011011010
1101101101101101101101101101101101101101101101101101101101101101101111
0110110110110110110110110110110110110110110110110110110110110110110110
1011011011011011011011011011011011011011011011011011011011011011011011
1101101101101101101101101101101101101101101101101101101101101101101100
0110110110110110110110110110110110110110110110110110110110110110110111
1011011011011011011011011011011011011011011011011011011011011011011010
1101101101101101101101101101101101101101101101101101101101101101101111
0110110110110110110110110110110110110110110110110110110110110110110110
1011011011011011011011011011011011011011011011011011011011011011011011
1101101101101101101101101101101101101101101101101101101101101101101100
0110110110110110110110110110110110110110110110110110110110110110110111
1011011011011011011011011011011011011011011011011011011011011011011010
1101101101101101101101101101101101101101101101101101101101101101101111
0110110110110110110110110110110110110110110110110110110110110110110110
1011011011011011011011011011011011011011011011011011011011011011011011
1101101101101101101101101101101101101101101101101101101101101101101100
0110110110110110110110110110110110110110110110110110110110110110110111
1011011011011011011011011011011011011011011011011011011011011011011010
1101101101101101101101101101101101101101101101101101101101101101101111
0110110110110110110110110110110110110110110110110110110110110110110110
1011011011011011011011011011011011011011011011011011011011011011011011
1101101101101101101101101101101101101101101101101101101101101101101100
0110110110110110110110110110110110110110110110110110110110110110110111
1011011011011011011011011011011011011011011011011011011011011011011010
1101101101101101101101101101101101101101101101101101101101101101101111
0110110110110110110110110110110110110110110110110110110110110110110110
1011011011011011011011011011011011011011011011011011011011011011011011
1101101101101101101101101101101101101101101101101101101101101101101100
0110110110110110110110110110110110110110110110110110110110110110110111
1011011011011011011011011011011011011011011011011011011011011011011010
1101101101101101101101101101101101101101101101101101101101101101101111
0110110110110110110110110110110110110110110110110110110110110110110110
1011011011011011011011011011011011011011011011011011011011011011011011
1101101101101101101101101101101101101101101101101101101101101101101100
0110110110110110110110110110110110110110110110110110110110110110110111
1011011011011011011011011011011011011011011011011011011011011011011010
1101101101101101101101101101101101101101101101101101101101101101101111
0110110110110110110110110110110110110110110110110110110110110110110110
1011011011011011011011011011011011011011011011011011011011011011011011
1101101101101101101101101101101101101101101101101101101101101101101100
0110110110110110110110110110110110110110110110110110110110110110110111
1011011011011011011011011011011011011011011011011011011011011011011010
1101101101101101101101101101101101101101101101101101101101101101101111
0110110110110110110110110110110110110110110110110110110110110110110110
1011011011011011011011011011011011011011011011011011011011011011011011
1101101101101101101101101101101101101101101101101101101101101101101100
0110110110110110110110110110110110110110110110110110110110110110110111
1011011011011011011011011011011011011011011011011011011011011011011010
1101101101101101101101101101101101101101101101101101101101101101101111
0110110110110110110110110110110110110110110110110110110110110110110110
1011011011011011011011011011011011011011011011011011011011011011011011
1101101101101101101101101101101101101101101101101101101101101101101100
0110110110110110110110110110110110110110110110110110110110110110110111
1011011011011011011011011011011011011011011011011011011011011011011010
1101101101101101101101101101101101101101101101101101101101101101101111
0110110110110110110110110110110110110110110110110110110110110110110110
1011011011011011011011011011011011011011011011011011011011011011011011
1101101101101101101101101101101101101101101101101101101101101101101100
0110110110110110110110110110110110110110110110110110110110110110110111
1011011011011011011011011011011011011011011011011011011011011011011010
1101101101101101101101101101101101101101101101101101101101101101101111
0110110110110110110110110110110110110110110110110110110110110110110110
1011011011011011011011011011011011011011011011011011011011011011011011
1101101101101101101101101101101101101101101101101101101101101101101100
0110110110110110110110110110110110110110110110110110110110110110110111
1011011011011011011011011011011011011011011011011011011011011011011010
1101101101101101101101101101101101101101101101101101101101101101101111
0110110110110110110110110110110110110110110110110110110110110110110110
1011011011011011011011011011011011011011011011011011011011011011011011
1101101101101101101101101101101101101101101101101101101101101101101100
0110110110110110110110110110110110110110110110110110110110110110110111
1011011011011011011011011011011011011011011011011011011011011011011010
1101101101101101101101101101101101101101101101101101101101101101101111
0110110110110110110110110110110110110110110110110110110110110110110110
1011011011011011011011011011011011011011011011011011011011011011011011
1101101101101101101101101101101101101101101101101101101101101101101100
0110110110110110110110110110110110110110110110110110110110110110110111
1011011011011011011011011011011011011011011011011011011011011011011010
1101101101101101101101101101101101101101101101101101101101101101101111
0110110110110110110110110110110110110110110110110110110110110110110110
1011011011011011011011011011011011011011011011011011011011011011011011
1101101101101101101101101101101101101101101101101101101101101101101100
0110110110110110110110110110110110110110110110110110110110110110110111
1011011011011011011011011011011011011011011011011011011011011011011010
1101101101101101101101101101101101101101101101101101101101101101101111
0110110110110110110110110110110110110110110110110110110110110110110110
1011011011011011011011011011011011011011011011011011011011011011011011
1101101101101101101101101101101101101101101101101101101101101101101100
0110110110110110110110110110110110110110110110110110110110110110110111
1011011011011011011011011011011011011011011011011011011011011011011010
1101101101101101101101101101101101101101101101101101101101101101101111
0110110110110110110110110110110110110110110110110110110110110110110110
1011011011011011011011011011011011011011011011011011011011011011011011
1101101101101101101101101101101101101101101101101101101101101101101100
0110110110110110110110110110110110110110110110110110110110110110110111
1011011011011011011011011011011011011011011011011011011011011011011010
1101101101101101101101101101101101101101101101101101101101101101101111
0110110110110110110110110110110110110110110110110110110110110110110110
1011011011011011011011011011011011011011011011011011011011011011011011
1101101101101101101101101101101101101101101101101101101101101101101100
0110110110110110110110110110110110110110110110110110110110110110110111
1011011011011011011011011011011011011011011011011011011011011011011010
1101101101101101101101101101101101101101101101101101101101101101101111
0110110110110110110110110110110110110110110110110110110110110110110110
1011011011011011011011011011011011011011011011011011011011011011011011
1101101101101101101101101101101101101101101101101101101101101101101100
0110110110110110110110110110110110110110110110110110110110110110110111
1011011011011011011011011011011011011011011011011011011011011011011010
1101101101101101101101101101101101101101101101101101101101101101101111
0110110110110110110110110110110110110110110110110110110110110110110110
