1111111111111111111111111111111111111111111111111111111111111111111111
1000000000000000000000000000000000000000000000000000000000000000000001
0111111111111111111111111111111111111111111111111111111111111111111100
0100000000000000000000000000000000000000000000000000000000000000000011
0011111111111111111111111111111111111111111111111111111111111111111011
1010000000000000000000000000000000000000000000000000000000000000000011
0001111111111111111111111111111111111111111111111111111111111111111011
1101000000000000000000000000000000000000000000000000000000000000000011
1000111111111111111111111111111111111111111111111111111111111111111011
0110100000000000000000000000000000000000000000000000000000000000000011
0100011111111111111111111111111111111111111111111111111111111111111011
0011010000000000000000000000000000000000000000000000000000000000000011
1010001111111111111111111111111111111111111111111111111111111111111011
0001101000000000000000000000000000000000000000000000000000000000000011
1101000111111111111111111111111111111111111111111111111111111111111011
1000110100000000000000000000000000000000000000000000000000000000000011
0110100011111111111111111111111111111111111111111111111111111111111011
0100011010000000000000000000000000000000000000000000000000000000000011
0011010001111111111111111111111111111111111111111111111111111111111011
1010001101000000000000000000000000000000000000000000000000000000000011
0001101000111111111111111111111111111111111111111111111111111111111011
1101000110100000000000000000000000000000000000000000000000000000000011
1000110100011111111111111111111111111111111111111111111111111111111011
0110100011010000000000000000000000000000000000000000000000000000000011
0100011010001111111111111111111111111111111111111111111111111111111011
0011010001101000000000000000000000000000000000000000000000000000000011
1010001101000111111111111111111111111111111111111111111111111111111011
0001101000110100000000000000000000000000000000000000000000000000000011
1101000110100011111111111111111111111111111111111111111111111111111011
1000110100011010000000000000000000000000000000000000000000000000000011
0110100011010001111111111111111111111111111111111111111111111111111011
0100011010001101000000000000000000000000000000000000000000000000000011
0011010001101000111111111111111111111111111111111111111111111111111011
1010001101000110100000000000000000000000000000000000000000000000000011
0001101000110100011111111111111111111111111111111111111111111111111011
1101000110100011010000000000000000000000000000000000000000000000000011
1000110100011010001111111111111111111111111111111111111111111111111011
0110100011010001101000000000000000000000000000000000000000000000000011
0100011010001101000111111111111111111111111111111111111111111111111011
0011010001101000110100000000000000000000000000000000000000000000000011
1010001101000110100011111111111111111111111111111111111111111111111011
0001101000110100011010000000000000000000000000000000000000000000000011
1101000110100011010001111111111111111111111111111111111111111111111011
1000110100011010001101000000000000000000000000000000000000000000000011
0110100011010001101000111111111111111111111111111111111111111111111011
0100011010001101000110100000000000000000000000000000000000000000000011
0011010001101000110100011111111111111111111111111111111111111111111011
1010001101000110100011010000000000000000000000000000000000000000000011
0001101000110100011010001111111111111111111111111111111111111111111011
1101000110100011010001101000000000000000000000000000000000000000000011
1000110100011010001101000111111111111111111111111111111111111111111011
0110100011010001101000110100000000000000000000000000000000000000000011
0100011010001101000110100011111111111111111111111111111111111111111011
0011010001101000110100011010000000000000000000000000000000000000000011
1010001101000110100011010001111111111111111111111111111111111111111011
0001101000110100011010001101000000000000000000000000000000000000000011
1101000110100011010001101000111111111111111111111111111111111111111011
1000110100011010001101000110100000000000000000000000000000000000000011
0110100011010001101000110100011111111111111111111111111111111111111011
0100011010001101000110100011010000000000000000000000000000000000000011
0011010001101000110100011010001111111111111111111111111111111111111011
1010001101000110100011010001101000000000000000000000000000000000000011
0001101000110100011010001101000111111111111111111111111111111111111011
1101000110100011010001101000110100000000000000000000000000000000000011
1000110100011010001101000110100011111111111111111111111111111111111011
0110100011010001101000110100011010000000000000000000000000000000000011
0100011010001101000110100011010001111111111111111111111111111111111011
0011010001101000110100011010001101000000000000000000000000000000000011
1010001101000110100011010001101000111111111111111111111111111111111011
0001101000110100011010001101000110100000000000000000000000000000000011
1101000110100011010001101000110100011111111111111111111111111111111011
1000110100011010001101000110100011010000000000000000000000000000000011
0110100011010001101000110100011010001111111111111111111111111111111011
0100011010001101000110100011010001101000000000000000000000000000000011
0011010001101000110100011010001101000111111111111111111111111111111011
1010001101000110100011010001101000110100000000000000000000000000000011
0001101000110100011010001101000110100011111111111111111111111111111011
1101000110100011010001101000110100011010000000000000000000000000000011
1000110100011010001101000110100011010001111111111111111111111111111011
0110100011010001101000110100011010001101000000000000000000000000000011
0100011010001101000110100011010001101000111111111111111111111111111011
0011010001101000110100011010001101000110100000000000000000000000000011
1010001101000110100011010001101000110100011111111111111111111111111011
0001101000110100011010001101000110100011010000000000000000000000000011
1101000110100011010001101000110100011010001111111111111111111111111011
1000110100011010001101000110100011010001101000000000000000000000000011
0110100011010001101000110100011010001101000111111111111111111111111011
0100011010001101000110100011010001101000110100000000000000000000000011
0011010001101000110100011010001101000110100011111111111111111111111011
1010001101000110100011010001101000110100011010000000000000000000000011
0001101000110100011010001101000110100011010001111111111111111111111011
1101000110100011010001101000110100011010001101000000000000000000000011
1000110100011010001101000110100011010001101000111111111111111111111011
0110100011010001101000110100011010001101000110100000000000000000000011
0100011010001101000110100011010001101000110100011111111111111111111011
0011010001101000110100011010001101000110100011010000000000000000000011
1010001101000110100011010001101000110100011010001111111111111111111011
0001101000110100011010001101000110100011010001101000000000000000000011
1101000110100011010001101000110100011010001101000111111111111111111011
1000110100011010001101000110100011010001101000110100000000000000000011
0110100011010001101000110100011010001101000110100011111111111111111011
0100011010001101000110100011010001101000110100011010000000000000000011
0011010001101000110100011010001101000110100011010001111111111111111011
1010001101000110100011010001101000110100011010001101000000000000000011
0001101000110100011010001101000110100011010001101000111111111111111011
1101000110100011010001101000110100011010001101000110100000000000000011
1000110100011010001101000110100011010001101000110100011111111111111011
0110100011010001101000110100011010001101000110100011010000000000000011
0100011010001101000110100011010001101000110100011010001111111111111011
0011010001101000110100011010001101000110100011010001101000000000000011
1010001101000110100011010001101000110100011010001101000111111111111011
0001101000110100011010001101000110100011010001101000110100000000000011
1101000110100011010001101000110100011010001101000110100011111111111011
1000110100011010001101000110100011010001101000110100011010000000000011
0110100011010001101000110100011010001101000110100011010001111111111011
0100011010001101000110100011010001101000110100011010001101000000000011
0011010001101000110100011010001101000110100011010001101000111111111011
1010001101000110100011010001101000110100011010001101000110100000000011
0001101000110100011010001101000110100011010001101000110100011111111011
1101000110100011010001101000110100011010001101000110100011010000000011
1000110100011010001101000110100011010001101000110100011010001111111011
0110100011010001101000110100011010001101000110100011010001101000000011
0100011010001101000110100011010001101000110100011010001101000111111011
0011010001101000110100011010001101000110100011010001101000110100000011
1010001101000110100011010001101000110100011010001101000110100011111011
0001101000110100011010001101000110100011010001101000110100011010000011
1101000110100011010001101000110100011010001101000110100011010001111011
1000110100011010001101000110100011010001101000110100011010001101000011
0110100011010001101000110100011010001101000110100011010001101000111011
0100011010001101000110100011010001101000110100011010001101000110100011
0011010001101000110100011010001101000110100011010001101000110100011011
1010001101000110100011010001101000110100011010001101000110100011010011
0001101000110100011010001101000110100011010001101000110100011010001011
1101000110100011010001101000110100011010001101000110100011010001100011
1000110100011010001101000110100011010001101000110100011010001101011011
0110100011010001101000110100011010001101000110100011010001101000010011
0100011010001101000110100011010001101000110100011010001101000111001011
0011010001101000110100011010001101000110100011010001101000110100100011
1010001101000110100011010001101000110100011010001101000110100010011011
0001101000110100011010001101000110100011010001101000110100011001010011
1101000110100011010001101000110100011010001101000110100011010100001011
1000110100011010001101000110100011010001101000110100011010000011100011
0110100011010001101000110100011010001101000110100011010001111010011011
0100011010001101000110100011010001101000110100011010001101000001010011
0011010001101000110100011010001101000110100011010001101000111100001011
1010001101000110100011010001101000110100011010001101000110100011100011
0001101000110100011010001101000110100011010001101000110100011010011011
1101000110100011010001101000110100011010001101000110100011010001010011
1000110100011010001101000110100011010001101000110100011010001100001011
0110100011010001101000110100011010001101000110100011010001101011100011
0100011010001101000110100011010001101000110100011010001101000010011011
0011010001101000110100011010001101000110100011010001101000111001010011
1010001101000110100011010001101000110100011010001101000110100100001011
0001101000110100011010001101000110100011010001101000110100010011100011
1101000110100011010001101000110100011010001101000110100011001010011011
1000110100011010001101000110100011010001101000110100011010100001010011
0110100011010001101000110100011010001101000110100011010000011100001011
0100011010001101000110100011010001101000110100011010001111010011100011
0011010001101000110100011010001101000110100011010001101000001010011011
1010001101000110100011010001101000110100011010001101000111100001010011
0001101000110100011010001101000110100011010001101000110100011100001011
1101000110100011010001101000110100011010001101000110100011010011100011
1000110100011010001101000110100011010001101000110100011010001010011011
0110100011010001101000110100011010001101000110100011010001100001010011
0100011010001101000110100011010001101000110100011010001101011100001011
0011010001101000110100011010001101000110100011010001101000010011100011
1010001101000110100011010001101000110100011010001101000111001010011011
0001101000110100011010001101000110100011010001101000110100100001010011
1101000110100011010001101000110100011010001101000110100010011100001011
1000110100011010001101000110100011010001101000110100011001010011100011
0110100011010001101000110100011010001101000110100011010100001010011011
0100011010001101000110100011010001101000110100011010000011100001010011
0011010001101000110100011010001101000110100011010001111010011100001011
1010001101000110100011010001101000110100011010001101000001010011100011
0001101000110100011010001101000110100011010001101000111100001010011011
1101000110100011010001101000110100011010001101000110100011100001010011
1000110100011010001101000110100011010001101000110100011010011100001011
0110100011010001101000110100011010001101000110100011010001010011100011
0100011010001101000110100011010001101000110100011010001100001010011011
0011010001101000110100011010001101000110100011010001101011100001010011
1010001101000110100011010001101000110100011010001101000010011100001011
0001101000110100011010001101000110100011010001101000111001010011100011
1101000110100011010001101000110100011010001101000110100100001010011011
1000110100011010001101000110100011010001101000110100010011100001010011
0110100011010001101000110100011010001101000110100011001010011100001011
0100011010001101000110100011010001101000110100011010100001010011100011
0011010001101000110100011010001101000110100011010000011100001010011011
1010001101000110100011010001101000110100011010001111010011100001010011
0001101000110100011010001101000110100011010001101000001010011100001011
1101000110100011010001101000110100011010001101000111100001010011100011
1000110100011010001101000110100011010001101000110100011100001010011011
0110100011010001101000110100011010001101000110100011010011100001010011
0100011010001101000110100011010001101000110100011010001010011100001011
0011010001101000110100011010001101000110100011010001100001010011100011
1010001101000110100011010001101000110100011010001101011100001010011011
0001101000110100011010001101000110100011010001101000010011100001010011
1101000110100011010001101000110100011010001101000111001010011100001011
1000110100011010001101000110100011010001101000110100100001010011100011
0110100011010001101000110100011010001101000110100010011100001010011011
0100011010001101000110100011010001101000110100011001010011100001010011
0011010001101000110100011010001101000110100011010100001010011100001011
1010001101000110100011010001101000110100011010000011100001010011100011
0001101000110100011010001101000110100011010001111010011100001010011011
1101000110100011010001101000110100011010001101000001010011100001010011
1000110100011010001101000110100011010001101000111100001010011100001011
0110100011010001101000110100011010001101000110100011100001010011100011
0100011010001101000110100011010001101000110100011010011100001010011011
0011010001101000110100011010001101000110100011010001010011100001010011
1010001101000110100011010001101000110100011010001100001010011100001011
0001101000110100011010001101000110100011010001101011100001010011100011
