1111010101010101010101010101010101010101010101010101010101010101010101
1000010101010101010101010101010101010101010101010101010101010101010101
1100110101010101010101010101010101010101010101010101010101010101010101
1011100101010101010101010101010101010101010101010101010101010101010101
1010011101010101010101010101010101010101010101010101010101010101010101
1011110001010101010101010101010101010101010101010101010101010101010101
1010001011010101010101010101010101010101010101010101010101010101010101
1011011010010101010101010101010101010101010101010101010101010101010101
1010010011110101010101010101010101010101010101010101010101010101010101
1011111110000101010101010101010101010101010101010101010101010101010101
1010000001001101010101010101010101010101010101010101010101010101010101
1011000011111001010101010101010101010101010101010101010101010101010101
1010100110000111010101010101010101010101010101010101010101010101010101
1010111101001100010101010101010101010101010101010101010101010101010101
1010100001111010110101010101010101010101010101010101010101010101010101
1010110011000010100101010101010101010101010101010101010101010101010101
1010101110100110111101010101010101010101010101010101010101010101010101
1010101000111100100001010101010101010101010101010101010101010101010101
1010101101100011110011010101010101010101010101010101010101010101010101
1010101001010110001110010101010101010101010101010101010101010101010101
1010101111010101011001110101010101010101010101010101010101010101010101
1010101000010101010111000101010101010101010101010101010101010101010101
1010101100110101010100101101010101010101010101010101010101010101010101
1010101011100101010111101001010101010101010101010101010101010101010101
1010101010011101010100001111010101010101010101010101010101010101010101
1010101011110001010110011000010101010101010101010101010101010101010101
1010101010001011010101110100110101010101010101010101010101010101010101
1010101011011010010101000111100101010101010101010101010101010101010101
1010101010010011110101101100011101010101010101010101010101010101010101
1010101011111110000101001010110001010101010101010101010101010101010101
1010101010000001001101111010101011010101010101010101010101010101010101
1010101011000011111001000010101010010101010101010101010101010101010101
1010101010100110000111100110101011110101010101010101010101010101010101
1010101010111101001100011100101010000101010101010101010101010101010101
1010101010100001111010110011101011001101010101010101010101010101010101
1010101010110011000010101110001010111001010101010101010101010101010101
1010101010101110100110101001011010100111010101010101010101010101010101
1010101010101000111100101111010010111100010101010101010101010101010101
1010101010101101100011101000011110100010110101010101010101010101010101
1010101010101001010110001100110000110110100101010101010101010101010101
1010101010101111010101011011101001100100111101010101010101010101010101
1010101010101000010101010010001111011111100001010101010101010101010101
1010101010101100110101011111011000010000010011010101010101010101010101
1010101010101011100101010000010100111000111110010101010101010101010101
1010101010101010011101011000110111100101100001110101010101010101010101
1010101010101011110001010101100100011101010011000101010101010101010101
1010101010101010001011010101011110110001011110101101010101010101010101
1010101010101011011010010101010000101011010000101001010101010101010101
1010101010101010010011110101011001101010011001101111010101010101010101
1010101010101011111110000101010111001011110111001000010101010101010101
1010101010101010000001001101010100111010000100111100110101010101010101
1010101010101011000011111001010111100011001111100011100101010101010101
1010101010101010100110000111010100010110111000010110011101010101010101
1010101010101010111101001100010110110100100100110101110001010101010101
1010101010101010100001111010110100100111111111100101001011010101010101
1010101010101010110011000010100111111100000000011101111010010101010101
1010101010101010101110100110111100000010000000110001000011110101010101
1010101010101010101000111100100010000111000001101011100110000101010101
1010101010101010101101100011110111001100100011001010011101001101010101
1010101010101010101001010110000100111011110110111011110001111001010101
1010101010101010101111010101001111100010000100100010001011000111010101
1010101010101010101000010101111000010111001111110111011010101100010101
1010101010101010101100110101000100110100111000000100010010101010110101
1010101010101010101011100101101111100111100100001110111110101010100101
1010101010101010101010011101001000011100011110011000100000101010111101
1010101010101010101011110001111100110010110001110101110001101010100001
1010101010101010101010001011000011101110101011000101001011001010110011
1010101010101010101011011010100110001000101010101101111010111010101111
1010101010101010101010010010111101011101101010101001000010100010101001
1010101010101010101011111110100001010001001010101111100110110110101111
1010101010101010101010000000110011011011111010101000011100100100101001
1010101010101010101011000001101110010010000010101100110011111111101111
1010101010101010101010100011001001111111000110101011101110000000001001
1010101010101010101010110110111111000000101100101010001001000000011111
1010101010101010101010100100100000100001101011101011011111100000110001
1010101010101010101010111111110001110011001010001010010000010001101011
1010101010101010101010100000001011001110111011011011111000111011001011
1010101010101010101010110000011010111000100010010010000101100010111011
1010101010101010101010101000110010100101110111111111001101010110100011
1010101010101010101010101101101110111101000100000000111001010100110111
1010101010101010101010101001001000100001101110000001100111010111100101
1010101010101010101010101111111101110011001001000011011100010100011101
1010101010101010101010101000000001001110111111100110010010110110110001
1010101010101010101010101100000011111000100000011101111110100100101011
1010101010101010101010101010000110000101110000110001000000111111101011
1010101010101010101010101011001101001101001001101011100001100000001011
1010101010101010101010101010111001111001111111001010010011010000011011
1010101010101010101010101010100111000111000000111011111110011000110011
1010101010101010101010101010111100101100100001100010000001110101101111
1010101010101010101010101010100011101011110011010111000011000101001001
1010101010101010101010101010110110001010001110010100100110101101111111
1010101010101010101010101010100101011011011001110111111100101001000001
1010101010101010101010101010111101010010010111000100000011101111100011
1010101010101010101010101010100001011111110100101110000110001000010111
1010101010101010101010101010110011010000000111101001001101011100110101
1010101010101010101010101010101110011000001100001111111001010011100101
1010101010101010101010101010101001110100011010011000000111011110011101
1010101010101010101010101010101111000110110011110100001100010001110001
1010101010101010101010101010101000101100101110000110011010111011001011
1010101010101010101010101010101101101011101001001101110010100010111011
1010101010101010101010101010101001001010001111111001001110110110100011
1010101010101010101010101010101111111011011000000111111000100100110111
1010101010101010101010101010101000000010010100001100000101111111100101
1010101010101010101010101010101100000111110110011010001101000000011101
1010101010101010101010101010101010001100000101110011011001100000110001
1010101010101010101010101010101011011010001101001110010111010001101011
1010101010101010101010101010101010010011011001111001110100011011001011
1010101010101010101010101010101011111110010111000111000110110010111011
1010101010101010101010101010101010000001110100101100101100101110100011
1010101010101010101010101010101011000011000111101011101011101000110111
1010101010101010101010101010101010100110101100001010001010001101100101
1010101010101010101010101010101010111100101010011011011011011001011101
1010101010101010101010101010101010100011101011110010010010010111010001
1010101010101010101010101010101010110110001010001111111111110100011011
1010101010101010101010101010101010100101011011011000000000000110110011
1010101010101010101010101010101010111101010010010100000000001100101111
1010101010101010101010101010101010100001011111110110000000011011101001
1010101010101010101010101010101010110011010000000101000000110010001111
1010101010101010101010101010101010101110011000001101100001101111011001
1010101010101010101010101010101010101001110100011001010011001000010111
1010101010101010101010101010101010101111000110110111011110111100110101
1010101010101010101010101010101010101000101100100100010000100011100101
1010101010101010101010101010101010101101101011111110111001110110011101
1010101010101010101010101010101010101001001010000000100111000101110001
1010101010101010101010101010101010101111111011000001111100101101001011
1010101010101010101010101010101010101000000010100011000011101001111011
1010101010101010101010101010101010101100000110110110100110001111000011
1010101010101010101010101010101010101010001100100100111101011000100111
1010101010101010101010101010101010101011011011111111100001010101111101
1010101010101010101010101010101010101010010010000000010011010101000001
1010101010101010101010101010101010101011111111000000111110010101100011
1010101010101010101010101010101010101010000000100001100001110101010111
1010101010101010101010101010101010101011000001110011010011000101010101
1010101010101010101010101010101010101010100011001110011110101101010101
1010101010101010101010101010101010101010110110111001110000101001010101
1010101010101010101010101010101010101010100100100111001001101111010101
1010101010101010101010101010101010101010111111111100111111001000010101
1010101010101010101010101010101010101010100000000011100000111100110101
1010101010101010101010101010101010101010110000000110010001100011100101
1010101010101010101010101010101010101010101000001101111011010110011101
1010101010101010101010101010101010101010101100011001000010010101110001
1010101010101010101010101010101010101010101010110111100111110101001011
1010101010101010101010101010101010101010101010100100011100000101111011
1010101010101010101010101010101010101010101010111110110010001101000011
1010101010101010101010101010101010101010101010100000101111011001100111
1010101010101010101010101010101010101010101010110001101000010111011101
1010101010101010101010101010101010101010101010101011001100110100010001
1010101010101010101010101010101010101010101010101010111011100110111011
1010101010101010101010101010101010101010101010101010100010011100100011
1010101010101010101010101010101010101010101010101010110111110011110111
1010101010101010101010101010101010101010101010101010100100001110000101
1010101010101010101010101010101010101010101010101010111110011001001101
1010101010101010101010101010101010101010101010101010100001110111111001
1010101010101010101010101010101010101010101010101010110011000100000111
1010101010101010101010101010101010101010101010101010101110101110001101
1010101010101010101010101010101010101010101010101010101000101001011001
1010101010101010101010101010101010101010101010101010101101101111010111
1010101010101010101010101010101010101010101010101010101001001000010101
1010101010101010101010101010101010101010101010101010101111111100110101
1010101010101010101010101010101010101010101010101010101000000011100101
1010101010101010101010101010101010101010101010101010101100000110011101
1010101010101010101010101010101010101010101010101010101010001101110001
1010101010101010101010101010101010101010101010101010101011011001001011
1010101010101010101010101010101010101010101010101010101010010111111011
1010101010101010101010101010101010101010101010101010101011110100000011
1010101010101010101010101010101010101010101010101010101010000110000111
1010101010101010101010101010101010101010101010101010101011001101001101
1010101010101010101010101010101010101010101010101010101010111001111001
1010101010101010101010101010101010101010101010101010101010100111000111
1010101010101010101010101010101010101010101010101010101010111100101101
1010101010101010101010101010101010101010101010101010101010100011101001
1010101010101010101010101010101010101010101010101010101010110110001111
1010101010101010101010101010101010101010101010101010101010100101011001
1010101010101010101010101010101010101010101010101010101010111101010111
1010101010101010101010101010101010101010101010101010101010100001010101
1010101010101010101010101010101010101010101010101010101010110011010101
1010101010101010101010101010101010101010101010101010101010101110010101
1010101010101010101010101010101010101010101010101010101010101001110101
1010101010101010101010101010101010101010101010101010101010101111000101
1010101010101010101010101010101010101010101010101010101010101000101101
1010101010101010101010101010101010101010101010101010101010101101101001
1010101010101010101010101010101010101010101010101010101010101001001111
1010101010101010101010101010101010101010101010101010101010101111111001
1010101010101010101010101010101010101010101010101010101010101000000111
1010101010101010101010101010101010101010101010101010101010101100001101
1010101010101010101010101010101010101010101010101010101010101010011001
1010101010101010101010101010101010101010101010101010101010101011110111
1010101010101010101010101010101010101010101010101010101010101010000101
1010101010101010101010101010101010101010101010101010101010101011001101
1010101010101010101010101010101010101010101010101010101010101010111001
1010101010101010101010101010101010101010101010101010101010101010100111
1010101010101010101010101010101010101010101010101010101010101010111101
1010101010101010101010101010101010101010101010101010101010101010100001
1010101010101010101010101010101010101010101010101010101010101010110011
1010101010101010101010101010101010101010101010101010101010101010101111
1010101010101010101010101010101010101010101010101010101010101010101001
1010101010101010101010101010101010101010101010101010101010101010101111
1010101010101010101010101010101010101010101010101010101010101010101001
1010101010101010101010101010101010101010101010101010101010101010101111
1010101010101010101010101010101010101010101010101010101010101010101001
1010101010101010101010101010101010101010101010101010101010101010101111
1010101010101010101010101010101010101010101010101010101010101010101001
1010101010101010101010101010101010101010101010101010101010101010101111
1010101010101010101010101010101010101010101010101010101010101010101001
1010101010101010101010101010101010101010101010101010101010101010101111
1010101010101010101010101010101010101010101010101010101010101010101001
1010101010101010101010101010101010101010101010101010101010101010101111
1010101010101010101010101010101010101010101010101010101010101010101001
1010101010101010101010101010101010101010101010101010101010101010101111
1010101010101010101010101010101010101010101010101010101010101010101001
