1011011011011011011011011011011011011011011011011011011011011011011010
1110110110110110110110110110110110110110110110110110110110110110110111
1001101101101101101101101101101101101101101101101101101101101101101101
1001011011011011011011011011011011011011011011011011011011011011011010
1001110110110110110110110110110110110110110110110110110110110110110111
1001001101101101101101101101101101101101101101101101101101101101101101
1001001011011011011011011011011011011011011011011011011011011011011010
1001001110110110110110110110110110110110110110110110110110110110110111
1001001001101101101101101101101101101101101101101101101101101101101101
1001001001011011011011011011011011011011011011011011011011011011011010
1001001001110110110110110110110110110110110110110110110110110110110111
1001001001001101101101101101101101101101101101101101101101101101101101
1001001001001011011011011011011011011011011011011011011011011011011010
1001001001001110110110110110110110110110110110110110110110110110110111
1001001001001001101101101101101101101101101101101101101101101101101101
1001001001001001011011011011011011011011011011011011011011011011011010
1001001001001001110110110110110110110110110110110110110110110110110111
1001001001001001001101101101101101101101101101101101101101101101101101
1001001001001001001011011011011011011011011011011011011011011011011010
1001001001001001001110110110110110110110110110110110110110110110110111
1001001001001001001001101101101101101101101101101101101101101101101101
1001001001001001001001011011011011011011011011011011011011011011011010
1001001001001001001001110110110110110110110110110110110110110110110111
1001001001001001001001001101101101101101101101101101101101101101101101
1001001001001001001001001011011011011011011011011011011011011011011010
1001001001001001001001001110110110110110110110110110110110110110110111
1001001001001001001001001001101101101101101101101101101101101101101101
1001001001001001001001001001011011011011011011011011011011011011011010
1001001001001001001001001001110110110110110110110110110110110110110111
1001001001001001001001001001001101101101101101101101101101101101101101
1001001001001001001001001001001011011011011011011011011011011011011010
1001001001001001001001001001001110110110110110110110110110110110110111
1001001001001001001001001001001001101101101101101101101101101101101101
1001001001001001001001001001001001011011011011011011011011011011011010
1001001001001001001001001001001001110110110110110110110110110110110111
1001001001001001001001001001001001001101101101101101101101101101101101
1001001001001001001001001001001001001011011011011011011011011011011010
1001001001001001001001001001001001001110110110110110110110110110110111
1001001001001001001001001001001001001001101101101101101101101101101101
1001001001001001001001001001001001001001011011011011011011011011011010
1001001001001001001001001001001001001001110110110110110110110110110111
1001001001001001001001001001001001001001001101101101101101101101101101
1001001001001001001001001001001001001001001011011011011011011011011010
1001001001001001001001001001001001001001001110110110110110110110110111
1001001001001001001001001001001001001001001001101101101101101101101101
1001001001001001001001001001001001001001001001011011011011011011011010
1001001001001001001001001001001001001001001001110110110110110110110111
1001001001001001001001001001001001001001001001001101101101101101101101
1001001001001001001001001001001001001001001001001011011011011011011010
1001001001001001001001001001001001001001001001001110110110110110110111
1001001001001001001001001001001001001001001001001001101101101101101101
1001001001001001001001001001001001001001001001001001011011011011011010
1001001001001001001001001001001001001001001001001001110110110110110111
1001001001001001001001001001001001001001001001001001001101101101101101
1001001001001001001001001001001001001001001001001001001011011011011010
1001001001001001001001001001001001001001001001001001001110110110110111
1001001001001001001001001001001001001001001001001001001001101101101101
1001001001001001001001001001001001001001001001001001001001011011011010
1001001001001001001001001001001001001001001001001001001001110110110111
1001001001001001001001001001001001001001001001001001001001001101101101
1001001001001001001001001001001001001001001001001001001001001011011010
1001001001001001001001001001001001001001001001001001001001001110110111
1001001001001001001001001001001001001001001001001001001001001001101101
1001001001001001001001001001001001001001001001001001001001001001011010
1001001001001001001001001001001001001001001001001001001001001001110111
1001001001001001001001001001001001001001001001001001001001001001001101
1001001001001001001001001001001001001001001001001001001001001001001010
1001001001001001001001001001001001001001001001001001001001001001001111
1001001001001001001001001001001001001001001001001001001001001001001001
1001001001001001001001001001001001001001001001001001001001001001001000
1001001001001001001001001001001001001001001001001001001001001001001000
1001001001001001001001001001001001001001001001001001001001001001001000
1001001001001001001001001001001001001001001001001001001001001001001000
1001001001001001001001001001001001001001001001001001001001001001001000
1001001001001001001001001001001001001001001001001001001001001001001000
1001001001001001001001001001001001001001001001001001001001001001001000
1001001001001001001001001001001001001001001001001001001001001001001000
1001001001001001001001001001001001001001001001001001001001001001001000
1001001001001001001001001001001001001001001001001001001001001001001000
1001001001001001001001001001001001001001001001001001001001001001001000
1001001001001001001001001001001001001001001001001001001001001001001000
1001001001001001001001001001001001001001001001001001001001001001001000
1001001001001001001001001001001001001001001001001001001001001001001000
1001001001001001001001001001001001001001001001001001001001001001001000
1001001001001001001001001001001001001001001001001001001001001001001000
1001001001001001001001001001001001001001001001001001001001001001001000
1001001001001001001001001001001001001001001001001001001001001001001000
1001001001001001001001001001001001001001001001001001001001001001001000
1001001001001001001001001001001001001001001001001001001001001001001000
1001001001001001001001001001001001001001001001001001001001001001001000
1001001001001001001001001001001001001001001001001001001001001001001000
1001001001001001001001001001001001001001001001001001001001001001001000
1001001001001001001001001001001001001001001001001001001001001001001000
1001001001001001001001001001001001001001001001001001001001001001001000
1001001001001001001001001001001001001001001001001001001001001001001000
1001001001001001001001001001001001001001001001001001001001001001001000
1001001001001001001001001001001001001001001001001001001001001001001000
1001001001001001001001001001001001001001001001001001001001001001001000
1001001001001001001001001001001001001001001001001001001001001001001000
1001001001001001001001001001001001001001001001001001001001001001001000
1001001001001001001001001001001001001001001001001001001001001001001000
1001001001001001001001001001001001001001001001001001001001001001001000
1001001001001001001001001001001001001001001001001001001001001001001000
1001001001001001001001001001001001001001001001001001001001001001001000
1001001001001001001001001001001001001001001001001001001001001001001000
1001001001001001001001001001001001001001001001001001001001001001001000
1001001001001001001001001001001001001001001001001001001001001001001000
1001001001001001001001001001001001001001001001001001001001001001001000
1001001001001001001001001001001001001001001001001001001001001001001000
1001001001001001001001001001001001001001001001001001001001001001001000
1001001001001001001001001001001001001001001001001001001001001001001000
1001001001001001001001001001001001001001001001001001001001001001001000
1001001001001001001001001001001001001001001001001001001001001001001000
1001001001001001001001001001001001001001001001001001001001001001001000
1001001001001001001001001001001001001001001001001001001001001001001000
1001001001001001001001001001001001001001001001001001001001001001001000
1001001001001001001001001001001001001001001001001001001001001001001000
1001001001001001001001001001001001001001001001001001001001001001001000
1001001001001001001001001001001001001001001001001001001001001001001000
1001001001001001001001001001001001001001001001001001001001001001001000
1001001001001001001001001001001001001001001001001001001001001001001000
1001001001001001001001001001001001001001001001001001001001001001001000
1001001001001001001001001001001001001001001001001001001001001001001000
1001001001001001001001001001001001001001001001001001001001001001001000
1001001001001001001001001001001001001001001001001001001001001001001000
1001001001001001001001001001001001001001001001001001001001001001001000
1001001001001001001001001001001001001001001001001001001001001001001000
1001001001001001001001001001001001001001001001001001001001001001001000
1001001001001001001001001001001001001001001001001001001001001001001000
1001001001001001001001001001001001001001001001001001001001001001001000
1001001001001001001001001001001001001001001001001001001001001001001000
1001001001001001001001001001001001001001001001001001001001001001001000
1001001001001001001001001001001001001001001001001001001001001001001000
1001001001001001001001001001001001001001001001001001001001001001001000
1001001001001001001001001001001001001001001001001001001001001001001000
1001001001001001001001001001001001001001001001001001001001001001001000
1001001001001001001001001001001001001001001001001001001001001001001000
1001001001001001001001001001001001001001001001001001001001001001001000
1001001001001001001001001001001001001001001001001001001001001001001000
1001001001001001001001001001001001001001001001001001001001001001001000
1001001001001001001001001001001001001001001001001001001001001001001000
1001001001001001001001001001001001001001001001001001001001001001001000
1001001001001001001001001001001001001001001001001001001001001001001000
1001001001001001001001001001001001001001001001001001001001001001001000
1001001001001001001001001001001001001001001001001001001001001001001000
1001001001001001001001001001001001001001001001001001001001001001001000
1001001001001001001001001001001001001001001001001001001001001001001000
1001001001001001001001001001001001001001001001001001001001001001001000
1001001001001001001001001001001001001001001001001001001001001001001000
1001001001001001001001001001001001001001001001001001001001001001001000
1001001001001001001001001001001001001001001001001001001001001001001000
1001001001001001001001001001001001001001001001001001001001001001001000
1001001001001001001001001001001001001001001001001001001001001001001000
1001001001001001001001001001001001001001001001001001001001001001001000
1001001001001001001001001001001001001001001001001001001001001001001000
1001001001001001001001001001001001001001001001001001001001001001001000
1001001001001001001001001001001001001001001001001001001001001001001000
1001001001001001001001001001001001001001001001001001001001001001001000
1001001001001001001001001001001001001001001001001001001001001001001000
1001001001001001001001001001001001001001001001001001001001001001001000
1001001001001001001001001001001001001001001001001001001001001001001000
1001001001001001001001001001001001001001001001001001001001001001001000
1001001001001001001001001001001001001001001001001001001001001001001000
1001001001001001001001001001001001001001001001001001001001001001001000
1001001001001001001001001001001001001001001001001001001001001001001000
1001001001001001001001001001001001001001001001001001001001001001001000
1001001001001001001001001001001001001001001001001001001001001001001000
1001001001001001001001001001001001001001001001001001001001001001001000
1001001001001001001001001001001001001001001001001001001001001001001000
1001001001001001001001001001001001001001001001001001001001001001001000
1001001001001001001001001001001001001001001001001001001001001001001000
1001001001001001001001001001001001001001001001001001001001001001001000
1001001001001001001001001001001001001001001001001001001001001001001000
1001001001001001001001001001001001001001001001001001001001001001001000
1001001001001001001001001001001001001001001001001001001001001001001000
1001001001001001001001001001001001001001001001001001001001001001001000
1001001001001001001001001001001001001001001001001001001001001001001000
1001001001001001001001001001001001001001001001001001001001001001001000
1001001001001001001001001001001001001001001001001001001001001001001000
1001001001001001001001001001001001001001001001001001001001001001001000
1001001001001001001001001001001001001001001001001001001001001001001000
1001001001001001001001001001001001001001001001001001001001001001001000
1001001001001001001001001001001001001001001001001001001001001001001000
1001001001001001001001001001001001001001001001001001001001001001001000
1001001001001001001001001001001001001001001001001001001001001001001000
1001001001001001001001001001001001001001001001001001001001001001001000
1001001001001001001001001001001001001001001001001001001001001001001000
1001001001001001001001001001001001001001001001001001001001001001001000
1001001001001001001001001001001001001001001001001001001001001001001000
1001001001001001001001001001001001001001001001001001001001001001001000
1001001001001001001001001001001001001001001001001001001001001001001000
1001001001001001001001001001001001001001001001001001001001001001001000
1001001001001001001001001001001001001001001001001001001001001001001000
1001001001001001001001001001001001001001001001001001001001001001001000
1001001001001001001001001001001001001001001001001001001001001001001000
1001001001001001001001001001001001001001001001001001001001001001001000
1001001001001001001001001001001001001001001001001001001001001001001000
1001001001001001001001001001001001001001001001001001001001001001001000
1001001001001001001001001001001001001001001001001001001001001001001000
1001001001001001001001001001001001001001001001001001001001001001001000
1001001001001001001001001001001001001001001001001001001001001001001000
1001001001001001001001001001001001001001001001001001001001001001001000
1001001001001001001001001001001001001001001001001001001001001001001000
1001001001001001001001001001001001001001001001001001001001001001001000
1001001001001001001001001001001001001001001001001001001001001001001000
1001001001001001001001001001001001001001001001001001001001001001001000
1001001001001001001001001001001001001001001001001001001001001001001000
1001001001001001001001001001001001001001001001001001001001001001001000
1001001001001001001001001001001001001001001001001001001001001001001000
1001001001001001001001001001001001001001001001001001001001001001001000
