1001001001001001001001001001001001001001001001001001001001001001001011
1001001001001001001001001001001001001001001001001001001001001001001111
1001001001001001001001001001001001001001001001001001001001001001001001
1001001001001001001001001001001001001001001001001001001001001001001000
1001001001001001001001001001001001001001001001001001001001001001001011
1001001001001001001001001001001001001001001001001001001001001001001111
1001001001001001001001001001001001001001001001001001001001001001001001
1001001001001001001001001001001001001001001001001001001001001001001000
1001001001001001001001001001001001001001001001001001001001001001001011
1001001001001001001001001001001001001001001001001001001001001001001111
1001001001001001001001001001001001001001001001001001001001001001001001
1001001001001001001001001001001001001001001001001001001001001001001000
1001001001001001001001001001001001001001001001001001001001001001001011
1001001001001001001001001001001001001001001001001001001001001001001111
1001001001001001001001001001001001001001001001001001001001001001001001
1001001001001001001001001001001001001001001001001001001001001001001000
1001001001001001001001001001001001001001001001001001001001001001001011
1001001001001001001001001001001001001001001001001001001001001001001111
1001001001001001001001001001001001001001001001001001001001001001001001
1001001001001001001001001001001001001001001001001001001001001001001000
1001001001001001001001001001001001001001001001001001001001001001001011
1001001001001001001001001001001001001001001001001001001001001001001111
1001001001001001001001001001001001001001001001001001001001001001001001
1001001001001001001001001001001001001001001001001001001001001001001000
1001001001001001001001001001001001001001001001001001001001001001001011
1001001001001001001001001001001001001001001001001001001001001001001111
1001001001001001001001001001001001001001001001001001001001001001001001
1001001001001001001001001001001001001001001001001001001001001001001000
1001001001001001001001001001001001001001001001001001001001001001001011
1001001001001001001001001001001001001001001001001001001001001001001111
1001001001001001001001001001001001001001001001001001001001001001001001
1001001001001001001001001001001001001001001001001001001001001001001000
1001001001001001001001001001001001001001001001001001001001001001001011
1001001001001001001001001001001001001001001001001001001001001001001111
1001001001001001001001001001001001001001001001001001001001001001001001
1001001001001001001001001001001001001001001001001001001001001001001000
1001001001001001001001001001001001001001001001001001001001001001001011
1001001001001001001001001001001001001001001001001001001001001001001111
1001001001001001001001001001001001001001001001001001001001001001001001
1001001001001001001001001001001001001001001001001001001001001001001000
1001001001001001001001001001001001001001001001001001001001001001001011
1001001001001001001001001001001001001001001001001001001001001001001111
1001001001001001001001001001001001001001001001001001001001001001001001
1001001001001001001001001001001001001001001001001001001001001001001000
1001001001001001001001001001001001001001001001001001001001001001001011
1001001001001001001001001001001001001001001001001001001001001001001111
1001001001001001001001001001001001001001001001001001001001001001001001
1001001001001001001001001001001001001001001001001001001001001001001000
1001001001001001001001001001001001001001001001001001001001001001001011
1001001001001001001001001001001001001001001001001001001001001001001111
1001001001001001001001001001001001001001001001001001001001001001001001
1001001001001001001001001001001001001001001001001001001001001001001000
1001001001001001001001001001001001001001001001001001001001001001001011
1001001001001001001001001001001001001001001001001001001001001001001111
1001001001001001001001001001001001001001001001001001001001001001001001
1001001001001001001001001001001001001001001001001001001001001001001000
1001001001001001001001001001001001001001001001001001001001001001001011
1001001001001001001001001001001001001001001001001001001001001001001111
1001001001001001001001001001001001001001001001001001001001001001001001
1001001001001001001001001001001001001001001001001001001001001001001000
1001001001001001001001001001001001001001001001001001001001001001001011
1001001001001001001001001001001001001001001001001001001001001001001111
1001001001001001001001001001001001001001001001001001001001001001001001
1001001001001001001001001001001001001001001001001001001001001001001000
1001001001001001001001001001001001001001001001001001001001001001001011
1001001001001001001001001001001001001001001001001001001001001001001111
1001001001001001001001001001001001001001001001001001001001001001001001
1001001001001001001001001001001001001001001001001001001001001001001000
1001001001001001001001001001001001001001001001001001001001001001001011
1001001001001001001001001001001001001001001001001001001001001001001111
1001001001001001001001001001001001001001001001001001001001001001001001
1001001001001001001001001001001001001001001001001001001001001001001000
1001001001001001001001001001001001001001001001001001001001001001001011
1001001001001001001001001001001001001001001001001001001001001001001111
1001001001001001001001001001001001001001001001001001001001001001001001
1001001001001001001001001001001001001001001001001001001001001001001000
1001001001001001001001001001001001001001001001001001001001001001001011
1001001001001001001001001001001001001001001001001001001001001001001111
1001001001001001001001001001001001001001001001001001001001001001001001
1001001001001001001001001001001001001001001001001001001001001001001000
1001001001001001001001001001001001001001001001001001001001001001001011
1001001001001001001001001001001001001001001001001001001001001001001111
1001001001001001001001001001001001001001001001001001001001001001001001
1001001001001001001001001001001001001001001001001001001001001001001000
1001001001001001001001001001001001001001001001001001001001001001001011
1001001001001001001001001001001001001001001001001001001001001001001111
1001001001001001001001001001001001001001001001001001001001001001001001
1001001001001001001001001001001001001001001001001001001001001001001000
1001001001001001001001001001001001001001001001001001001001001001001011
1001001001001001001001001001001001001001001001001001001001001001001111
1001001001001001001001001001001001001001001001001001001001001001001001
1001001001001001001001001001001001001001001001001001001001001001001000
1001001001001001001001001001001001001001001001001001001001001001001011
1001001001001001001001001001001001001001001001001001001001001001001111
1001001001001001001001001001001001001001001001001001001001001001001001
1001001001001001001001001001001001001001001001001001001001001001001000
1001001001001001001001001001001001001001001001001001001001001001001011
1001001001001001001001001001001001001001001001001001001001001001001111
1001001001001001001001001001001001001001001001001001001001001001001001
1001001001001001001001001001001001001001001001001001001001001001001000
1001001001001001001001001001001001001001001001001001001001001001001011
1001001001001001001001001001001001001001001001001001001001001001001111
1001001001001001001001001001001001001001001001001001001001001001001001
1001001001001001001001001001001001001001001001001001001001001001001000
1001001001001001001001001001001001001001001001001001001001001001001011
1001001001001001001001001001001001001001001001001001001001001001001111
1001001001001001001001001001001001001001001001001001001001001001001001
1001001001001001001001001001001001001001001001001001001001001001001000
1001001001001001001001001001001001001001001001001001001001001001001011
1001001001001001001001001001001001001001001001001001001001001001001111
1001001001001001001001001001001001001001001001001001001001001001001001
1001001001001001001001001001001001001001001001001001001001001001001000
1001001001001001001001001001001001001001001001001001001001001001001011
1001001001001001001001001001001001001001001001001001001001001001001111
1001001001001001001001001001001001001001001001001001001001001001001001
1001001001001001001001001001001001001001001001001001001001001001001000
1001001001001001001001001001001001001001001001001001001001001001001011
1001001001001001001001001001001001001001001001001001001001001001001111
1001001001001001001001001001001001001001001001001001001001001001001001
1001001001001001001001001001001001001001001001001001001001001001001000
1001001001001001001001001001001001001001001001001001001001001001001011
1001001001001001001001001001001001001001001001001001001001001001001111
1001001001001001001001001001001001001001001001001001001001001001001001
1001001001001001001001001001001001001001001001001001001001001001001000
1001001001001001001001001001001001001001001001001001001001001001001011
1001001001001001001001001001001001001001001001001001001001001001001111
1001001001001001001001001001001001001001001001001001001001001001001001
1001001001001001001001001001001001001001001001001001001001001001001000
1001001001001001001001001001001001001001001001001001001001001001001011
1001001001001001001001001001001001001001001001001001001001001001001111
1001001001001001001001001001001001001001001001001001001001001001001001
1001001001001001001001001001001001001001001001001001001001001001001000
1001001001001001001001001001001001001001001001001001001001001001001011
1001001001001001001001001001001001001001001001001001001001001001001111
1001001001001001001001001001001001001001001001001001001001001001001001
1001001001001001001001001001001001001001001001001001001001001001001000
1001001001001001001001001001001001001001001001001001001001001001001011
1001001001001001001001001001001001001001001001001001001001001001001111
1001001001001001001001001001001001001001001001001001001001001001001001
1001001001001001001001001001001001001001001001001001001001001001001000
1001001001001001001001001001001001001001001001001001001001001001001011
1001001001001001001001001001001001001001001001001001001001001001001111
1001001001001001001001001001001001001001001001001001001001001001001001
1001001001001001001001001001001001001001001001001001001001001001001000
1001001001001001001001001001001001001001001001001001001001001001001011
1001001001001001001001001001001001001001001001001001001001001001001111
1001001001001001001001001001001001001001001001001001001001001001001001
1001001001001001001001001001001001001001001001001001001001001001001000
1001001001001001001001001001001001001001001001001001001001001001001011
1001001001001001001001001001001001001001001001001001001001001001001111
1001001001001001001001001001001001001001001001001001001001001001001001
1001001001001001001001001001001001001001001001001001001001001001001000
1001001001001001001001001001001001001001001001001001001001001001001011
1001001001001001001001001001001001001001001001001001001001001001001111
1001001001001001001001001001001001001001001001001001001001001001001001
1001001001001001001001001001001001001001001001001001001001001001001000
1001001001001001001001001001001001001001001001001001001001001001001011
1001001001001001001001001001001001001001001001001001001001001001001111
1001001001001001001001001001001001001001001001001001001001001001001001
1001001001001001001001001001001001001001001001001001001001001001001000
1001001001001001001001001001001001001001001001001001001001001001001011
1001001001001001001001001001001001001001001001001001001001001001001111
1001001001001001001001001001001001001001001001001001001001001001001001
1001001001001001001001001001001001001001001001001001001001001001001000
1001001001001001001001001001001001001001001001001001001001001001001011
1001001001001001001001001001001001001001001001001001001001001001001111
1001001001001001001001001001001001001001001001001001001001001001001001
1001001001001001001001001001001001001001001001001001001001001001001000
1001001001001001001001001001001001001001001001001001001001001001001011
1001001001001001001001001001001001001001001001001001001001001001001111
1001001001001001001001001001001001001001001001001001001001001001001001
1001001001001001001001001001001001001001001001001001001001001001001000
1001001001001001001001001001001001001001001001001001001001001001001011
1001001001001001001001001001001001001001001001001001001001001001001111
1001001001001001001001001001001001001001001001001001001001001001001001
1001001001001001001001001001001001001001001001001001001001001001001000
1001001001001001001001001001001001001001001001001001001001001001001011
1001001001001001001001001001001001001001001001001001001001001001001111
1001001001001001001001001001001001001001001001001001001001001001001001
1001001001001001001001001001001001001001001001001001001001001001001000
1001001001001001001001001001001001001001001001001001001001001001001011
1001001001001001001001001001001001001001001001001001001001001001001111
1001001001001001001001001001001001001001001001001001001001001001001001
1001001001001001001001001001001001001001001001001001001001001001001000
1001001001001001001001001001001001001001001001001001001001001001001011
1001001001001001001001001001001001001001001001001001001001001001001111
1001001001001001001001001001001001001001001001001001001001001001001001
1001001001001001001001001001001001001001001001001001001001001001001000
1001001001001001001001001001001001001001001001001001001001001001001011
1001001001001001001001001001001001001001001001001001001001001001001111
1001001001001001001001001001001001001001001001001001001001001001001001
1001001001001001001001001001001001001001001001001001001001001001001000
1001001001001001001001001001001001001001001001001001001001001001001011
1001001001001001001001001001001001001001001001001001001001001001001111
1001001001001001001001001001001001001001001001001001001001001001001001
1001001001001001001001001001001001001001001001001001001001001001001000
1001001001001001001001001001001001001001001001001001001001001001001011
1001001001001001001001001001001001001001001001001001001001001001001111
1001001001001001001001001001001001001001001001001001001001001001001001
1001001001001001001001001001001001001001001001001001001001001001001000
1001001001001001001001001001001001001001001001001001001001001001001011
1001001001001001001001001001001001001001001001001001001001001001001111
1001001001001001001001001001001001001001001001001001001001001001001001
1001001001001001001001001001001001001001001001001001001001001001001000
1001001001001001001001001001001001001001001001001001001001001001001011
1001001001001001001001001001001001001001001001001001001001001001001111
1001001001001001001001001001001001001001001001001001001001001001001001
1001001001001001001001001001001001001001001001001001001001001001001000
1001001001001001001001001001001001001001001001001001001001001001001011
1001001001001001001001001001001001001001001001001001001001001001001111
