1111111111111111111111111111111111111111111111111111111111111111111111
1000000000000000000000000000000000000000000000000000000000000000000001
0111111111111111111111111111111111111111111111111111111111111111111100
0100000000000000000000000000000000000000000000000000000000000000000011
0011111111111111111111111111111111111111111111111111111111111111111011
1010000000000000000000000000000000000000000000000000000000000000000111
0101111111111111111111111111111111111111111111111111111111111111110101
0011000000000000000000000000000000000000000000000000000000000000001010
1010111111111111111111111111111111111111111111111111111111111111100100
0101100000000000000000000000000000000000000000000000000000000000010011
0011011111111111111111111111111111111111111111111111111111111111001011
1010110000000000000000000000000000000000000000000000000000000000100111
0101101111111111111111111111111111111111111111111111111111111110010101
0011011000000000000000000000000000000000000000000000000000000001001010
1010110111111111111111111111111111111111111111111111111111111100100100
0101101100000000000000000000000000000000000000000000000000000010010011
0011011011111111111111111111111111111111111111111111111111111001001011
1010110110000000000000000000000000000000000000000000000000000100100111
0101101101111111111111111111111111111111111111111111111111110010010101
0011011011000000000000000000000000000000000000000000000000001001001010
1010110110111111111111111111111111111111111111111111111111100100100100
0101101101100000000000000000000000000000000000000000000000010010010011
0011011011011111111111111111111111111111111111111111111111001001001011
1010110110110000000000000000000000000000000000000000000000100100100111
0101101101101111111111111111111111111111111111111111111110010010010101
0011011011011000000000000000000000000000000000000000000001001001001010
1010110110110111111111111111111111111111111111111111111100100100100100
0101101101101100000000000000000000000000000000000000000010010010010011
0011011011011011111111111111111111111111111111111111111001001001001011
1010110110110110000000000000000000000000000000000000000100100100100111
0101101101101101111111111111111111111111111111111111110010010010010101
0011011011011011000000000000000000000000000000000000001001001001001010
1010110110110110111111111111111111111111111111111111100100100100100100
0101101101101101100000000000000000000000000000000000010010010010010011
0011011011011011011111111111111111111111111111111111001001001001001011
1010110110110110110000000000000000000000000000000000100100100100100111
0101101101101101101111111111111111111111111111111110010010010010010101
0011011011011011011000000000000000000000000000000001001001001001001010
1010110110110110110111111111111111111111111111111100100100100100100100
0101101101101101101100000000000000000000000000000010010010010010010011
0011011011011011011011111111111111111111111111111001001001001001001011
1010110110110110110110000000000000000000000000000100100100100100100111
0101101101101101101101111111111111111111111111110010010010010010010101
0011011011011011011011000000000000000000000000001001001001001001001010
1010110110110110110110111111111111111111111111100100100100100100100100
0101101101101101101101100000000000000000000000010010010010010010010011
0011011011011011011011011111111111111111111111001001001001001001001011
1010110110110110110110110000000000000000000000100100100100100100100111
0101101101101101101101101111111111111111111110010010010010010010010101
0011011011011011011011011000000000000000000001001001001001001001001010
1010110110110110110110110111111111111111111100100100100100100100100100
0101101101101101101101101100000000000000000010010010010010010010010011
0011011011011011011011011011111111111111111001001001001001001001001011
1010110110110110110110110110000000000000000100100100100100100100100111
0101101101101101101101101101111111111111110010010010010010010010010101
0011011011011011011011011011000000000000001001001001001001001001001010
1010110110110110110110110110111111111111100100100100100100100100100100
0101101101101101101101101101100000000000010010010010010010010010010011
0011011011011011011011011011011111111111001001001001001001001001001011
1010110110110110110110110110110000000000100100100100100100100100100111
0101101101101101101101101101101111111110010010010010010010010010010101
0011011011011011011011011011011000000001001001001001001001001001001010
1010110110110110110110110110110111111100100100100100100100100100100100
0101101101101101101101101101101100000010010010010010010010010010010011
0011011011011011011011011011011011111001001001001001001001001001001011
1010110110110110110110110110110110000100100100100100100100100100100111
0101101101101101101101101101101101110010010010010010010010010010010101
0011011011011011011011011011011011001001001001001001001001001001001010
1010110110110110110110110110110110100100100100100100100100100100100100
0101101101101101101101101101101101010010010010010010010010010010010011
0011011011011011011011011011011010101001001001001001001001001001001011
1010110110110110110110110110110101010100100100100100100100100100100111
0101101101101101101101101101101010101010010010010010010010010010010101
0011011011011011011011011011010101010101001001001001001001001001001010
1010110110110110110110110110101010101010100100100100100100100100100100
0101101101101101101101101101010101010101010010010010010010010010010011
0011011011011011011011011010101010101010101001001001001001001001001011
1010110110110110110110110101010101010101010100100100100100100100100111
0101101101101101101101101010101010101010101010010010010010010010010101
0011011011011011011011010101010101010101010101001001001001001001001010
1010110110110110110110101010101010101010101010100100100100100100100100
0101101101101101101101010101010101010101010101010010010010010010010011
0011011011011011011010101010101010101010101010101001001001001001001011
1010110110110110110101010101010101010101010101010100100100100100100111
0101101101101101101010101010101010101010101010101010010010010010010101
0011011011011011010101010101010101010101010101010101001001001001001010
1010110110110110101010101010101010101010101010101010100100100100100100
0101101101101101010101010101010101010101010101010101010010010010010011
0011011011011010101010101010101010101010101010101010101001001001001011
1010110110110101010101010101010101010101010101010101010100100100100111
0101101101101010101010101010101010101010101010101010101010010010010101
0011011011010101010101010101010101010101010101010101010101001001001010
1010110110101010101010101010101010101010101010101010101010100100100100
0101101101010101010101010101010101010101010101010101010101010010010011
0011011010101010101010101010101010101010101010101010101010101001001011
1010110101010101010101010101010101010101010101010101010101010100100111
0101101010101010101010101010101010101010101010101010101010101010010101
0011010101010101010101010101010101010101010101010101010101010101001010
1010101010101010101010101010101010101010101010101010101010101010100100
0101010101010101010101010101010101010101010101010101010101010101010011
0010101010101010101010101010101010101010101010101010101010101010101011
1001010101010101010101010101010101010101010101010101010101010101010111
0100101010101010101010101010101010101010101010101010101010101010101101
0010010101010101010101010101010101010101010101010101010101010101011010
1001001010101010101010101010101010101010101010101010101010101010110100
0100100101010101010101010101010101010101010101010101010101010101101011
0010010010101010101010101010101010101010101010101010101010101011010111
1001001001010101010101010101010101010101010101010101010101010110101101
0100100100101010101010101010101010101010101010101010101010101101011010
0010010010010101010101010101010101010101010101010101010101011010110100
1001001001001010101010101010101010101010101010101010101010110101101011
0100100100100101010101010101010101010101010101010101010101101011010111
0010010010010010101010101010101010101010101010101010101011010110101101
1001001001001001010101010101010101010101010101010101010110101101011010
0100100100100100101010101010101010101010101010101010101101011010110100
0010010010010010010101010101010101010101010101010101011010110101101011
1001001001001001001010101010101010101010101010101010110101101011010111
0100100100100100100101010101010101010101010101010101101011010110101101
0010010010010010010010101010101010101010101010101011010110101101011010
1001001001001001001001010101010101010101010101010110101101011010110100
0100100100100100100100101010101010101010101010101101011010110101101011
0010010010010010010010010101010101010101010101011010110101101011010111
1001001001001001001001001010101010101010101010110101101011010110101101
0100100100100100100100100101010101010101010101101011010110101101011010
0010010010010010010010010010101010101010101011010110101101011010110100
1001001001001001001001001001010101010101010110101101011010110101101011
0100100100100100100100100100101010101010101101011010110101101011010111
0010010010010010010010010010010101010101011010110101101011010110101101
1001001001001001001001001001001010101010110101101011010110101101011010
0100100100100100100100100100100101010101101011010110101101011010110100
0010010010010010010010010010010010101011010110101101011010110101101011
1001001001001001001001001001001001010110101101011010110101101011010111
0100100100100100100100100100100100101101011010110101101011010110101101
0010010010010010010010010010010010011010110101101011010110101101011010
1001001001001001001001001001001001010101101011010110101101011010110100
0100100100100100100100100100100100101011010110101101011010110101101011
0010010010010010010010010010010010010110101101011010110101101011010111
1001001001001001001001001001001001001101011010110101101011010110101101
0100100100100100100100100100100100101010110101101011010110101101011010
0010010010010010010010010010010010010101101011010110101101011010110100
1001001001001001001001001001001001001011010110101101011010110101101011
0100100100100100100100100100100100100110101101011010110101101011010111
0010010010010010010010010010010010010101011010110101101011010110101101
1001001001001001001001001001001001001010110101101011010110101101011010
0100100100100100100100100100100100100101101011010110101101011010110100
0010010010010010010010010010010010010011010110101101011010110101101011
1001001001001001001001001001001001001010101101011010110101101011010111
0100100100100100100100100100100100100101011010110101101011010110101101
0010010010010010010010010010010010010010110101101011010110101101011010
1001001001001001001001001001001001001001101011010110101101011010110100
0100100100100100100100100100100100100101010110101101011010110101101011
0010010010010010010010010010010010010010101101011010110101101011010111
1001001001001001001001001001001001001001011010110101101011010110101101
0100100100100100100100100100100100100100110101101011010110101101011010
0010010010010010010010010010010010010010101011010110101101011010110100
1001001001001001001001001001001001001001010110101101011010110101101011
0100100100100100100100100100100100100100101101011010110101101011010111
0010010010010010010010010010010010010010011010110101101011010110101101
1001001001001001001001001001001001001001010101101011010110101101011010
0100100100100100100100100100100100100100101011010110101101011010110100
0010010010010010010010010010010010010010010110101101011010110101101011
1001001001001001001001001001001001001001001101011010110101101011010111
0100100100100100100100100100100100100100101010110101101011010110101101
0010010010010010010010010010010010010010010101101011010110101101011010
1001001001001001001001001001001001001001001011010110101101011010110100
0100100100100100100100100100100100100100100110101101011010110101101011
0010010010010010010010010010010010010010010101011010110101101011010111
1001001001001001001001001001001001001001001010110101101011010110101101
0100100100100100100100100100100100100100100101101011010110101101011010
0010010010010010010010010010010010010010010011010110101101011010110100
1001001001001001001001001001001001001001001010101101011010110101101011
0100100100100100100100100100100100100100100101011010110101101011010111
0010010010010010010010010010010010010010010010110101101011010110101101
1001001001001001001001001001001001001001001001101011010110101101011010
0100100100100100100100100100100100100100100101010110101101011010110100
0010010010010010010010010010010010010010010010101101011010110101101011
1001001001001001001001001001001001001001001001011010110101101011010111
0100100100100100100100100100100100100100100100110101101011010110101101
0010010010010010010010010010010010010010010010101011010110101101011010
1001001001001001001001001001001001001001001001010110101101011010110100
0100100100100100100100100100100100100100100100101101011010110101101011
0010010010010010010010010010010010010010010010011010110101101011010111
1001001001001001001001001001001001001001001001010101101011010110101101
0100100100100100100100100100100100100100100100101011010110101101011010
0010010010010010010010010010010010010010010010010110101101011010110100
1001001001001001001001001001001001001001001001001101011010110101101011
0100100100100100100100100100100100100100100100101010110101101011010111
0010010010010010010010010010010010010010010010010101101011010110101101
1001001001001001001001001001001001001001001001001011010110101101011010
0100100100100100100100100100100100100100100100100110101101011010110100
0010010010010010010010010010010010010010010010010101011010110101101011
1001001001001001001001001001001001001001001001001010110101101011010111
0100100100100100100100100100100100100100100100100101101011010110101101
0010010010010010010010010010010010010010010010010011010110101101011010
1001001001001001001001001001001001001001001001001010101101011010110100
0100100100100100100100100100100100100100100100100101011010110101101011
0010010010010010010010010010010010010010010010010010110101101011010111
1001001001001001001001001001001001001001001001001001101011010110101101
0100100100100100100100100100100100100100100100100101010110101101011010
0010010010010010010010010010010010010010010010010010101101011010110100
1001001001001001001001001001001001001001001001001001011010110101101011
0100100100100100100100100100100100100100100100100100110101101011010111
0010010010010010010010010010010010010010010010010010101011010110101101
1001001001001001001001001001001001001001001001001001010110101101011010
0100100100100100100100100100100100100100100100100100101101011010110100
0010010010010010010010010010010010010010010010010010011010110101101011
1001001001001001001001001001001001001001001001001001010101101011010111
0100100100100100100100100100100100100100100100100100101011010110101101
0010010010010010010010010010010010010010010010010010010110101101011010
1001001001001001001001001001001001001001001001001001001101011010110100
