0110110110110110110110110110110110110110110110110110111010110101101010
1101101101101101101101101101101101101101101101101101100101101011010100
1011011011011011011011011011011011011011011011011011011011010110101010
0110110110110110110110110110110110110110110110110110110110101101010100
1101101101101101101101101101101101101101101101101101101101011010101010
1011011011011011011011011011011011011011011011011011011010110101010100
0110110110110110110110110110110110110110110110110110110101101010101010
1101101101101101101101101101101101101101101101101101101011010101010100
1011011011011011011011011011011011011011011011011011010110101010101010
0110110110110110110110110110110110110110110110110110101101010101010100
1101101101101101101101101101101101101101101101101101011010101010101010
1011011011011011011011011011011011011011011011011010110101010101010100
0110110110110110110110110110110110110110110110110101101010101010101010
1101101101101101101101101101101101101101101101101011010101010101010100
1011011011011011011011011011011011011011011011010110101010101010101010
0110110110110110110110110110110110110110110110101101010101010101010100
1101101101101101101101101101101101101101101101011010101010101010101010
1011011011011011011011011011011011011011011010110101010101010101010100
0110110110110110110110110110110110110110110101101010101010101010101010
1101101101101101101101101101101101101101101011010101010101010101010100
1011011011011011011011011011011011011011010110101010101010101010101010
0110110110110110110110110110110110110110101101010101010101010101010100
1101101101101101101101101101101101101101011010101010101010101010101010
1011011011011011011011011011011011011010110101010101010101010101010100
0110110110110110110110110110110110110101101010101010101010101010101010
1101101101101101101101101101101101101011010101010101010101010101010100
1011011011011011011011011011011011010110101010101010101010101010101010
0110110110110110110110110110110110101101010101010101010101010101010100
1101101101101101101101101101101101011010101010101010101010101010101010
1011011011011011011011011011011010110101010101010101010101010101010100
0110110110110110110110110110110101101010101010101010101010101010101010
1101101101101101101101101101101011010101010101010101010101010101010100
1011011011011011011011011011010110101010101010101010101010101010101010
0110110110110110110110110110101101010101010101010101010101010101010100
1101101101101101101101101101011010101010101010101010101010101010101010
1011011011011011011011011010110101010101010101010101010101010101010100
0110110110110110110110110101101010101010101010101010101010101010101010
1101101101101101101101101011010101010101010101010101010101010101010100
1011011011011011011011010110101010101010101010101010101010101010101010
0110110110110110110110101101010101010101010101010101010101010101010100
1101101101101101101101011010101010101010101010101010101010101010101010
1011011011011011011010110101010101010101010101010101010101010101010100
0110110110110110110101101010101010101010101010101010101010101010101010
1101101101101101101011010101010101010101010101010101010101010101010100
1011011011011011010110101010101010101010101010101010101010101010101010
0110110110110110101101010101010101010101010101010101010101010101010100
1101101101101101011010101010101010101010101010101010101010101010101010
1011011011011010110101010101010101010101010101010101010101010101010100
0110110110110101101010101010101010101010101010101010101010101010101010
1101101101101011010101010101010101010101010101010101010101010101010100
1011011011010110101010101010101010101010101010101010101010101010101010
0110110110101101010101010101010101010101010101010101010101010101010100
1101101101011010101010101010101010101010101010101010101010101010101010
1011011010110101010101010101010101010101010101010101010101010101010100
0110110101101010101010101010101010101010101010101010101010101010101010
1101101011010101010101010101010101010101010101010101010101010101010100
1011010110101010101010101010101010101010101010101010101010101010101010
0110101101010101010101010101010101010101010101010101010101010101010100
1101011010101010101010101010101010101010101010101010101010101010101010
1010110101010101010101010101010101010101010101010101010101010101010100
0101101010101010101010101010101010101010101010101010101010101010101010
1011010101010101010101010101010101010101010101010101010101010101010100
0110101010101010101010101010101010101010101010101010101010101010101010
1101010101010101010101010101010101010101010101010101010101010101010100
1010101010101010101010101010101010101010101010101010101010101010101010
0101010101010101010101010101010101010101010101010101010101010101010100
1010101010101010101010101010101010101010101010101010101010101010101010
0101010101010101010101010101010101010101010101010101010101010101010100
1010101010101010101010101010101010101010101010101010101010101010101010
0101010101010101010101010101010101010101010101010101010101010101010100
1010101010101010101010101010101010101010101010101010101010101010101010
0101010101010101010101010101010101010101010101010101010101010101010100
1010101010101010101010101010101010101010101010101010101010101010101010
0101010101010101010101010101010101010101010101010101010101010101010100
1010101010101010101010101010101010101010101010101010101010101010101010
0101010101010101010101010101010101010101010101010101010101010101010100
1010101010101010101010101010101010101010101010101010101010101010101010
0101010101010101010101010101010101010101010101010101010101010101010100
1010101010101010101010101010101010101010101010101010101010101010101010
0101010101010101010101010101010101010101010101010101010101010101010100
1010101010101010101010101010101010101010101010101010101010101010101010
0101010101010101010101010101010101010101010101010101010101010101010100
1010101010101010101010101010101010101010101010101010101010101010101010
0101010101010101010101010101010101010101010101010101010101010101010100
1010101010101010101010101010101010101010101010101010101010101010101010
0101010101010101010101010101010101010101010101010101010101010101010100
1010101010101010101010101010101010101010101010101010101010101010101010
0101010101010101010101010101010101010101010101010101010101010101010100
1010101010101010101010101010101010101010101010101010101010101010101010
0101010101010101010101010101010101010101010101010101010101010101010100
1010101010101010101010101010101010101010101010101010101010101010101010
0101010101010101010101010101010101010101010101010101010101010101010100
1010101010101010101010101010101010101010101010101010101010101010101010
0101010101010101010101010101010101010101010101010101010101010101010100
1010101010101010101010101010101010101010101010101010101010101010101010
0101010101010101010101010101010101010101010101010101010101010101010100
1010101010101010101010101010101010101010101010101010101010101010101010
0101010101010101010101010101010101010101010101010101010101010101010100
1010101010101010101010101010101010101010101010101010101010101010101010
0101010101010101010101010101010101010101010101010101010101010101010100
1010101010101010101010101010101010101010101010101010101010101010101010
0101010101010101010101010101010101010101010101010101010101010101010100
1010101010101010101010101010101010101010101010101010101010101010101010
0101010101010101010101010101010101010101010101010101010101010101010100
1010101010101010101010101010101010101010101010101010101010101010101010
0101010101010101010101010101010101010101010101010101010101010101010100
1010101010101010101010101010101010101010101010101010101010101010101010
0101010101010101010101010101010101010101010101010101010101010101010100
1010101010101010101010101010101010101010101010101010101010101010101010
0101010101010101010101010101010101010101010101010101010101010101010100
1010101010101010101010101010101010101010101010101010101010101010101010
0101010101010101010101010101010101010101010101010101010101010101010100
1010101010101010101010101010101010101010101010101010101010101010101010
0101010101010101010101010101010101010101010101010101010101010101010100
1010101010101010101010101010101010101010101010101010101010101010101010
0101010101010101010101010101010101010101010101010101010101010101010100
1010101010101010101010101010101010101010101010101010101010101010101010
0101010101010101010101010101010101010101010101010101010101010101010100
1010101010101010101010101010101010101010101010101010101010101010101010
0101010101010101010101010101010101010101010101010101010101010101010100
1010101010101010101010101010101010101010101010101010101010101010101010
0101010101010101010101010101010101010101010101010101010101010101010100
1010101010101010101010101010101010101010101010101010101010101010101010
0101010101010101010101010101010101010101010101010101010101010101010100
1010101010101010101010101010101010101010101010101010101010101010101010
0101010101010101010101010101010101010101010101010101010101010101010100
1010101010101010101010101010101010101010101010101010101010101010101010
0101010101010101010101010101010101010101010101010101010101010101010100
1010101010101010101010101010101010101010101010101010101010101010101010
0101010101010101010101010101010101010101010101010101010101010101010100
1010101010101010101010101010101010101010101010101010101010101010101010
0101010101010101010101010101010101010101010101010101010101010101010100
1010101010101010101010101010101010101010101010101010101010101010101010
0101010101010101010101010101010101010101010101010101010101010101010100
1010101010101010101010101010101010101010101010101010101010101010101010
0101010101010101010101010101010101010101010101010101010101010101010100
1010101010101010101010101010101010101010101010101010101010101010101010
0101010101010101010101010101010101010101010101010101010101010101010100
1010101010101010101010101010101010101010101010101010101010101010101010
0101010101010101010101010101010101010101010101010101010101010101010100
1010101010101010101010101010101010101010101010101010101010101010101010
0101010101010101010101010101010101010101010101010101010101010101010100
1010101010101010101010101010101010101010101010101010101010101010101010
0101010101010101010101010101010101010101010101010101010101010101010100
1010101010101010101010101010101010101010101010101010101010101010101010
0101010101010101010101010101010101010101010101010101010101010101010100
1010101010101010101010101010101010101010101010101010101010101010101010
0101010101010101010101010101010101010101010101010101010101010101010100
1010101010101010101010101010101010101010101010101010101010101010101010
0101010101010101010101010101010101010101010101010101010101010101010100
1010101010101010101010101010101010101010101010101010101010101010101010
0101010101010101010101010101010101010101010101010101010101010101010100
1010101010101010101010101010101010101010101010101010101010101010101010
0101010101010101010101010101010101010101010101010101010101010101010100
1010101010101010101010101010101010101010101010101010101010101010101010
0101010101010101010101010101010101010101010101010101010101010101010100
1010101010101010101010101010101010101010101010101010101010101010101010
0101010101010101010101010101010101010101010101010101010101010101010100
1010101010101010101010101010101010101010101010101010101010101010101010
0101010101010101010101010101010101010101010101010101010101010101010100
1010101010101010101010101010101010101010101010101010101010101010101010
0101010101010101010101010101010101010101010101010101010101010101010100
1010101010101010101010101010101010101010101010101010101010101010101010
0101010101010101010101010101010101010101010101010101010101010101010100
1010101010101010101010101010101010101010101010101010101010101010101010
0101010101010101010101010101010101010101010101010101010101010101010100
1010101010101010101010101010101010101010101010101010101010101010101010
0101010101010101010101010101010101010101010101010101010101010101010100
1010101010101010101010101010101010101010101010101010101010101010101010
0101010101010101010101010101010101010101010101010101010101010101010100
1010101010101010101010101010101010101010101010101010101010101010101010
0101010101010101010101010101010101010101010101010101010101010101010100
1010101010101010101010101010101010101010101010101010101010101010101010
0101010101010101010101010101010101010101010101010101010101010101010100
1010101010101010101010101010101010101010101010101010101010101010101010
0101010101010101010101010101010101010101010101010101010101010101010100
1010101010101010101010101010101010101010101010101010101010101010101010
0101010101010101010101010101010101010101010101010101010101010101010100
1010101010101010101010101010101010101010101010101010101010101010101010
0101010101010101010101010101010101010101010101010101010101010101010100
1010101010101010101010101010101010101010101010101010101010101010101010
0101010101010101010101010101010101010101010101010101010101010101010100
1010101010101010101010101010101010101010101010101010101010101010101010
0101010101010101010101010101010101010101010101010101010101010101010100
1010101010101010101010101010101010101010101010101010101010101010101010
0101010101010101010101010101010101010101010101010101010101010101010100
1010101010101010101010101010101010101010101010101010101010101010101010
0101010101010101010101010101010101010101010101010101010101010101010100
1010101010101010101010101010101010101010101010101010101010101010101010
0101010101010101010101010101010101010101010101010101010101010101010100
1010101010101010101010101010101010101010101010101010101010101010101010
0101010101010101010101010101010101010101010101010101010101010101010100
1010101010101010101010101010101010101010101010101010101010101010101010
0101010101010101010101010101010101010101010101010101010101010101010100
1010101010101010101010101010101010101010101010101010101010101010101010
0101010101010101010101010101010101010101010101010101010101010101010100
1010101010101010101010101010101010101010101010101010101010101010101010
0101010101010101010101010101010101010101010101010101010101010101010100
1010101010101010101010101010101010101010101010101010101010101010101010
0101010101010101010101010101010101010101010101010101010101010101010100
1010101010101010101010101010101010101010101010101010101010101010101010
0101010101010101010101010101010101010101010101010101010101010101010100
1010101010101010101010101010101010101010101010101010101010101010101010
0101010101010101010101010101010101010101010101010101010101010101010100
1010101010101010101010101010101010101010101010101010101010101010101010
0101010101010101010101010101010101010101010101010101010101010101010100
1010101010101010101010101010101010101010101010101010101010101010101010
0101010101010101010101010101010101010101010101010101010101010101010100
1010101010101010101010101010101010101010101010101010101010101010101010
0101010101010101010101010101010101010101010101010101010101010101010100
