1010101010101010101010101010101010101010101010101010101010101010101011
0101010101010101010101010101010101010101010101010101010101010101010111
1010101010101010101010101010101010101010101010101010101010101010101101
0101010101010101010101010101010101010101010101010101010101010101011011
1010101010101010101010101010101010101010101010101010101010101010110111
0101010101010101010101010101010101010101010101010101010101010101101101
1010101010101010101010101010101010101010101010101010101010101011011011
0101010101010101010101010101010101010101010101010101010101010110110111
1010101010101010101010101010101010101010101010101010101010101101101101
0101010101010101010101010101010101010101010101010101010101011011011011
1010101010101010101010101010101010101010101010101010101010110110110111
0101010101010101010101010101010101010101010101010101010101101101101101
1010101010101010101010101010101010101010101010101010101011011011011011
0101010101010101010101010101010101010101010101010101010110110110110111
1010101010101010101010101010101010101010101010101010101101101101101101
0101010101010101010101010101010101010101010101010101011011011011011011
1010101010101010101010101010101010101010101010101010110110110110110111
0101010101010101010101010101010101010101010101010101101101101101101101
1010101010101010101010101010101010101010101010101011011011011011011011
0101010101010101010101010101010101010101010101010110110110110110110111
1010101010101010101010101010101010101010101010101101101101101101101101
0101010101010101010101010101010101010101010101011011011011011011011011
1010101010101010101010101010101010101010101010110110110110110110110111
0101010101010101010101010101010101010101010101101101101101101101101101
1010101010101010101010101010101010101010101011011011011011011011011011
0101010101010101010101010101010101010101010110110110110110110110110111
1010101010101010101010101010101010101010101101101101101101101101101101
0101010101010101010101010101010101010101011011011011011011011011011011
1010101010101010101010101010101010101010110110110110110110110110110111
0101010101010101010101010101010101010101101101101101101101101101101101
1010101010101010101010101010101010101011011011011011011011011011011011
0101010101010101010101010101010101010110110110110110110110110110110111
1010101010101010101010101010101010101101101101101101101101101101101101
0101010101010101010101010101010101011011011011011011011011011011011011
1010101010101010101010101010101010110110110110110110110110110110110111
0101010101010101010101010101010101101101101101101101101101101101101101
1010101010101010101010101010101011011011011011011011011011011011011011
0101010101010101010101010101010110110110110110110110110110110110110111
1010101010101010101010101010101101101101101101101101101101101101101101
0101010101010101010101010101011011011011011011011011011011011011011011
1010101010101010101010101010110110110110110110110110110110110110110111
0101010101010101010101010101101101101101101101101101101101101101101101
1010101010101010101010101011011011011011011011011011011011011011011011
0101010101010101010101010110110110110110110110110110110110110110110111
1010101010101010101010101101101101101101101101101101101101101101101101
0101010101010101010101011011011011011011011011011011011011011011011011
1010101010101010101010110110110110110110110110110110110110110110110111
0101010101010101010101101101101101101101101101101101101101101101101101
1010101010101010101011011011011011011011011011011011011011011011011011
0101010101010101010110110110110110110110110110110110110110110110110111
1010101010101010101101101101101101101101101101101101101101101101101101
0101010101010101011011011011011011011011011011011011011011011011011011
1010101010101010110110110110110110110110110110110110110110110110110111
0101010101010101101101101101101101101101101101101101101101101101101101
1010101010101011011011011011011011011011011011011011011011011011011011
0101010101010110110110110110110110110110110110110110110110110110110111
1010101010101101101101101101101101101101101101101101101101101101101101
0101010101011011011011011011011011011011011011011011011011011011011011
1010101010110110110110110110110110110110110110110110110110110110110111
0101010101101101101101101101101101101101101101101101101101101101101101
1010101011011011011011011011011011011011011011011011011011011011011011
0101010110110110110110110110110110110110110110110110110110110110110111
1010101101101101101101101101101101101101101101101101101101101101101101
0101011011011011011011011011011011011011011011011011011011011011011011
1010110110110110110110110110110110110110110110110110110110110110110111
0101101101101101101101101101101101101101101101101101101101101101101101
1011011011011011011011011011011011011011011011011011011011011011011011
0110110110110110110110110110110110110110110110110110110110110110110111
1101101101101101101101101101101101101101101101101101101101101101101101
1011011011011011011011011011011011011011011011011011011011011011011011
0110110110110110110110110110110110110110110110110110110110110110110111
1101101101101101101101101101101101101101101101101101101101101101101101
1011011011011011011011011011011011011011011011011011011011011011011011
0110110110110110110110110110110110110110110110110110110110110110110111
1101101101101101101101101101101101101101101101101101101101101101101101
1011011011011011011011011011011011011011011011011011011011011011011011
0110110110110110110110110110110110110110110110110110110110110110110111
1101101101101101101101101101101101101101101101101101101101101101101101
1011011011011011011011011011011011011011011011011011011011011011011011
0110110110110110110110110110110110110110110110110110110110110110110111
1101101101101101101101101101101101101101101101101101101101101101101101
1011011011011011011011011011011011011011011011011011011011011011011011
0110110110110110110110110110110110110110110110110110110110110110110111
1101101101101101101101101101101101101101101101101101101101101101101101
1011011011011011011011011011011011011011011011011011011011011011011011
0110110110110110110110110110110110110110110110110110110110110110110111
1101101101101101101101101101101101101101101101101101101101101101101101
1011011011011011011011011011011011011011011011011011011011011011011011
0110110110110110110110110110110110110110110110110110110110110110110111
1101101101101101101101101101101101101101101101101101101101101101101101
1011011011011011011011011011011011011011011011011011011011011011011011
0110110110110110110110110110110110110110110110110110110110110110110111
1101101101101101101101101101101101101101101101101101101101101101101101
1011011011011011011011011011011011011011011011011011011011011011011011
0110110110110110110110110110110110110110110110110110110110110110110111
1101101101101101101101101101101101101101101101101101101101101101101101
1011011011011011011011011011011011011011011011011011011011011011011011
0110110110110110110110110110110110110110110110110110110110110110110111
1101101101101101101101101101101101101101101101101101101101101101101101
1011011011011011011011011011011011011011011011011011011011011011011011
0110110110110110110110110110110110110110110110110110110110110110110111
1101101101101101101101101101101101101101101101101101101101101101101101
1011011011011011011011011011011011011011011011011011011011011011011011
0110110110110110110110110110110110110110110110110110110110110110110111
1101101101101101101101101101101101101101101101101101101101101101101101
1011011011011011011011011011011011011011011011011011011011011011011011
0110110110110110110110110110110110110110110110110110110110110110110111
1101101101101101101101101101101101101101101101101101101101101101101101
1011011011011011011011011011011011011011011011011011011011011011011011
0110110110110110110110110110110110110110110110110110110110110110110111
1101101101101101101101101101101101101101101101101101101101101101101101
1011011011011011011011011011011011011011011011011011011011011011011011
0110110110110110110110110110110110110110110110110110110110110110110111
1101101101101101101101101101101101101101101101101101101101101101101101
1011011011011011011011011011011011011011011011011011011011011011011011
0110110110110110110110110110110110110110110110110110110110110110110111
1101101101101101101101101101101101101101101101101101101101101101101101
1011011011011011011011011011011011011011011011011011011011011011011011
0110110110110110110110110110110110110110110110110110110110110110110111
1101101101101101101101101101101101101101101101101101101101101101101101
1011011011011011011011011011011011011011011011011011011011011011011011
0110110110110110110110110110110110110110110110110110110110110110110111
1101101101101101101101101101101101101101101101101101101101101101101101
1011011011011011011011011011011011011011011011011011011011011011011011
0110110110110110110110110110110110110110110110110110110110110110110111
1101101101101101101101101101101101101101101101101101101101101101101101
1011011011011011011011011011011011011011011011011011011011011011011011
0110110110110110110110110110110110110110110110110110110110110110110111
1101101101101101101101101101101101101101101101101101101101101101101101
1011011011011011011011011011011011011011011011011011011011011011011011
0110110110110110110110110110110110110110110110110110110110110110110111
1101101101101101101101101101101101101101101101101101101101101101101101
1011011011011011011011011011011011011011011011011011011011011011011011
0110110110110110110110110110110110110110110110110110110110110110110111
1101101101101101101101101101101101101101101101101101101101101101101101
1011011011011011011011011011011011011011011011011011011011011011011011
0110110110110110110110110110110110110110110110110110110110110110110111
1101101101101101101101101101101101101101101101101101101101101101101101
1011011011011011011011011011011011011011011011011011011011011011011011
0110110110110110110110110110110110110110110110110110110110110110110111
1101101101101101101101101101101101101101101101101101101101101101101101
1011011011011011011011011011011011011011011011011011011011011011011011
0110110110110110110110110110110110110110110110110110110110110110110111
1101101101101101101101101101101101101101101101101101101101101101101101
1011011011011011011011011011011011011011011011011011011011011011011011
0110110110110110110110110110110110110110110110110110110110110110110111
1101101101101101101101101101101101101101101101101101101101101101101101
1011011011011011011011011011011011011011011011011011011011011011011011
0110110110110110110110110110110110110110110110110110110110110110110111
1101101101101101101101101101101101101101101101101101101101101101101101
1011011011011011011011011011011011011011011011011011011011011011011011
0110110110110110110110110110110110110110110110110110110110110110110111
1101101101101101101101101101101101101101101101101101101101101101101101
1011011011011011011011011011011011011011011011011011011011011011011011
0110110110110110110110110110110110110110110110110110110110110110110111
1101101101101101101101101101101101101101101101101101101101101101101101
1011011011011011011011011011011011011011011011011011011011011011011011
0110110110110110110110110110110110110110110110110110110110110110110111
1101101101101101101101101101101101101101101101101101101101101101101101
1011011011011011011011011011011011011011011011011011011011011011011011
0110110110110110110110110110110110110110110110110110110110110110110111
1101101101101101101101101101101101101101101101101101101101101101101101
1011011011011011011011011011011011011011011011011011011011011011011011
0110110110110110110110110110110110110110110110110110110110110110110111
1101101101101101101101101101101101101101101101101101101101101101101101
1011011011011011011011011011011011011011011011011011011011011011011011
0110110110110110110110110110110110110110110110110110110110110110110111
1101101101101101101101101101101101101101101101101101101101101101101101
1011011011011011011011011011011011011011011011011011011011011011011011
0110110110110110110110110110110110110110110110110110110110110110110111
1101101101101101101101101101101101101101101101101101101101101101101101
1011011011011011011011011011011011011011011011011011011011011011011011
0110110110110110110110110110110110110110110110110110110110110110110111
1101101101101101101101101101101101101101101101101101101101101101101101
1011011011011011011011011011011011011011011011011011011011011011011011
0110110110110110110110110110110110110110110110110110110110110110110111
1101101101101101101101101101101101101101101101101101101101101101101101
1011011011011011011011011011011011011011011011011011011011011011011011
0110110110110110110110110110110110110110110110110110110110110110110111
1101101101101101101101101101101101101101101101101101101101101101101101
1011011011011011011011011011011011011011011011011011011011011011011011
0110110110110110110110110110110110110110110110110110110110110110110111
1101101101101101101101101101101101101101101101101101101101101101101101
1011011011011011011011011011011011011011011011011011011011011011011011
0110110110110110110110110110110110110110110110110110110110110110110111
1101101101101101101101101101101101101101101101101101101101101101101101
1011011011011011011011011011011011011011011011011011011011011011011011
0110110110110110110110110110110110110110110110110110110110110110110111
1101101101101101101101101101101101101101101101101101101101101101101101
1011011011011011011011011011011011011011011011011011011011011011011011
0110110110110110110110110110110110110110110110110110110110110110110111
1101101101101101101101101101101101101101101101101101101101101101101101
1011011011011011011011011011011011011011011011011011011011011011011011
0110110110110110110110110110110110110110110110110110110110110110110111
1101101101101101101101101101101101101101101101101101101101101101101101
1011011011011011011011011011011011011011011011011011011011011011011011
0110110110110110110110110110110110110110110110110110110110110110110111
1101101101101101101101101101101101101101101101101101101101101101101101
1011011011011011011011011011011011011011011011011011011011011011011011
0110110110110110110110110110110110110110110110110110110110110110110111
1101101101101101101101101101101101101101101101101101101101101101101101
1011011011011011011011011011011011011011011011011011011011011011011011
0110110110110110110110110110110110110110110110110110110110110110110111
1101101101101101101101101101101101101101101101101101101101101101101101
1011011011011011011011011011011011011011011011011011011011011011011011
0110110110110110110110110110110110110110110110110110110110110110110111
1101101101101101101101101101101101101101101101101101101101101101101101
1011011011011011011011011011011011011011011011011011011011011011011011
0110110110110110110110110110110110110110110110110110110110110110110111
1101101101101101101101101101101101101101101101101101101101101101101101
