1011011011011011011011011011011011011011011011011011011011011011011010
1110110110110110110110110110110110110110110110110110110110110110110111
1001101101101101101101101101101101101101101101101101101101101101101101
1101011011011011011011011011011011011011011011011011011011011011011010
1011110110110110110110110110110110110110110110110110110110110110110111
1110001101101101101101101101101101101101101101101101101101101101101101
1001001011011011011011011011011011011011011011011011011011011011011010
1101101110110110110110110110110110110110110110110110110110110110110111
1011011001101101101101101101101101101101101101101101101101101101101101
1110110101011011011011011011011011011011011011011011011011011011011010
1001101111110110110110110110110110110110110110110110110110110110110111
1101011000001101101101101101101101101101101101101101101101101101101101
1011110100001011011011011011011011011011011011011011011011011011011010
1110001110001110110110110110110110110110110110110110110110110110110111
1001001001001001101101101101101101101101101101101101101101101101101101
1101101101101101011011011011011011011011011011011011011011011011011010
1011011011011011110110110110110110110110110110110110110110110110110111
1110110110110110001101101101101101101101101101101101101101101101101101
1001101101101101001011011011011011011011011011011011011011011011011010
1101011011011011101110110110110110110110110110110110110110110110110111
1011110110110110011001101101101101101101101101101101101101101101101101
1110001101101101010101011011011011011011011011011011011011011011011010
1001001011011011111111110110110110110110110110110110110110110110110111
1101101110110110000000001101101101101101101101101101101101101101101101
1011011001101101000000001011011011011011011011011011011011011011011010
1110110101011011100000001110110110110110110110110110110110110110110111
1001101111110110010000001001101101101101101101101101101101101101101101
1101011000001101011000001101011011011011011011011011011011011011011010
1011110100001011110100001011110110110110110110110110110110110110110111
1110001110001110001110001110001101101101101101101101101101101101101101
1001001001001001001001001001001011011011011011011011011011011011011010
1101101101101101101101101101101110110110110110110110110110110110110111
1011011011011011011011011011011001101101101101101101101101101101101101
1110110110110110110110110110110101011011011011011011011011011011011010
1001101101101101101101101101101111110110110110110110110110110110110111
1101011011011011011011011011011000001101101101101101101101101101101101
1011110110110110110110110110110100001011011011011011011011011011011010
1110001101101101101101101101101110001110110110110110110110110110110111
1001001011011011011011011011011001001001101101101101101101101101101101
1101101110110110110110110110110101101101011011011011011011011011011010
1011011001101101101101101101101111011011110110110110110110110110110111
1110110101011011011011011011011000110110001101101101101101101101101101
1001101111110110110110110110110100101101001011011011011011011011011010
1101011000001101101101101101101110111011101110110110110110110110110111
1011110100001011011011011011011001100110011001101101101101101101101101
1110001110001110110110110110110101010101010101011011011011011011011010
1001001001001001101101101101101111111111111111110110110110110110110111
1101101101101101011011011011011000000000000000001101101101101101101101
1011011011011011110110110110110100000000000000001011011011011011011010
1110110110110110001101101101101110000000000000001110110110110110110111
1001101101101101001011011011011001000000000000001001101101101101101101
1101011011011011101110110110110101100000000000001101011011011011011010
1011110110110110011001101101101111010000000000001011110110110110110111
1110001101101101010101011011011000111000000000001110001101101101101101
1001001011011011111111110110110100100100000000001001001011011011011010
1101101110110110000000001101101110110110000000001101101110110110110111
1011011001101101000000001011011001101101000000001011011001101101101101
1110110101011011100000001110110101011011100000001110110101011011011010
1001101111110110010000001001101111110110010000001001101111110110110111
1101011000001101011000001101011000001101011000001101011000001101101101
1011110100001011110100001011110100001011110100001011110100001011011010
1110001110001110001110001110001110001110001110001110001110001110110111
1001001001001001001001001001001001001001001001001001001001001001101101
1101101101101101101101101101101101101101101101101101101101101101011010
1011011011011011011011011011011011011011011011011011011011011011110111
1110110110110110110110110110110110110110110110110110110110110110001101
1001101101101101101101101101101101101101101101101101101101101101001010
1101011011011011011011011011011011011011011011011011011011011011101111
1011110110110110110110110110110110110110110110110110110110110110011001
1110001101101101101101101101101101101101101101101101101101101101010100
1001001011011011011011011011011011011011011011011011011011011011111110
1101101110110110110110110110110110110110110110110110110110110110000001
1011011001101101101101101101101101101101101101101101101101101101000000
1110110101011011011011011011011011011011011011011011011011011011100000
1001101111110110110110110110110110110110110110110110110110110110010000
1101011000001101101101101101101101101101101101101101101101101101011000
1011110100001011011011011011011011011011011011011011011011011011110100
1110001110001110110110110110110110110110110110110110110110110110001110
1001001001001001101101101101101101101101101101101101101101101101001001
1101101101101101011011011011011011011011011011011011011011011011101100
1011011011011011110110110110110110110110110110110110110110110110011010
1110110110110110001101101101101101101101101101101101101101101101010111
1001101101101101001011011011011011011011011011011011011011011011111101
1101011011011011101110110110110110110110110110110110110110110110000010
1011110110110110011001101101101101101101101101101101101101101101000011
1110001101101101010101011011011011011011011011011011011011011011100011
1001001011011011111111110110110110110110110110110110110110110110010011
1101101110110110000000001101101101101101101101101101101101101101011011
1011011001101101000000001011011011011011011011011011011011011011110111
1110110101011011100000001110110110110110110110110110110110110110001101
1001101111110110010000001001101101101101101101101101101101101101001010
1101011000001101011000001101011011011011011011011011011011011011101111
1011110100001011110100001011110110110110110110110110110110110110011001
1110001110001110001110001110001101101101101101101101101101101101010100
1001001001001001001001001001001011011011011011011011011011011011111110
1101101101101101101101101101101110110110110110110110110110110110000001
1011011011011011011011011011011001101101101101101101101101101101000000
1110110110110110110110110110110101011011011011011011011011011011100000
1001101101101101101101101101101111110110110110110110110110110110010000
1101011011011011011011011011011000001101101101101101101101101101011000
1011110110110110110110110110110100001011011011011011011011011011110100
1110001101101101101101101101101110001110110110110110110110110110001110
1001001011011011011011011011011001001001101101101101101101101101001001
1101101110110110110110110110110101101101011011011011011011011011101100
1011011001101101101101101101101111011011110110110110110110110110011010
1110110101011011011011011011011000110110001101101101101101101101010111
1001101111110110110110110110110100101101001011011011011011011011111101
1101011000001101101101101101101110111011101110110110110110110110000010
1011110100001011011011011011011001100110011001101101101101101101000011
1110001110001110110110110110110101010101010101011011011011011011100011
1001001001001001101101101101101111111111111111110110110110110110010011
1101101101101101011011011011011000000000000000001101101101101101011011
1011011011011011110110110110110100000000000000001011011011011011110111
1110110110110110001101101101101110000000000000001110110110110110001101
1001101101101101001011011011011001000000000000001001101101101101001010
1101011011011011101110110110110101100000000000001101011011011011101111
1011110110110110011001101101101111010000000000001011110110110110011001
1110001101101101010101011011011000111000000000001110001101101101010100
1001001011011011111111110110110100100100000000001001001011011011111110
1101101110110110000000001101101110110110000000001101101110110110000001
1011011001101101000000001011011001101101000000001011011001101101000000
1110110101011011100000001110110101011011100000001110110101011011100000
1001101111110110010000001001101111110110010000001001101111110110010000
1101011000001101011000001101011000001101011000001101011000001101011000
1011110100001011110100001011110100001011110100001011110100001011110100
1110001110001110001110001110001110001110001110001110001110001110001110
1001001001001001001001001001001001001001001001001001001001001001001001
1101101101101101101101101101101101101101101101101101101101101101101100
1011011011011011011011011011011011011011011011011011011011011011011010
1110110110110110110110110110110110110110110110110110110110110110110111
1001101101101101101101101101101101101101101101101101101101101101101101
1101011011011011011011011011011011011011011011011011011011011011011010
1011110110110110110110110110110110110110110110110110110110110110110111
1110001101101101101101101101101101101101101101101101101101101101101101
1001001011011011011011011011011011011011011011011011011011011011011010
1101101110110110110110110110110110110110110110110110110110110110110111
1011011001101101101101101101101101101101101101101101101101101101101101
1110110101011011011011011011011011011011011011011011011011011011011010
1001101111110110110110110110110110110110110110110110110110110110110111
1101011000001101101101101101101101101101101101101101101101101101101101
1011110100001011011011011011011011011011011011011011011011011011011010
1110001110001110110110110110110110110110110110110110110110110110110111
1001001001001001101101101101101101101101101101101101101101101101101101
1101101101101101011011011011011011011011011011011011011011011011011010
1011011011011011110110110110110110110110110110110110110110110110110111
1110110110110110001101101101101101101101101101101101101101101101101101
1001101101101101001011011011011011011011011011011011011011011011011010
1101011011011011101110110110110110110110110110110110110110110110110111
1011110110110110011001101101101101101101101101101101101101101101101101
1110001101101101010101011011011011011011011011011011011011011011011010
1001001011011011111111110110110110110110110110110110110110110110110111
1101101110110110000000001101101101101101101101101101101101101101101101
1011011001101101000000001011011011011011011011011011011011011011011010
1110110101011011100000001110110110110110110110110110110110110110110111
1001101111110110010000001001101101101101101101101101101101101101101101
1101011000001101011000001101011011011011011011011011011011011011011010
1011110100001011110100001011110110110110110110110110110110110110110111
1110001110001110001110001110001101101101101101101101101101101101101101
1001001001001001001001001001001011011011011011011011011011011011011010
1101101101101101101101101101101110110110110110110110110110110110110111
1011011011011011011011011011011001101101101101101101101101101101101101
1110110110110110110110110110110101011011011011011011011011011011011010
1001101101101101101101101101101111110110110110110110110110110110110111
1101011011011011011011011011011000001101101101101101101101101101101101
1011110110110110110110110110110100001011011011011011011011011011011010
1110001101101101101101101101101110001110110110110110110110110110110111
1001001011011011011011011011011001001001101101101101101101101101101101
1101101110110110110110110110110101101101011011011011011011011011011010
1011011001101101101101101101101111011011110110110110110110110110110111
1110110101011011011011011011011000110110001101101101101101101101101101
1001101111110110110110110110110100101101001011011011011011011011011010
1101011000001101101101101101101110111011101110110110110110110110110111
1011110100001011011011011011011001100110011001101101101101101101101101
1110001110001110110110110110110101010101010101011011011011011011011010
1001001001001001101101101101101111111111111111110110110110110110110111
1101101101101101011011011011011000000000000000001101101101101101101101
1011011011011011110110110110110100000000000000001011011011011011011010
1110110110110110001101101101101110000000000000001110110110110110110111
1001101101101101001011011011011001000000000000001001101101101101101101
1101011011011011101110110110110101100000000000001101011011011011011010
1011110110110110011001101101101111010000000000001011110110110110110111
1110001101101101010101011011011000111000000000001110001101101101101101
1001001011011011111111110110110100100100000000001001001011011011011010
1101101110110110000000001101101110110110000000001101101110110110110111
1011011001101101000000001011011001101101000000001011011001101101101101
1110110101011011100000001110110101011011100000001110110101011011011010
1001101111110110010000001001101111110110010000001001101111110110110111
1101011000001101011000001101011000001101011000001101011000001101101101
1011110100001011110100001011110100001011110100001011110100001011011010
1110001110001110001110001110001110001110001110001110001110001110110111
1001001001001001001001001001001001001001001001001001001001001001101101
1101101101101101101101101101101101101101101101101101101101101101011010
1011011011011011011011011011011011011011011011011011011011011011110111
1110110110110110110110110110110110110110110110110110110110110110001101
1001101101101101101101101101101101101101101101101101101101101101001010
1101011011011011011011011011011011011011011011011011011011011011101111
1011110110110110110110110110110110110110110110110110110110110110011001
1110001101101101101101101101101101101101101101101101101101101101010100
1001001011011011011011011011011011011011011011011011011011011011111110
1101101110110110110110110110110110110110110110110110110110110110000001
1011011001101101101101101101101101101101101101101101101101101101000000
1110110101011011011011011011011011011011011011011011011011011011100000
1001101111110110110110110110110110110110110110110110110110110110010000
1101011000001101101101101101101101101101101101101101101101101101011000
1011110100001011011011011011011011011011011011011011011011011011110100
1110001110001110110110110110110110110110110110110110110110110110001110
1001001001001001101101101101101101101101101101101101101101101101001001
1101101101101101011011011011011011011011011011011011011011011011101100
1011011011011011110110110110110110110110110110110110110110110110011010
1110110110110110001101101101101101101101101101101101101101101101010111
