1001101101101101101011011011011011011011011011011011011011011011111101
1101011011011011011110110110110110110110110110110110110110110110000010
1011110110110110110001101101101101101101101101101101101101101101111011
1110001101101101101101011011011011011011011011011011011011011011000111
1001101011011011011011110110110110110110110110110110110110110110110101
1101011110110110110110001101101101101101101101101101101101101101101110
1011110001101101101101101011011011011011011011011011011011011011011001
1110001101011011011011011110110110110110110110110110110110110110110100
1001101011110110110110110001101101101101101101101101101101101101101111
1101011110001101101101101101011011011011011011011011011011011011011001
1011110001101011011011011011110110110110110110110110110110110110110100
1110001101011110110110110110001101101101101101101101101101101101101111
1001101011110001101101101101101011011011011011011011011011011011011001
1101011110001101011011011011011110110110110110110110110110110110110100
1011110001101011110110110110110001101101101101101101101101101101101111
1110001101011110001101101101101101011011011011011011011011011011011001
1001101011110001101011011011011011110110110110110110110110110110110100
1101011110001101011110110110110110001101101101101101101101101101101111
1011110001101011110001101101101101101011011011011011011011011011011001
1110001101011110001101011011011011011110110110110110110110110110110100
1001101011110001101011110110110110110001101101101101101101101101101111
1101011110001101011110001101101101101101011011011011011011011011011001
1011110001101011110001101011011011011011110110110110110110110110110100
1110001101011110001101011110110110110110001101101101101101101101101111
1001101011110001101011110001101101101101101011011011011011011011011001
1101011110001101011110001101011011011011011110110110110110110110110100
1011110001101011110001101011110110110110110001101101101101101101101111
1110001101011110001101011110001101101101101101011011011011011011011001
1001101011110001101011110001101011011011011011110110110110110110110100
1101011110001101011110001101011110110110110110001101101101101101101111
1011110001101011110001101011110001101101101101101011011011011011011001
1110001101011110001101011110001101011011011011011110110110110110110100
1001101011110001101011110001101011110110110110110001101101101101101111
1101011110001101011110001101011110001101101101101101011011011011011001
1011110001101011110001101011110001101011011011011011110110110110110100
1110001101011110001101011110001101011110110110110110001101101101101111
1001101011110001101011110001101011110001101101101101101011011011011001
1101011110001101011110001101011110001101011011011011011110110110110100
1011110001101011110001101011110001101011110110110110110001101101101111
1110001101011110001101011110001101011110001101101101101101011011011001
1001101011110001101011110001101011110001101011011011011011110110110100
1101011110001101011110001101011110001101011110110110110110001101101111
1011110001101011110001101011110001101011110001101101101101101011011001
1110001101011110001101011110001101011110001101011011011011011110110100
1001101011110001101011110001101011110001101011110110110110110001101111
1101011110001101011110001101011110001101011110001101101101101101011001
1011110001101011110001101011110001101011110001101011011011011011110100
1110001101011110001101011110001101011110001101011110110110110110001111
1001101011110001101011110001101011110001101011110001101101101101101001
1101011110001101011110001101011110001101011110001101011011011011011100
1011110001101011110001101011110001101011110001101011110110110110110011
1110001101011110001101011110001101011110001101011110001101101101101011
1001101011110001101011110001101011110001101011110001101011011011011111
1101011110001101011110001101011110001101011110001101011110110110110001
1011110001101011110001101011110001101011110001101011110001101101101100
1110001101011110001101011110001101011110001101011110001101011011011011
1001101011110001101011110001101011110001101011110001101011110110110111
1101011110001101011110001101011110001101011110001101011110001101101101
1011110001101011110001101011110001101011110001101011110001101011011010
1110001101011110001101011110001101011110001101011110001101011110110111
1001101011110001101011110001101011110001101011110001101011110001101101
1101011110001101011110001101011110001101011110001101011110001101011010
1011110001101011110001101011110001101011110001101011110001101011110111
1110001101011110001101011110001101011110001101011110001101011110001101
1001101011110001101011110001101011110001101011110001101011110001101010
1101011110001101011110001101011110001101011110001101011110001101011111
1011110001101011110001101011110001101011110001101011110001101011110001
1110001101011110001101011110001101011110001101011110001101011110001100
1001101011110001101011110001101011110001101011110001101011110001101011
1101011110001101011110001101011110001101011110001101011110001101011111
1011110001101011110001101011110001101011110001101011110001101011110001
1110001101011110001101011110001101011110001101011110001101011110001100
1001101011110001101011110001101011110001101011110001101011110001101011
1101011110001101011110001101011110001101011110001101011110001101011111
1011110001101011110001101011110001101011110001101011110001101011110001
1110001101011110001101011110001101011110001101011110001101011110001100
1001101011110001101011110001101011110001101011110001101011110001101011
1101011110001101011110001101011110001101011110001101011110001101011111
1011110001101011110001101011110001101011110001101011110001101011110001
1110001101011110001101011110001101011110001101011110001101011110001100
1001101011110001101011110001101011110001101011110001101011110001101011
1101011110001101011110001101011110001101011110001101011110001101011111
1011110001101011110001101011110001101011110001101011110001101011110001
1110001101011110001101011110001101011110001101011110001101011110001100
1001101011110001101011110001101011110001101011110001101011110001101011
1101011110001101011110001101011110001101011110001101011110001101011111
1011110001101011110001101011110001101011110001101011110001101011110001
1110001101011110001101011110001101011110001101011110001101011110001100
1001101011110001101011110001101011110001101011110001101011110001101011
1101011110001101011110001101011110001101011110001101011110001101011111
1011110001101011110001101011110001101011110001101011110001101011110001
1110001101011110001101011110001101011110001101011110001101011110001100
1001101011110001101011110001101011110001101011110001101011110001101011
1101011110001101011110001101011110001101011110001101011110001101011111
1011110001101011110001101011110001101011110001101011110001101011110001
1110001101011110001101011110001101011110001101011110001101011110001100
1001101011110001101011110001101011110001101011110001101011110001101011
1101011110001101011110001101011110001101011110001101011110001101011111
1011110001101011110001101011110001101011110001101011110001101011110001
1110001101011110001101011110001101011110001101011110001101011110001100
1001101011110001101011110001101011110001101011110001101011110001101011
1101011110001101011110001101011110001101011110001101011110001101011111
1011110001101011110001101011110001101011110001101011110001101011110001
1110001101011110001101011110001101011110001101011110001101011110001100
1001101011110001101011110001101011110001101011110001101011110001101011
1101011110001101011110001101011110001101011110001101011110001101011111
1011110001101011110001101011110001101011110001101011110001101011110001
1110001101011110001101011110001101011110001101011110001101011110001100
1001101011110001101011110001101011110001101011110001101011110001101011
1101011110001101011110001101011110001101011110001101011110001101011111
1011110001101011110001101011110001101011110001101011110001101011110001
1110001101011110001101011110001101011110001101011110001101011110001100
1001101011110001101011110001101011110001101011110001101011110001101011
1101011110001101011110001101011110001101011110001101011110001101011111
1011110001101011110001101011110001101011110001101011110001101011110001
1110001101011110001101011110001101011110001101011110001101011110001100
1001101011110001101011110001101011110001101011110001101011110001101011
1101011110001101011110001101011110001101011110001101011110001101011111
1011110001101011110001101011110001101011110001101011110001101011110001
1110001101011110001101011110001101011110001101011110001101011110001100
1001101011110001101011110001101011110001101011110001101011110001101011
1101011110001101011110001101011110001101011110001101011110001101011111
1011110001101011110001101011110001101011110001101011110001101011110001
1110001101011110001101011110001101011110001101011110001101011110001100
1001101011110001101011110001101011110001101011110001101011110001101011
1101011110001101011110001101011110001101011110001101011110001101011111
1011110001101011110001101011110001101011110001101011110001101011110001
1110001101011110001101011110001101011110001101011110001101011110001100
1001101011110001101011110001101011110001101011110001101011110001101011
1101011110001101011110001101011110001101011110001101011110001101011111
1011110001101011110001101011110001101011110001101011110001101011110001
1110001101011110001101011110001101011110001101011110001101011110001100
1001101011110001101011110001101011110001101011110001101011110001101011
1101011110001101011110001101011110001101011110001101011110001101011111
1011110001101011110001101011110001101011110001101011110001101011110001
1110001101011110001101011110001101011110001101011110001101011110001100
1001101011110001101011110001101011110001101011110001101011110001101011
1101011110001101011110001101011110001101011110001101011110001101011111
1011110001101011110001101011110001101011110001101011110001101011110001
1110001101011110001101011110001101011110001101011110001101011110001100
1001101011110001101011110001101011110001101011110001101011110001101011
1101011110001101011110001101011110001101011110001101011110001101011111
1011110001101011110001101011110001101011110001101011110001101011110001
1110001101011110001101011110001101011110001101011110001101011110001100
1001101011110001101011110001101011110001101011110001101011110001101011
1101011110001101011110001101011110001101011110001101011110001101011111
1011110001101011110001101011110001101011110001101011110001101011110001
1110001101011110001101011110001101011110001101011110001101011110001100
1001101011110001101011110001101011110001101011110001101011110001101011
1101011110001101011110001101011110001101011110001101011110001101011111
1011110001101011110001101011110001101011110001101011110001101011110001
1110001101011110001101011110001101011110001101011110001101011110001100
1001101011110001101011110001101011110001101011110001101011110001101011
1101011110001101011110001101011110001101011110001101011110001101011111
1011110001101011110001101011110001101011110001101011110001101011110001
1110001101011110001101011110001101011110001101011110001101011110001100
1001101011110001101011110001101011110001101011110001101011110001101011
1101011110001101011110001101011110001101011110001101011110001101011111
1011110001101011110001101011110001101011110001101011110001101011110001
1110001101011110001101011110001101011110001101011110001101011110001100
1001101011110001101011110001101011110001101011110001101011110001101011
1101011110001101011110001101011110001101011110001101011110001101011111
1011110001101011110001101011110001101011110001101011110001101011110001
1110001101011110001101011110001101011110001101011110001101011110001100
1001101011110001101011110001101011110001101011110001101011110001101011
1101011110001101011110001101011110001101011110001101011110001101011111
1011110001101011110001101011110001101011110001101011110001101011110001
1110001101011110001101011110001101011110001101011110001101011110001100
1001101011110001101011110001101011110001101011110001101011110001101011
1101011110001101011110001101011110001101011110001101011110001101011111
1011110001101011110001101011110001101011110001101011110001101011110001
1110001101011110001101011110001101011110001101011110001101011110001100
1001101011110001101011110001101011110001101011110001101011110001101011
1101011110001101011110001101011110001101011110001101011110001101011111
1011110001101011110001101011110001101011110001101011110001101011110001
1110001101011110001101011110001101011110001101011110001101011110001100
1001101011110001101011110001101011110001101011110001101011110001101011
1101011110001101011110001101011110001101011110001101011110001101011111
1011110001101011110001101011110001101011110001101011110001101011110001
1110001101011110001101011110001101011110001101011110001101011110001100
1001101011110001101011110001101011110001101011110001101011110001101011
1101011110001101011110001101011110001101011110001101011110001101011111
1011110001101011110001101011110001101011110001101011110001101011110001
1110001101011110001101011110001101011110001101011110001101011110001100
1001101011110001101011110001101011110001101011110001101011110001101011
1101011110001101011110001101011110001101011110001101011110001101011111
1011110001101011110001101011110001101011110001101011110001101011110001
1110001101011110001101011110001101011110001101011110001101011110001100
1001101011110001101011110001101011110001101011110001101011110001101011
1101011110001101011110001101011110001101011110001101011110001101011111
1011110001101011110001101011110001101011110001101011110001101011110001
1110001101011110001101011110001101011110001101011110001101011110001100
1001101011110001101011110001101011110001101011110001101011110001101011
1101011110001101011110001101011110001101011110001101011110001101011111
1011110001101011110001101011110001101011110001101011110001101011110001
1110001101011110001101011110001101011110001101011110001101011110001100
1001101011110001101011110001101011110001101011110001101011110001101011
1101011110001101011110001101011110001101011110001101011110001101011111
1011110001101011110001101011110001101011110001101011110001101011110001
1110001101011110001101011110001101011110001101011110001101011110001100
1001101011110001101011110001101011110001101011110001101011110001101011
1101011110001101011110001101011110001101011110001101011110001101011111
1011110001101011110001101011110001101011110001101011110001101011110001
1110001101011110001101011110001101011110001101011110001101011110001100
1001101011110001101011110001101011110001101011110001101011110001101011
1101011110001101011110001101011110001101011110001101011110001101011111
1011110001101011110001101011110001101011110001101011110001101011110001
1110001101011110001101011110001101011110001101011110001101011110001100
1001101011110001101011110001101011110001101011110001101011110001101011
1101011110001101011110001101011110001101011110001101011110001101011111
