1011110001011011110001011011110001011011110001011011110001011011110001
1110001011110110001011110110001011110110001011110110001011110110001011
1001011110001101011110001101011110001101011110001101011110001101011111
1111110001011011110001011011110001011011110001011011110001011011110001
1000001011110110001011110110001011110110001011110110001011110110001011
1100011110001101011110001101011110001101011110001101011110001101011111
1010110001011011110001011011110001011011110001011011110001011011110001
1111101011110110001011110110001011110110001011110110001011110110001011
1000011110001101011110001101011110001101011110001101011110001101011111
1100110001011011110001011011110001011011110001011011110001011011110001
1011101011110110001011110110001011110110001011110110001011110110001011
1110011110001101011110001101011110001101011110001101011110001101011111
1001110001011011110001011011110001011011110001011011110001011011110001
1111001011110110001011110110001011110110001011110110001011110110001011
1000111110001101011110001101011110001101011110001101011110001101011111
1101100001011011110001011011110001011011110001011011110001011011110001
1011010011110110001011110110001011110110001011110110001011110110001011
1110111110001101011110001101011110001101011110001101011110001101011111
1001100001011011110001011011110001011011110001011011110001011011110001
1111010011110110001011110110001011110110001011110110001011110110001011
1000111110001101011110001101011110001101011110001101011110001101011111
1101100001011011110001011011110001011011110001011011110001011011110001
1011010011110110001011110110001011110110001011110110001011110110001011
1110111110001101011110001101011110001101011110001101011110001101011111
1001100001011011110001011011110001011011110001011011110001011011110001
1111010011110110001011110110001011110110001011110110001011110110001011
1000111110001101011110001101011110001101011110001101011110001101011111
1101100001011011110001011011110001011011110001011011110001011011110001
1011010011110110001011110110001011110110001011110110001011110110001011
1110111110001101011110001101011110001101011110001101011110001101011111
1001100001011011110001011011110001011011110001011011110001011011110001
1111010011110110001011110110001011110110001011110110001011110110001011
1000111110001101011110001101011110001101011110001101011110001101011111
1101100001011011110001011011110001011011110001011011110001011011110001
1011010011110110001011110110001011110110001011110110001011110110001011
1110111110001101011110001101011110001101011110001101011110001101011111
1001100001011011110001011011110001011011110001011011110001011011110001
1111010011110110001011110110001011110110001011110110001011110110001011
1000111110001101011110001101011110001101011110001101011110001101011111
1101100001011011110001011011110001011011110001011011110001011011110001
1011010011110110001011110110001011110110001011110110001011110110001011
1110111110001101011110001101011110001101011110001101011110001101011111
1001100001011011110001011011110001011011110001011011110001011011110001
1111010011110110001011110110001011110110001011110110001011110110001011
1000111110001101011110001101011110001101011110001101011110001101011111
1101100001011011110001011011110001011011110001011011110001011011110001
1011010011110110001011110110001011110110001011110110001011110110001011
1110111110001101011110001101011110001101011110001101011110001101011111
1001100001011011110001011011110001011011110001011011110001011011110001
1111010011110110001011110110001011110110001011110110001011110110001011
1000111110001101011110001101011110001101011110001101011110001101011111
1101100001011011110001011011110001011011110001011011110001011011110001
1011010011110110001011110110001011110110001011110110001011110110001011
1110111110001101011110001101011110001101011110001101011110001101011111
1001100001011011110001011011110001011011110001011011110001011011110001
1111010011110110001011110110001011110110001011110110001011110110001011
1000111110001101011110001101011110001101011110001101011110001101011111
1101100001011011110001011011110001011011110001011011110001011011110001
1011010011110110001011110110001011110110001011110110001011110110001011
1110111110001101011110001101011110001101011110001101011110001101011111
1001100001011011110001011011110001011011110001011011110001011011110001
1111010011110110001011110110001011110110001011110110001011110110001011
1000111110001101011110001101011110001101011110001101011110001101011111
1101100001011011110001011011110001011011110001011011110001011011110001
1011010011110110001011110110001011110110001011110110001011110110001011
1110111110001101011110001101011110001101011110001101011110001101011111
1001100001011011110001011011110001011011110001011011110001011011110001
1111010011110110001011110110001011110110001011110110001011110110001011
1000111110001101011110001101011110001101011110001101011110001101011111
1101100001011011110001011011110001011011110001011011110001011011110001
1011010011110110001011110110001011110110001011110110001011110110001011
1110111110001101011110001101011110001101011110001101011110001101011111
1001100001011011110001011011110001011011110001011011110001011011110001
1111010011110110001011110110001011110110001011110110001011110110001011
1000111110001101011110001101011110001101011110001101011110001101011111
1101100001011011110001011011110001011011110001011011110001011011110001
1011010011110110001011110110001011110110001011110110001011110110001011
1110111110001101011110001101011110001101011110001101011110001101011111
1001100001011011110001011011110001011011110001011011110001011011110001
1111010011110110001011110110001011110110001011110110001011110110001011
1000111110001101011110001101011110001101011110001101011110001101011111
1101100001011011110001011011110001011011110001011011110001011011110001
1011010011110110001011110110001011110110001011110110001011110110001011
1110111110001101011110001101011110001101011110001101011110001101011111
1001100001011011110001011011110001011011110001011011110001011011110001
1111010011110110001011110110001011110110001011110110001011110110001011
1000111110001101011110001101011110001101011110001101011110001101011111
1101100001011011110001011011110001011011110001011011110001011011110001
1011010011110110001011110110001011110110001011110110001011110110001011
1110111110001101011110001101011110001101011110001101011110001101011111
1001100001011011110001011011110001011011110001011011110001011011110001
1111010011110110001011110110001011110110001011110110001011110110001011
1000111110001101011110001101011110001101011110001101011110001101011111
1101100001011011110001011011110001011011110001011011110001011011110001
1011010011110110001011110110001011110110001011110110001011110110001011
1110111110001101011110001101011110001101011110001101011110001101011111
1001100001011011110001011011110001011011110001011011110001011011110001
1111010011110110001011110110001011110110001011110110001011110110001011
1000111110001101011110001101011110001101011110001101011110001101011111
1101100001011011110001011011110001011011110001011011110001011011110001
1011010011110110001011110110001011110110001011110110001011110110001011
1110111110001101011110001101011110001101011110001101011110001101011111
1001100001011011110001011011110001011011110001011011110001011011110001
1111010011110110001011110110001011110110001011110110001011110110001011
1000111110001101011110001101011110001101011110001101011110001101011111
1101100001011011110001011011110001011011110001011011110001011011110001
1011010011110110001011110110001011110110001011110110001011110110001011
1110111110001101011110001101011110001101011110001101011110001101011111
1001100001011011110001011011110001011011110001011011110001011011110001
1111010011110110001011110110001011110110001011110110001011110110001011
1000111110001101011110001101011110001101011110001101011110001101011111
1101100001011011110001011011110001011011110001011011110001011011110001
1011010011110110001011110110001011110110001011110110001011110110001011
1110111110001101011110001101011110001101011110001101011110001101011111
1001100001011011110001011011110001011011110001011011110001011011110001
1111010011110110001011110110001011110110001011110110001011110110001011
1000111110001101011110001101011110001101011110001101011110001101011111
1101100001011011110001011011110001011011110001011011110001011011110001
1011010011110110001011110110001011110110001011110110001011110110001011
1110111110001101011110001101011110001101011110001101011110001101011111
1001100001011011110001011011110001011011110001011011110001011011110001
1111010011110110001011110110001011110110001011110110001011110110001011
1000111110001101011110001101011110001101011110001101011110001101011111
1101100001011011110001011011110001011011110001011011110001011011110001
1011010011110110001011110110001011110110001011110110001011110110001011
1110111110001101011110001101011110001101011110001101011110001101011111
1001100001011011110001011011110001011011110001011011110001011011110001
1111010011110110001011110110001011110110001011110110001011110110001011
1000111110001101011110001101011110001101011110001101011110001101011111
1101100001011011110001011011110001011011110001011011110001011011110001
1011010011110110001011110110001011110110001011110110001011110110001011
1110111110001101011110001101011110001101011110001101011110001101011111
1001100001011011110001011011110001011011110001011011110001011011110001
1111010011110110001011110110001011110110001011110110001011110110001011
1000111110001101011110001101011110001101011110001101011110001101011111
1101100001011011110001011011110001011011110001011011110001011011110001
1011010011110110001011110110001011110110001011110110001011110110001011
1110111110001101011110001101011110001101011110001101011110001101011111
1001100001011011110001011011110001011011110001011011110001011011110001
1111010011110110001011110110001011110110001011110110001011110110001011
1000111110001101011110001101011110001101011110001101011110001101011111
1101100001011011110001011011110001011011110001011011110001011011110001
1011010011110110001011110110001011110110001011110110001011110110001011
1110111110001101011110001101011110001101011110001101011110001101011111
1001100001011011110001011011110001011011110001011011110001011011110001
1111010011110110001011110110001011110110001011110110001011110110001011
1000111110001101011110001101011110001101011110001101011110001101011111
1101100001011011110001011011110001011011110001011011110001011011110001
1011010011110110001011110110001011110110001011110110001011110110001011
1110111110001101011110001101011110001101011110001101011110001101011111
1001100001011011110001011011110001011011110001011011110001011011110001
1111010011110110001011110110001011110110001011110110001011110110001011
1000111110001101011110001101011110001101011110001101011110001101011111
1101100001011011110001011011110001011011110001011011110001011011110001
1011010011110110001011110110001011110110001011110110001011110110001011
1110111110001101011110001101011110001101011110001101011110001101011111
1001100001011011110001011011110001011011110001011011110001011011110001
1111010011110110001011110110001011110110001011110110001011110110001011
1000111110001101011110001101011110001101011110001101011110001101011111
1101100001011011110001011011110001011011110001011011110001011011110001
1011010011110110001011110110001011110110001011110110001011110110001011
1110111110001101011110001101011110001101011110001101011110001101011111
1001100001011011110001011011110001011011110001011011110001011011110001
1111010011110110001011110110001011110110001011110110001011110110001011
1000111110001101011110001101011110001101011110001101011110001101011111
1101100001011011110001011011110001011011110001011011110001011011110001
1011010011110110001011110110001011110110001011110110001011110110001011
1110111110001101011110001101011110001101011110001101011110001101011111
1001100001011011110001011011110001011011110001011011110001011011110001
1111010011110110001011110110001011110110001011110110001011110110001011
1000111110001101011110001101011110001101011110001101011110001101011111
1101100001011011110001011011110001011011110001011011110001011011110001
1011010011110110001011110110001011110110001011110110001011110110001011
1110111110001101011110001101011110001101011110001101011110001101011111
1001100001011011110001011011110001011011110001011011110001011011110001
1111010011110110001011110110001011110110001011110110001011110110001011
1000111110001101011110001101011110001101011110001101011110001101011111
1101100001011011110001011011110001011011110001011011110001011011110001
1011010011110110001011110110001011110110001011110110001011110110001011
1110111110001101011110001101011110001101011110001101011110001101011111
1001100001011011110001011011110001011011110001011011110001011011110001
1111010011110110001011110110001011110110001011110110001011110110001011
1000111110001101011110001101011110001101011110001101011110001101011111
1101100001011011110001011011110001011011110001011011110001011011110001
1011010011110110001011110110001011110110001011110110001011110110001011
1110111110001101011110001101011110001101011110001101011110001101011111
1001100001011011110001011011110001011011110001011011110001011011110001
1111010011110110001011110110001011110110001011110110001011110110001011
1000111110001101011110001101011110001101011110001101011110001101011111
1101100001011011110001011011110001011011110001011011110001011011110001
1011010011110110001011110110001011110110001011110110001011110110001011
1110111110001101011110001101011110001101011110001101011110001101011111
1001100001011011110001011011110001011011110001011011110001011011110001
1111010011110110001011110110001011110110001011110110001011110110001011
1000111110001101011110001101011110001101011110001101011110001101011111
1101100001011011110001011011110001011011110001011011110001011011110001
1011010011110110001011110110001011110110001011110110001011110110001011
1110111110001101011110001101011110001101011110001101011110001101011111
1001100001011011110001011011110001011011110001011011110001011011110001
1111010011110110001011110110001011110110001011110110001011110110001011
1000111110001101011110001101011110001101011110001101011110001101011111
1101100001011011110001011011110001011011110001011011110001011011110001
1011010011110110001011110110001011110110001011110110001011110110001011
1110111110001101011110001101011110001101011110001101011110001101011111
1001100001011011110001011011110001011011110001011011110001011011110001
1111010011110110001011110110001011110110001011110110001011110110001011
1000111110001101011110001101011110001101011110001101011110001101011111
1101100001011011110001011011110001011011110001011011110001011011110001
1011010011110110001011110110001011110110001011110110001011110110001011
1110111110001101011110001101011110001101011110001101011110001101011111
