1001100001111011110001111011110001111011110001111011110001111011110001
1111011111000110001111000110001111000110001111000110001111000110001111
1000110000111101111000111101111000111101111000111101111000111101111001
1111101111100011000111100011000111100011000111100011000111100011000111
1000011000011110111100011110111100011110111100011110111100011110111101
1111110111110001100011110001100011110001100011110001100011110001100011
1000001100001111011110001111011110001111011110001111011110001111011111
1111111011111000110001111000110001111000110001111000110001111000110001
1000000110000111101111000111101111000111101111000111101111000111101111
1111111101111100011000111100011000111100011000111100011000111100011001
1000000011000011110111100011110111100011110111100011110111100011110111
1111111110111110001100011110001100011110001100011110001100011110001101
1000000001100001111011110001111011110001111011110001111011110001111011
1111111111011111000110001111000110001111000110001111000110001111000111
1000000000110000111101111000111101111000111101111000111101111000111101
1111111111101111100011000111100011000111100011000111100011000111100011
1000000000011000011110111100011110111100011110111100011110111100011111
1111111111110111110001100011110001100011110001100011110001100011110001
1000000000001100001111011110001111011110001111011110001111011110001111
1111111111111011111000110001111000110001111000110001111000110001111001
1000000000000110000111101111000111101111000111101111000111101111000111
1111111111111101111100011000111100011000111100011000111100011000111101
1000000000000011000011110111100011110111100011110111100011110111100011
1111111111111110111110001100011110001100011110001100011110001100011111
1000000000000001100001111011110001111011110001111011110001111011110001
1111111111111111011111000110001111000110001111000110001111000110001111
1000000000000000110000111101111000111101111000111101111000111101111001
1111111111111111101111100011000111100011000111100011000111100011000111
1000000000000000011000011110111100011110111100011110111100011110111101
1111111111111111110111110001100011110001100011110001100011110001100011
1000000000000000001100001111011110001111011110001111011110001111011111
1111111111111111111011111000110001111000110001111000110001111000110001
1000000000000000000110000111101111000111101111000111101111000111101111
1111111111111111111101111100011000111100011000111100011000111100011001
1000000000000000000011000011110111100011110111100011110111100011110111
1111111111111111111110111110001100011110001100011110001100011110001101
1000000000000000000001100001111011110001111011110001111011110001111011
1111111111111111111111011111000110001111000110001111000110001111000111
1000000000000000000000110000111101111000111101111000111101111000111101
1111111111111111111111101111100011000111100011000111100011000111100011
1000000000000000000000011000011110111100011110111100011110111100011111
1111111111111111111111110111110001100011110001100011110001100011110001
1000000000000000000000001100001111011110001111011110001111011110001111
1111111111111111111111111011111000110001111000110001111000110001111001
1000000000000000000000000110000111101111000111101111000111101111000111
1111111111111111111111111101111100011000111100011000111100011000111101
1000000000000000000000000011000011110111100011110111100011110111100011
1111111111111111111111111110111110001100011110001100011110001100011111
1000000000000000000000000001100001111011110001111011110001111011110001
1111111111111111111111111111011111000110001111000110001111000110001111
1000000000000000000000000000110000111101111000111101111000111101111001
1111111111111111111111111111101111100011000111100011000111100011000111
1000000000000000000000000000011000011110111100011110111100011110111101
1111111111111111111111111111110111110001100011110001100011110001100011
1000000000000000000000000000001100001111011110001111011110001111011111
1111111111111111111111111111111011111000110001111000110001111000110001
1000000000000000000000000000000110000111101111000111101111000111101111
1111111111111111111111111111111101111100011000111100011000111100011001
1000000000000000000000000000000011000011110111100011110111100011110111
1111111111111111111111111111111110111110001100011110001100011110001101
1000000000000000000000000000000001100001111011110001111011110001111011
1111111111111111111111111111111111011111000110001111000110001111000111
1000000000000000000000000000000000110000111101111000111101111000111101
1111111111111111111111111111111111101111100011000111100011000111100011
1000000000000000000000000000000000011000011110111100011110111100011111
1111111111111111111111111111111111110111110001100011110001100011110001
1000000000000000000000000000000000001100001111011110001111011110001111
1111111111111111111111111111111111111011111000110001111000110001111001
1000000000000000000000000000000000000110000111101111000111101111000111
1111111111111111111111111111111111111101111100011000111100011000111101
1000000000000000000000000000000000000011000011110111100011110111100011
1111111111111111111111111111111111111110111110001100011110001100011111
1000000000000000000000000000000000000001100001111011110001111011110001
1111111111111111111111111111111111111111011111000110001111000110001111
1000000000000000000000000000000000000000110000111101111000111101111001
1111111111111111111111111111111111111111101111100011000111100011000111
1000000000000000000000000000000000000000011000011110111100011110111101
1111111111111111111111111111111111111111110111110001100011110001100011
1000000000000000000000000000000000000000001100001111011110001111011111
1111111111111111111111111111111111111111111011111000110001111000110001
1000000000000000000000000000000000000000000110000111101111000111101111
1111111111111111111111111111111111111111111101111100011000111100011001
1000000000000000000000000000000000000000000011000011110111100011110111
1111111111111111111111111111111111111111111110111110001100011110001101
1000000000000000000000000000000000000000000001100001111011110001111011
1111111111111111111111111111111111111111111111011111000110001111000111
1000000000000000000000000000000000000000000000110000111101111000111101
1111111111111111111111111111111111111111111111101111100011000111100011
1000000000000000000000000000000000000000000000011000011110111100011111
1111111111111111111111111111111111111111111111110111110001100011110001
1000000000000000000000000000000000000000000000001100001111011110001111
1111111111111111111111111111111111111111111111111011111000110001111001
1000000000000000000000000000000000000000000000000110000111101111000111
1111111111111111111111111111111111111111111111111101111100011000111101
1000000000000000000000000000000000000000000000000011000011110111100011
1111111111111111111111111111111111111111111111111110111110001100011111
1000000000000000000000000000000000000000000000000001100001111011110001
1111111111111111111111111111111111111111111111111111011111000110001111
1000000000000000000000000000000000000000000000000000110000111101111001
1111111111111111111111111111111111111111111111111111101111100011000111
1000000000000000000000000000000000000000000000000000011000011110111101
1111111111111111111111111111111111111111111111111111110111110001100011
1000000000000000000000000000000000000000000000000000001100001111011111
1111111111111111111111111111111111111111111111111111111011111000110001
1000000000000000000000000000000000000000000000000000000110000111101111
1111111111111111111111111111111111111111111111111111111101111100011001
1000000000000000000000000000000000000000000000000000000011000011110111
1111111111111111111111111111111111111111111111111111111110111110001101
1000000000000000000000000000000000000000000000000000000001100001111011
1111111111111111111111111111111111111111111111111111111111011111000111
1000000000000000000000000000000000000000000000000000000000110000111101
1111111111111111111111111111111111111111111111111111111111101111100011
1000000000000000000000000000000000000000000000000000000000011000011111
1111111111111111111111111111111111111111111111111111111111110111110001
1000000000000000000000000000000000000000000000000000000000001100001111
1111111111111111111111111111111111111111111111111111111111111011111001
1000000000000000000000000000000000000000000000000000000000000110000111
1111111111111111111111111111111111111111111111111111111111111101111101
1000000000000000000000000000000000000000000000000000000000000011000011
1111111111111111111111111111111111111111111111111111111111111110111111
1000000000000000000000000000000000000000000000000000000000000001100001
1111111111111111111111111111111111111111111111111111111111111111011111
1000000000000000000000000000000000000000000000000000000000000000110001
1111111111111111111111111111111111111111111111111111111111111111101111
1000000000000000000000000000000000000000000000000000000000000000011001
1111111111111111111111111111111111111111111111111111111111111111110111
1000000000000000000000000000000000000000000000000000000000000000001101
1111111111111111111111111111111111111111111111111111111111111111111011
1000000000000000000000000000000000000000000000000000000000000000000111
1111111111111111111111111111111111111111111111111111111111111111111101
1000000000000000000000000000000000000000000000000000000000000000000011
1111111111111111111111111111111111111111111111111111111111111111111111
1000000000000000000000000000000000000000000000000000000000000000000001
1111111111111111111111111111111111111111111111111111111111111111111111
1000000000000000000000000000000000000000000000000000000000000000000001
1111111111111111111111111111111111111111111111111111111111111111111111
1000000000000000000000000000000000000000000000000000000000000000000001
1111111111111111111111111111111111111111111111111111111111111111111111
1000000000000000000000000000000000000000000000000000000000000000000001
1111111111111111111111111111111111111111111111111111111111111111111111
1000000000000000000000000000000000000000000000000000000000000000000001
1111111111111111111111111111111111111111111111111111111111111111111111
1000000000000000000000000000000000000000000000000000000000000000000001
1111111111111111111111111111111111111111111111111111111111111111111111
1000000000000000000000000000000000000000000000000000000000000000000001
1111111111111111111111111111111111111111111111111111111111111111111111
1000000000000000000000000000000000000000000000000000000000000000000001
1111111111111111111111111111111111111111111111111111111111111111111111
1000000000000000000000000000000000000000000000000000000000000000000001
1111111111111111111111111111111111111111111111111111111111111111111111
1000000000000000000000000000000000000000000000000000000000000000000001
1111111111111111111111111111111111111111111111111111111111111111111111
1000000000000000000000000000000000000000000000000000000000000000000001
1111111111111111111111111111111111111111111111111111111111111111111111
1000000000000000000000000000000000000000000000000000000000000000000001
1111111111111111111111111111111111111111111111111111111111111111111111
1000000000000000000000000000000000000000000000000000000000000000000001
1111111111111111111111111111111111111111111111111111111111111111111111
1000000000000000000000000000000000000000000000000000000000000000000001
1111111111111111111111111111111111111111111111111111111111111111111111
1000000000000000000000000000000000000000000000000000000000000000000001
1111111111111111111111111111111111111111111111111111111111111111111111
1000000000000000000000000000000000000000000000000000000000000000000001
1111111111111111111111111111111111111111111111111111111111111111111111
1000000000000000000000000000000000000000000000000000000000000000000001
1111111111111111111111111111111111111111111111111111111111111111111111
1000000000000000000000000000000000000000000000000000000000000000000001
1111111111111111111111111111111111111111111111111111111111111111111111
1000000000000000000000000000000000000000000000000000000000000000000001
1111111111111111111111111111111111111111111111111111111111111111111111
1000000000000000000000000000000000000000000000000000000000000000000001
1111111111111111111111111111111111111111111111111111111111111111111111
1000000000000000000000000000000000000000000000000000000000000000000001
1111111111111111111111111111111111111111111111111111111111111111111111
1000000000000000000000000000000000000000000000000000000000000000000001
1111111111111111111111111111111111111111111111111111111111111111111111
1000000000000000000000000000000000000000000000000000000000000000000001
1111111111111111111111111111111111111111111111111111111111111111111111
1000000000000000000000000000000000000000000000000000000000000000000001
1111111111111111111111111111111111111111111111111111111111111111111111
1000000000000000000000000000000000000000000000000000000000000000000001
1111111111111111111111111111111111111111111111111111111111111111111111
1000000000000000000000000000000000000000000000000000000000000000000001
1111111111111111111111111111111111111111111111111111111111111111111111
1000000000000000000000000000000000000000000000000000000000000000000001
1111111111111111111111111111111111111111111111111111111111111111111111
1000000000000000000000000000000000000000000000000000000000000000000001
1111111111111111111111111111111111111111111111111111111111111111111111
1000000000000000000000000000000000000000000000000000000000000000000001
1111111111111111111111111111111111111111111111111111111111111111111111
1000000000000000000000000000000000000000000000000000000000000000000001
1111111111111111111111111111111111111111111111111111111111111111111111
1000000000000000000000000000000000000000000000000000000000000000000001
1111111111111111111111111111111111111111111111111111111111111111111111
1000000000000000000000000000000000000000000000000000000000000000000001
1111111111111111111111111111111111111111111111111111111111111111111111
1000000000000000000000000000000000000000000000000000000000000000000001
1111111111111111111111111111111111111111111111111111111111111111111111
1000000000000000000000000000000000000000000000000000000000000000000001
1111111111111111111111111111111111111111111111111111111111111111111111
1000000000000000000000000000000000000000000000000000000000000000000001
1111111111111111111111111111111111111111111111111111111111111111111111
1000000000000000000000000000000000000000000000000000000000000000000001
1111111111111111111111111111111111111111111111111111111111111111111111
1000000000000000000000000000000000000000000000000000000000000000000001
1111111111111111111111111111111111111111111111111111111111111111111111
1000000000000000000000000000000000000000000000000000000000000000000001
1111111111111111111111111111111111111111111111111111111111111111111111
1000000000000000000000000000000000000000000000000000000000000000000001
1111111111111111111111111111111111111111111111111111111111111111111111
