1111111111111111111111111111111111111111111111111111111111111111111111
1000000000000000000000000000000000000000000000000000000000000000000001
0011111111111111111111111111111111111111111111111111111111111111111100
1010000000000000000000000000000000000000000000000000000000000000000101
0000111111111111111111111111111111111111111111111111111111111111110000
1110100000000000000000000000000000000000000000000000000000000000010111
1010001111111111111111111111111111111111111111111111111111111111000101
0000101000000000000000000000000000000000000000000000000000000001010000
1110000011111111111111111111111111111111111111111111111111111100000111
1010111010000000000000000000000000000000000000000000000000000101110101
0000101000111111111111111111111111111111111111111111111111110001010000
1110000010100000000000000000000000000000000000000000000000010100000111
1010111000001111111111111111111111111111111111111111111111000001110101
0000101011101000000000000000000000000000000000000000000001011101010000
1110000010100011111111111111111111111111111111111111111100010100000111
1010111000001010000000000000000000000000000000000000000101000001110101
0000101011100000111111111111111111111111111111111111110000011101010000
1110000010101110100000000000000000000000000000000000010111010100000111
1010111000001010001111111111111111111111111111111111000101000001110101
0000101011100000101000000000000000000000000000000001010000011101010000
1110000010101110000011111111111111111111111111111100000111010100000111
1010111000001010111010000000000000000000000000000101110101000001110101
0000101011100000101000111111111111111111111111110001010000011101010000
1110000010101110000010100000000000000000000000010100000111010100000111
1010111000001010111000001111111111111111111111000001110101000001110101
0000101011100000101011101000000000000000000001011101010000011101010000
1110000010101110000010100011111111111111111100010100000111010100000111
1010111000001010111000001010000000000000000101000001110101000001110101
0000101011100000101011100000111111111111110000011101010000011101010000
1110000010101110000010101110100000000000010111010100000111010100000111
1010111000001010111000001010001111111111000101000001110101000001110101
0000101011100000101011100000101000000001010000011101010000011101010000
1110000010101110000010101110000011111100000111010100000111010100000111
1010111000001010111000001010111010000101110101000001110101000001110101
0000101011100000101011100000101000110001010000011101010000011101010000
1110000010101110000010101110000010110100000111010100000111010100000111
1010111000001010111000001010111000110001110101000001110101000001110101
0000101011100000101011100000101010110101010000011101010000011101010000
1110000010101110000010101110000000110000000111010100000111010100000111
1010111000001010111000001010111110110111110101000001110101000001110101
0000101011100000101011100000100010110100010000011101010000011101010000
1110000010101110000010101110001000110001000111010100000111010100000111
1010111000001010111000001010100010110100010101000001110101000001110101
0000101011100000101011100000001000110001000000011101010000011101010000
1110000010101110000010101111100010110100011111010100000111010100000111
1010111000001010111000001000101000110001010001000001110101000001110101
0000101011100000101011100010000010110100000100011101010000011101010000
1110000010101110000010101000111000110001110001010100000111010100000111
1010111000001010111000000010101010110101010100000001110101000001110101
0000101011100000101011111000000000110000000001111101010000011101010000
1110000010101110000010001011111110110111111101000100000111010100000111
1010111000001010111000100010000010110100000100010001110101000001110101
0000101011100000101010001000111000110001110001000101010000011101010000
1110000010101110000000100010101010110101010100010000000111010100000111
1010111000001010111110001000000000110000000001000111110101000001110101
0000101011100000100010100011111110110111111100010100010000011101010000
1110000010101110001000001010000010110100000101000001000111010100000111
1010111000001010100011100000111000110001110000011100010101000001110101
0000101011100000001010101110101010110101010111010101000000011101010000
1110000010101111100000001010000000110000000101000000011111010100000111
1010111000001000101111100000111110110111110000011111010001000001110101
0000101011100010001000101110100010110100010111010001000100011101010000
1110000010101000100010001010001000110001000101000100010001010100000111
1010111000000010001000100000100010110100010000010001000100000001110101
0000101011111000100010001110001000110001000111000100010001111101010000
1110000010001010001000101010100010110100010101010001000101000100000111
1010111000100000100010000000001000110001000000000100010000010001110101
0000101010001110001000111111100010110100011111110001000111000101010000
1110000000101010100010100000101000110001010000010100010101010000000111
1010111110000000001000001110000010110100000111000001000000000111110101
0000100010111111100011101010111000110001110101011100011111110100010000
1110001000100000101010100000101010110101010000010101010000010001000111
1010100010001110000000001110000000110000000111000000000111000100010101
0000001000101010111111101010111110110111110101011111110101010001000000
1111100010000000100000100000100010110100010000010000010000000100011111
1000101000111110001110001110001000110001000111000111000111110001010001
0010000010100010101010101010100010110100010101010101010100010100000100
1000111000001000000000000000001000110001000000000000000001000001110001
0010101011100011111111111111100010110100011111111111111100011101010100
1000000010101010000000000000101000110001010000000000000101010100000001
0011111000000000111111111110000010110100000111111111110000000001111100
1010001011111110100000000010111000110001110100000000010111111101000101
0000100010000010001111111000101010110101010001111111000100000100010000
1110001000111000101000001010000000110000000101000001010001110001000111
1010100010101010000011100000111110110111110000011100000101010100010101
0000001000000000111010101110100010110100010111010101110000000001000000
1111100011111110101000001010001000110001000101000001010111111100011111
1000101010000010000011100000100010110100010000011100000100000101010001
0010000000111000111010101110001000110001000111010101110001110000000100
1000111110101010101000001010100010110100010101000001010101010111110001
0010100010000000000011100000001000110001000000011100000000000100010100
1000001000111111111010101111100010110100011111010101111111110001000001
0011100010100000001000001000101000110001010001000001000000010100011100
1010101000001111100011100010000010110100000100011100011111000001010101
0000000011101000101010101000111000110001110001010101010001011100000000
1111111010100010000000000010101010110101010100000000000100010101111111
1000001000001000111111111000000000110000000001111111110001000001000001
0011100011100010100000001011111110110111111101000000010100011100011100
1010101010101000001111100010000010110100000100011111000001010101010101
0000000000000011101000101000111000110001110001010001011100000000000000
1111111111111010100010000010101010110101010100000100010101111111111111
1000000000001000001000111000000000110000000001110001000001000000000001
0011111111100011100010101011111110110111111101010100011100011111111100
1010000000101010101000000010000010110100000100000001010101010000000101
0000111110000000000011111000111000110001110001111100000000000111110000
1110100010111111111010001010101010110101010101000101111111110100010111
1010001000100000001000100000000000110000000000010001000000010001000101
0000100010001111100010001111111110110111111111000100011111000100010000
1110001000101000101000101000000010110100000001010001010001010001000111
1010100010000010000010000011111000110001111100000100000100000100010101
0000001000111000111000111010001010110101000101110001110001110001000000
1111100010101010101010101000100000110000010001010101010101010100011111
1000101000000000000000000010001110110111000100000000000000000001010001
0010000011111111111111111000101010110101010001111111111111111100000100
1000111010000000000000001010000000110000000101000000000000000101110001
0010101000111111111111100000111110110111110000011111111111110001010100
1000000010100000000000101110100010110100010111010000000000010100000001
0011111000001111111110001010001000110001000101000111111111000001111100
1010001011101000000010100000100010110100010000010100000001011101000101
0000100010100011111000001110001000110001000111000001111100010100010000
1110001000001010001011101010100010110100010101011101000101000001000111
1010100011100000100010100000001000110001000000010100010000011100010101
0000001010101110001000001111100010110100011111000001000111010101000000
1111100000001010100011101000101000110001010001011100010101000000011111
1000101111100000001010100010000010110100000100010101000000011111010001
0010001000101111100000001000111000110001110001000000011111010001000100
1000100010001000101111100010101010110101010100011111010001000100010001
0010001000100010001000101000000000110000000001010001000100010001000100
1000100010001000100010000011111110110111111100000100010001000100010001
0010001000100010001000111010000010110100000101110001000100010001000100
1000100010001000100010101000111000110001110001010100010001000100010001
0010001000100010001000000010101010110101010100000001000100010001000100
1000100010001000100011111000000000110000000001111100010001000100010001
0010001000100010001010001011111110110111111101000101000100010001000100
1000100010001000100000100010000010110100000100010000010001000100010001
0010001000100010001110001000111000110001110001000111000100010001000100
1000100010001000101010100010101010110101010100010101010001000100010001
0010001000100010000000001000000000110000000001000000000100010001000100
1000100010001000111111100011111110110111111100011111110001000100010001
0010001000100010100000101010000010110100000101010000010100010001000100
1000100010001000001110000000111000110001110000000111000001000100010001
0010001000100011101010111110101010110101010111110101011100010001000100
1000100010001010100000100010000000110000000100010000010101000100010001
0010001000100000001110001000111110110111110001000111000000010001000100
1000100010001111101010100010100010110100010100010101011111000100010001
0010001000101000100000001000001000110001000001000000010001010001000100
1000100010000010001111100011100010110100011100011111000100000100010001
0010001000111000101000101010101000110001010101010001010001110001000100
1000100010101010000010000000000010110100000000000100000101010100010001
0010001000000000111000111111111000110001111111110001110000000001000100
1000100011111110101010100000001010110101000000010101010111111100010001
0010001010000010000000001111100000110000011111000000000100000101000100
1000100000111000111111101000101110110111010001011111110001110000010001
0010001110101010100000100010001010110101000100010000010101010111000100
1000101010000000001110001000100000110000010001000111000000000101010001
0010000000111111101010100010001110110111000100010101011111110000000100
1000111110100000100000001000101010110101010001000000010000010111110001
0010100010001110001111100010000000110000000100011111000111000100010100
1000001000101010101000101000111110110111110001010001010101010001000001
0011100010000000000010000010100010110100010100000100000000000100011100
1010101000111111111000111000001000110001000001110001111111110001010101
0000000010100000001010101011100010110100011101010101000000010100000000
1111111000001111100000000010101000110001010100000000011111000001111111
1000001011101000101111111000000010110100000001111111010001011101000001
0011100010100010001000001011111000110001111101000001000100010100011100
1010101000001000100011100010001010110101000100011100010001000001010101
0000000011100010001010101000100000110000010001010101000100011100000000
1111111010101000100000000010001110110111000100000000010001010101111111
1000001000000010001111111000101010110101010001111111000100000001000001
0011100011111000101000001010000000110000000101000001010001111100011100
1010101010001010000011100000111110110111110000011100000101000101010101
0000000000100000111010101110100010110100010111010101110000010000000000
1111111110001110101000001010001000110001000101000001010111000111111111
1000000010101010000011100000100010110100010000011100000101010100000001
0011111000000000111010101110001000110001000111010101110000000001111100
1010001011111110101000001010100010110100010101000001010111111101000101
0000100010000010000011100000001000110001000000011100000100000100010000
1110001000111000111010101111100010110100011111010101110001110001000111
1010100010101010101000001000101000110001010001000001010101010100010101
0000001000000000000011100010000010110100000100011100000000000001000000
1111100011111111111010101000111000110001110001010101111111111100011111
1000101010000000001000000010101010110101010100000001000000000101010001
0010000000111111100011111000000000110000000001111100011111110000000100
1000111110100000101010001011111110110111111101000101010000010111110001
0010100010001110000000100010000010110100000100010000000111000100010100
1000001000101010111110001000111000110001110001000111110101010001000001
0011100010000000100010100010101010110101010100010100010000000100011100
1010101000111110001000001000000000110000000001000001000111110001010101
0000000010100010100011100011111110110111111100011100010100010100000000
1111111000001000001010101010000010110100000101010101000001000001111111
1000001011100011100000000000111000110001110000000000011100011101000001
0011100010101010101111111110101010110101010111111111010101010100011100
1010101000000000001000000010000000110000000100000001000000000001010101
0000000011111111100011111000111110110111110001111100011111111100000000
1111111010000000101010001010100010110100010101000101010000000101111111
1000001000111110000000100000001000110001000000010000000111110001000001
0011100010100010111110001111100010110100011111000111110100010100011100
1010101000001000100010101000101000110001010001010100010001000001010101
0000000011100010001000000010000010110100000100000001000100011100000000
1111111010101000100011111000111000110001110001111100010001010101111111
1000001000000010001010001010101010110101010101000101000100000001000001
0011100011111000100000100000000000110000000000010000010001111100011100
1010101010001010001110001111111110110111111111000111000101000101010101
0000000000100000101010101000000010110100000001010101010000010000000000
1111111110001110000000000011111000110001111100000000000111000111111111
1000000010101010111111111010001010110101000101111111110101010100000001
0011111000000000100000001000100000110000010001000000010000000001111100
1010001011111110001111100010001110110111000100011111000111111101000101
0000100010000010101000101000101010110101010001010001010100000100010000
1110001000111000000010000010000000110000000100000100000001110001000111
