1101111101011101011101011101011101011101011101011101011101011101011101
1101000100010100010100010100010100010100010100010100010100010100010101
1100011001100001100001100001100001100001100001100001100001100001100001
1101111011101111101111101111101111101111101111101111101111101111101111
1101001010101000101000101000101000101000101000101000101000101000101001
1100010000000011000011000011000011000011000011000011000011000011000011
1101100111111111011111011111011111011111011111011111011111011111011111
1101101100000001010001010001010001010001010001010001010001010001010001
1101101101111110000110000110000110000110000110000110000110000110000111
1101101101000010111110111110111110111110111110111110111110111110111101
1101101100011100100010100010100010100010100010100010100010100010100101
1101101101110101001100001100001100001100001100001100001100001100001001
1101101101010000011101111101111101111101111101111101111101111101110011
1101101100000111110101000101000101000101000101000101000101000101010111
1101101101111100010000011000011000011000011000011000011000011000000101
1101101101000101100111111011111011111011111011111011111011111011111001
1101101100011001101100001010001010001010001010001010001010001010001011
1101101101111011101101110000110000110000110000110000110000110000110011
1101101101001010101101010111110111110111110111110111110111110111110111
1101101100010000001100000100010100010100010100010100010100010100010101
1101101101100111111101111001100001100001100001100001100001100001100001
1101101101101100000101001011101111101111101111101111101111101111101111
1101101101101101111000010010101000101000101000101000101000101000101001
1101101101101101001011100100000011000011000011000011000011000011000011
1101101101101100010010101001111111011111011111011111011111011111011111
1101101101101101100100000011000001010001010001010001010001010001010001
1101101101101101101001111111011110000110000110000110000110000110000111
1101101101101101100011000001010010111110111110111110111110111110111101
1101101101101101101111011110000100100010100010100010100010100010100101
1101101101101101101001010010111001001100001100001100001100001100001001
1101101101101101100010000100101010011101111101111101111101111101110011
1101101101101101101100111001000000110101000101000101000101000101010111
1101101101101101101101101010011111110000011000011000011000011000000101
1101101101101101101101100000110000010111111011111011111011111011111001
1101101101101101101101101111110111100100001010001010001010001010001011
1101101101101101101101101000010100101001110000110000110000110000110011
1101101101101101101101100011100001000011010111110111110111110111110111
1101101101101101101101101110101110011111000100010100010100010100010101
1101101101101101101101101010001010110001011001100001100001100001100001
1101101101101101101101100000110000110110011011101111101111101111101111
1101101101101101101101101111110111110110111010101000101000101000101001
1101101101101101101101101000010100010110101000000011000011000011000011
1101101101101101101101100011100001100110000011111111011111011111011111
1101101101101101101101101110101111101110111110000001010001010001010001
1101101101101101101101101010001000101010100010111110000110000110000111
1101101101101101101101100000110011000000001100100010111110111110111101
1101101101101101101101101111110111011111111101001100100010100010100101
1101101101101101101101101000010101010000000100011101001100001100001001
1101101101101101101101100011100000000111111001110100011101111101110011
1101101101101101101101101110101111111100001011010001110101000101010111
1101101101101101101101101010001000000101110011000111010000011000000101
1101101101101101101101100000110011111001010111011101000111111011111001
1101101101101101101101101111110110001010000101010100011100001010001011
1101101101101101101101101000010110110000111000000001110101110000110011
1101101101101101101101100011100110110111101011111111010001010111110111
1101101101101101101101101110101110110100100010000001000110000100010101
1101101101101101101101101010001010110001001100111110011110111001100001
1101101101101101101101100000110000110110011101100010110010101011101111
1101101101101101101101101111110111110110110101101100110100000010101001
1101101101101101101101101000010100010110110001101101110001111100000011
1101101101101101101101100011100001100110110111101101010111000101111111
1101101101101101101101101110101111101110110100101100000101011001000001
1101101101101101101101101010001000101010110001001101111000011010011111
1101101101101101101101100000110011000000110110011101001011111000110001
1101101101101101101101101111110111011111110110110100010010001011110111
1101101101101101101101101000010101010000010110110001100100110010010101
1101101101101101101101100011100000000111100110110111101001110100100001
1101101101101101101101101110101111111100101110110100100011010001001111
1101101101101101101101101010001000000101001010110001001111000110011001
1101101101101101101101100000110011111000010000110110011001011110111011
1101101101101101101101101111110110001011100111110110111010010010101011
1101101101101101101101101000010110110010101100010110101000100100000011
1101101101101101101101100011100110110100001101100110000011001001111111
1101101101101101101101101110101110110001111101101110111111010011000001
1101101101101101101101101010001010110111000101101010100001000111011111
1101101101101101101101100000110000110101011001100000001110011101010001
1101101101101101101101101111110111110000011011101111111010110100000111
1101101101101101101101101000010100010111111010101000001000110001111101
1101101101101101101101100011100001100100001000000011110011110111000101
1101101101101101101101101110101111101001110011111110010110010101011001
1101101101101101101101101010001000100011010110000010100110100000011011
1101101101101101101101100000110011001111000110111100001110001111111011
1101101101101101101101101111110111011001011110100101111010111000001011
1101101101101101101101101000010101011010010010001001001000101011110011
1101101101101101101101100011100000011000100100110010010011000010010111
1101101101101101101101101110101111111011001001110100100111011100100101
1101101101101101101101101010001000001011010011010001001101010101001001
1101101101101101101101100000110011110011000111000110011100000000010011
1101101101101101101101101111110110010111011101011110110101111111100111
1101101101101101101101101000010110100101010100010010110001000000101101
1101101101101101101101100011100110001000000001100100110110011111001101
1101101101101101101101101110101110110011111111101001110110110001011101
1101101101101101101101101010001010110110000000100011010110110110010101
1101101101101101101101100000110000110110111111001111000110110110100001
1101101101101101101101101111110111110110100001011001011110110110001111
1101101101101101101101101000010100010110001110011010010010110110111001
1101101101101101101101100011100001100110111010111000100100110110101011
1101101101101101101101101110101111101110101000101011001001110110000011
1101101101101101101101101010001000101010000011000011010011010110111111
1101101101101101101101100000110011000000111111011111000111000110100001
1101101101101101101101101111110111011111100001010001011101011110001111
1101101101101101101101101000010101010000101110000110010100010010111001
1101101101101101101101100011100000000111001010111110100001100100101011
1101101101101101101101101110101111111101010000100010001111101001000011
1101101101101101101101101010001000000100000111001100111000100010011111
1101101101101101101101100000110011111001111101011101101011001100110001
1101101101101101101101101111110110001011000100010101100011011101110111
1101101101101101101101101000010110110011011001100001101111010101010101
1101101101101101101101100011100110110111011011101111101001000000000001
1101101101101101101101101110101110110101011010101000100010011111111111
1101101101101101101101101010001010110000011000000011001100110000000001
1101101101101101101101100000110000110111111011111111011101110111111111
1101101101101101101101101111110111110100001010000001010101010100000001
1101101101101101101101101000010100010001110000111110000000000001111111
1101101101101101101101100011100001100111010111100010111111111111000001
1101101101101101101101101110101111101101000100101100100000000001011111
1101101101101101101101101010001000101100011001001101001111111110010001
1101101101101101101101100000110011001101111010011100011000000010100111
1101101101101101101101101111110111011101001000110101111011111100001101
1101101101101101101101101000010101010100010011110001001010000101111101
1101101101101101101101100011100000000001100110010110010000111001000101
1101101101101101101101101110101111111111101110100110100111101010011001
1101101101101101101101101010001000000000101010001110001100100000111011
1101101101101101101101100000110011111111000000111010111101001111101011
1101101101101101101101101111110110000001011111101000100100011000100011
1101101101101101101101101000010110111110010000100011001001111011001111
1101101101101101101101100011100110100010100111001111010011001011011001
1101101101101101101101101110101110001100001101011001000111010011011011
1101101101101101101101101010001010111101111100011010011101000111011011
1101101101101101101101100000110000100101000101111000110100011101011011
1101101101101101101101101111110111001000011001001011110001110100011011
1101101101101101101101101000010101010011111010010010010111010001111011
1101101101101101101101100011100000000110001000100100100101000111001011
1101101101101101101101101110101111111110110011001001001000011101010011
1101101101101101101101101010001000000010110111010010010011110100000111
1101101101101101101101100000110011111100110101000100100110010001111101
1101101101101101101101101111110110000101110000011001001110100111000101
1101101101101101101101101000010110111001010111111010011010001101011001
1101101101101101101101100011100110101010000100001000111000111100011011
1101101101101101101101101110101110000000111001110011101011100101111011
1101101101101101101101101010001010111111101011010110100010101001001011
1101101101101101101101100000110000100000100011000110001100000010010011
1101101101101101101101101111110111001111001111011110111101111100100111
1101101101101101101101101000010101011001011001010010100101000101001101
1101101101101101101101100011100000011010011010000100001000011000011101
1101101101101101101101101110101111111000111000111001110011111011110101
1101101101101101101101101010001000001011101011101011010110001010010001
1101101101101101101101100000110011110010100010100011000110110000100111
1101101101101101101101101111110110010100001100001111011110110111001101
1101101101101101101101101000010110100001111101111001010010110101011101
1101101101101101101101100011100110001111000101001010000100110000010101
1101101101101101101101101110101110111001011000010000111001110111100001
1101101101101101101101101010001010101010011011100111101011010100101111
1101101101101101101101100000110000000000111010101100100011000001001001
1101101101101101101101101111110111111111101000001101001111011110010011
1101101101101101101101101000010100000000100011111100011001010010100111
1101101101101101101101100011100001111111001110000101111010000100001101
1101101101101101101101101110101111000001011010111001001000111001111101
1101101101101101101101101010001001011110011000101010010011101011000101
1101101101101101101101100000110010010010111011000000100110100011011001
1101101101101101101101101111110100100100101011011111001110001111011011
1101101101101101101101101000010001001001000011010001011010111001011011
1101101101101101101101100011100110010010011111000110011000101010011011
1101101101101101101101101110101110100100110001011110111011000000111011
1101101101101101101101101010001010001001110110010010101011011111101011
1101101101101101101101100000110000110011010110100100000011010000100011
1101101101101101101101101111110111110111000110001001111111000111001111
1101101101101101101101101000010100010101011110110011000001011101011001
1101101101101101101101100011100001100000010010110111011110010100011011
1101101101101101101101101110101111101111100100110101010010100001111011
1101101101101101101101101010001000101000101001110000000100001111001011
1101101101101101101101100000110011000011000011010111111001111001010011
1101101101101101101101101111110111011111011111000100001011001010000111
1101101101101101101101101000010101010001010001011001110011010000111101
1101101101101101101101100011100000000110000110011011010111000111100101
1101101101101101101101101110101111111110111110111011000101011100101001
1101101101101101101101101010001000000010100010101011011000010101000011
1101101101101101101101100000110011111100001100000011011011100000011111
1101101101101101101101101111110110000101111101111111011010101111110001
1101101101101101101101101000010110111001000101000001011000001000010111
1101101101101101101101100011100110101010011000011110011011110011100101
1101101101101101101101101110101110000000111011110010111010010110101001
1101101101101101101101101010001010111111101010010100101000100110000011
1101101101101101101101100000110000100000100000100001000011001110111111
1101101101101101101101101111110111001111001111001110011111011010100001
1101101101101101101101101000010101011001011001011010110001011000001111
1101101101101101101101100011100000011010011010011000110110011011111001
1101101101101101101101101110101111111000111000111011110110111010001011
1101101101101101101101101010001000001011101011101010010110101000110011
1101101101101101101101100000110011110010100010100000100110000011110111
1101101101101101101101101111110110010100001100001111001110111110010101
1101101101101101101101101000010110100001111101111001011010100010100001
1101101101101101101101100011100110001111000101001010011000001100001111
1101101101101101101101101110101110111001011000010000111011111101111001
1101101101101101101101101010001010101010011011100111101010000101001011
1101101101101101101101100000110000000000111010101100100000111000010011
1101101101101101101101101111110111111111101000001101001111101011100111
1101101101101101101101101000010100000000100011111100011000100010101101
1101101101101101101101100011100001111111001110000101111011001100001101
1101101101101101101101101110101111000001011010111001001011011101111101
1101101101101101101101101010001001011110011000101010010011010101000101
1101101101101101101101100000110010010010111011000000100111000000011001
1101101101101101101101101111110100100100101011011111001101011111111011
1101101101101101101101101000010001001001000011010001011100010000001011
1101101101101101101101100011100110010010011111000110010101100111110011
1101101101101101101101101110101110100100110001011110100001101100010111
1101101101101101101101101010001010001001110110010010001111101101100101
1101101101101101101101100000110000110011010110100100111000101101101001
1101101101101101101101101111110111110111000110001001101011001101100011
1101101101101101101101101000010100010101011110110011100011011101101111
