0100100100100100100100100001000000000000000010010010000001000000100000
0010010010010010010010010000100000000000000001001001000000100000010000
0001001001001001001001001000010000000000000000100100100000010000001000
0000100100100100100100100100001000000000000000010010010000001000000100
0000010010010010010010010010000100000000000000001001001000000100000010
0000001001001001001001001001000010000000000000000100100100000010000000
0000000100100100100100100100100001000000000000000010010010000001000000
0000000010010010010010010010010000100000000000000001001001000000100000
0000000001001001001001001001001000010000000000000000100100100000010000
0000000000100100100100100100100100001000000000000000010010010000001000
0000000000010010010010010010010010000100000000000000001001001000000100
0000000000001001001001001001001001000010000000000000000100100100000010
0000000000000100100100100100100100100001000000000000000010010010000000
0000000000000010010010010010010010010000100000000000000001001001000000
0000000000000001001001001001001001001000010000000000000000100100100000
0000000000000000100100100100100100100100001000000000000000010010010000
0000000000000000010010010010010010010010000100000000000000001001001000
0000000000000000001001001001001001001001000010000000000000000100100100
0000000000000000000100100100100100100100100001000000000000000010010010
0000000000000000000010010010010010010010010000100000000000000001001000
0000000000000000000001001001001001001001001000010000000000000000100100
0000000000000000000000100100100100100100100100001000000000000000010010
0000000000000000000000010010010010010010010010000100000000000000001000
0000000000000000000000001001001001001001001001000010000000000000000100
0000000000000000000000000100100100100100100100100001000000000000000010
0000000000000000000000000010010010010010010010010000100000000000000000
0000000000000000000000000001001001001001001001001000010000000000000000
0000000000000000000000000000100100100100100100100100001000000000000000
0000000000000000000000000000010010010010010010010010000100000000000000
0000000000000000000000000000001001001001001001001001000010000000000000
0000000000000000000000000000000100100100100100100100100001000000000000
0000000000000000000000000000000010010010010010010010010000100000000000
0000000000000000000000000000000001001001001001001001001000010000000000
0000000000000000000000000000000000100100100100100100100100001000000000
0000000000000000000000000000000000010010010010010010010010000100000000
0000000000000000000000000000000000001001001001001001001001000010000000
0000000000000000000000000000000000000100100100100100100100100001000000
0000000000000000000000000000000000000010010010010010010010010000100000
0000000000000000000000000000000000000001001001001001001001001000010000
0000000000000000000000000000000000000000100100100100100100100100001000
0000000000000000000000000000000000000000010010010010010010010010000100
0000000000000000000000000000000000000000001001001001001001001001000010
0000000000000000000000000000000000000000000100100100100100100100100000
0000000000000000000000000000000000000000000010010010010010010010010000
0000000000000000000000000000000000000000000001001001001001001001001000
0000000000000000000000000000000000000000000000100100100100100100100100
0000000000000000000000000000000000000000000000010010010010010010010010
0000000000000000000000000000000000000000000000001001001001001001001000
0000000000000000000000000000000000000000000000000100100100100100100100
0000000000000000000000000000000000000000000000000010010010010010010010
0000000000000000000000000000000000000000000000000001001001001001001000
0000000000000000000000000000000000000000000000000000100100100100100100
0000000000000000000000000000000000000000000000000000010010010010010010
0000000000000000000000000000000000000000000000000000001001001001001000
0000000000000000000000000000000000000000000000000000000100100100100100
0000000000000000000000000000000000000000000000000000000010010010010010
0000000000000000000000000000000000000000000000000000000001001001001000
0000000000000000000000000000000000000000000000000000000000100100100100
0000000000000000000000000000000000000000000000000000000000010010010010
0000000000000000000000000000000000000000000000000000000000001001001000
0000000000000000000000000000000000000000000000000000000000000100100100
0000000000000000000000000000000000000000000000000000000000000010010010
0000000000000000000000000000000000000000000000000000000000000001001000
0000000000000000000000000000000000000000000000000000000000000000100100
0000000000000000000000000000000000000000000000000000000000000000010010
0000000000000000000000000000000000000000000000000000000000000000001000
0000000000000000000000000000000000000000000000000000000000000000000100
0000000000000000000000000000000000000000000000000000000000000000000010
0000000000000000000000000000000000000000000000000000000000000000000000
0000000000000000000000000000000000000000000000000000000000000000000000
0000000000000000000000000000000000000000000000000000000000000000000000
0000000000000000000000000000000000000000000000000000000000000000000000
0000000000000000000000000000000000000000000000000000000000000000000000
0000000000000000000000000000000000000000000000000000000000000000000000
0000000000000000000000000000000000000000000000000000000000000000000000
0000000000000000000000000000000000000000000000000000000000000000000000
0000000000000000000000000000000000000000000000000000000000000000000000
0000000000000000000000000000000000000000000000000000000000000000000000
0000000000000000000000000000000000000000000000000000000000000000000000
0000000000000000000000000000000000000000000000000000000000000000000000
0000000000000000000000000000000000000000000000000000000000000000000000
0000000000000000000000000000000000000000000000000000000000000000000000
0000000000000000000000000000000000000000000000000000000000000000000000
0000000000000000000000000000000000000000000000000000000000000000000000
0000000000000000000000000000000000000000000000000000000000000000000000
0000000000000000000000000000000000000000000000000000000000000000000000
0000000000000000000000000000000000000000000000000000000000000000000000
0000000000000000000000000000000000000000000000000000000000000000000000
0000000000000000000000000000000000000000000000000000000000000000000000
0000000000000000000000000000000000000000000000000000000000000000000000
0000000000000000000000000000000000000000000000000000000000000000000000
0000000000000000000000000000000000000000000000000000000000000000000000
0000000000000000000000000000000000000000000000000000000000000000000000
0000000000000000000000000000000000000000000000000000000000000000000000
0000000000000000000000000000000000000000000000000000000000000000000000
0000000000000000000000000000000000000000000000000000000000000000000000
0000000000000000000000000000000000000000000000000000000000000000000000
0000000000000000000000000000000000000000000000000000000000000000000000
0000000000000000000000000000000000000000000000000000000000000000000000
0000000000000000000000000000000000000000000000000000000000000000000000
0000000000000000000000000000000000000000000000000000000000000000000000
0000000000000000000000000000000000000000000000000000000000000000000000
0000000000000000000000000000000000000000000000000000000000000000000000
0000000000000000000000000000000000000000000000000000000000000000000000
0000000000000000000000000000000000000000000000000000000000000000000000
0000000000000000000000000000000000000000000000000000000000000000000000
0000000000000000000000000000000000000000000000000000000000000000000000
0000000000000000000000000000000000000000000000000000000000000000000000
0000000000000000000000000000000000000000000000000000000000000000000000
0000000000000000000000000000000000000000000000000000000000000000000000
0000000000000000000000000000000000000000000000000000000000000000000000
0000000000000000000000000000000000000000000000000000000000000000000000
0000000000000000000000000000000000000000000000000000000000000000000000
0000000000000000000000000000000000000000000000000000000000000000000000
0000000000000000000000000000000000000000000000000000000000000000000000
0000000000000000000000000000000000000000000000000000000000000000000000
0000000000000000000000000000000000000000000000000000000000000000000000
0000000000000000000000000000000000000000000000000000000000000000000000
0000000000000000000000000000000000000000000000000000000000000000000000
0000000000000000000000000000000000000000000000000000000000000000000000
0000000000000000000000000000000000000000000000000000000000000000000000
0000000000000000000000000000000000000000000000000000000000000000000000
0000000000000000000000000000000000000000000000000000000000000000000000
0000000000000000000000000000000000000000000000000000000000000000000000
0000000000000000000000000000000000000000000000000000000000000000000000
0000000000000000000000000000000000000000000000000000000000000000000000
0000000000000000000000000000000000000000000000000000000000000000000000
0000000000000000000000000000000000000000000000000000000000000000000000
0000000000000000000000000000000000000000000000000000000000000000000000
0000000000000000000000000000000000000000000000000000000000000000000000
0000000000000000000000000000000000000000000000000000000000000000000000
0000000000000000000000000000000000000000000000000000000000000000000000
0000000000000000000000000000000000000000000000000000000000000000000000
0000000000000000000000000000000000000000000000000000000000000000000000
0000000000000000000000000000000000000000000000000000000000000000000000
0000000000000000000000000000000000000000000000000000000000000000000000
0000000000000000000000000000000000000000000000000000000000000000000000
0000000000000000000000000000000000000000000000000000000000000000000000
0000000000000000000000000000000000000000000000000000000000000000000000
0000000000000000000000000000000000000000000000000000000000000000000000
0000000000000000000000000000000000000000000000000000000000000000000000
0000000000000000000000000000000000000000000000000000000000000000000000
0000000000000000000000000000000000000000000000000000000000000000000000
0000000000000000000000000000000000000000000000000000000000000000000000
0000000000000000000000000000000000000000000000000000000000000000000000
0000000000000000000000000000000000000000000000000000000000000000000000
0000000000000000000000000000000000000000000000000000000000000000000000
0000000000000000000000000000000000000000000000000000000000000000000000
0000000000000000000000000000000000000000000000000000000000000000000000
0000000000000000000000000000000000000000000000000000000000000000000000
0000000000000000000000000000000000000000000000000000000000000000000000
0000000000000000000000000000000000000000000000000000000000000000000000
0000000000000000000000000000000000000000000000000000000000000000000000
0000000000000000000000000000000000000000000000000000000000000000000000
0000000000000000000000000000000000000000000000000000000000000000000000
0000000000000000000000000000000000000000000000000000000000000000000000
0000000000000000000000000000000000000000000000000000000000000000000000
0000000000000000000000000000000000000000000000000000000000000000000000
0000000000000000000000000000000000000000000000000000000000000000000000
0000000000000000000000000000000000000000000000000000000000000000000000
0000000000000000000000000000000000000000000000000000000000000000000000
0000000000000000000000000000000000000000000000000000000000000000000000
0000000000000000000000000000000000000000000000000000000000000000000000
0000000000000000000000000000000000000000000000000000000000000000000000
0000000000000000000000000000000000000000000000000000000000000000000000
0000000000000000000000000000000000000000000000000000000000000000000000
0000000000000000000000000000000000000000000000000000000000000000000000
0000000000000000000000000000000000000000000000000000000000000000000000
0000000000000000000000000000000000000000000000000000000000000000000000
0000000000000000000000000000000000000000000000000000000000000000000000
0000000000000000000000000000000000000000000000000000000000000000000000
0000000000000000000000000000000000000000000000000000000000000000000000
0000000000000000000000000000000000000000000000000000000000000000000000
0000000000000000000000000000000000000000000000000000000000000000000000
0000000000000000000000000000000000000000000000000000000000000000000000
0000000000000000000000000000000000000000000000000000000000000000000000
0000000000000000000000000000000000000000000000000000000000000000000000
0000000000000000000000000000000000000000000000000000000000000000000000
0000000000000000000000000000000000000000000000000000000000000000000000
0000000000000000000000000000000000000000000000000000000000000000000000
0000000000000000000000000000000000000000000000000000000000000000000000
0000000000000000000000000000000000000000000000000000000000000000000000
0000000000000000000000000000000000000000000000000000000000000000000000
0000000000000000000000000000000000000000000000000000000000000000000000
0000000000000000000000000000000000000000000000000000000000000000000000
0000000000000000000000000000000000000000000000000000000000000000000000
0000000000000000000000000000000000000000000000000000000000000000000000
0000000000000000000000000000000000000000000000000000000000000000000000
0000000000000000000000000000000000000000000000000000000000000000000000
0000000000000000000000000000000000000000000000000000000000000000000000
0000000000000000000000000000000000000000000000000000000000000000000000
0000000000000000000000000000000000000000000000000000000000000000000000
0000000000000000000000000000000000000000000000000000000000000000000000
0000000000000000000000000000000000000000000000000000000000000000000000
0000000000000000000000000000000000000000000000000000000000000000000000
0000000000000000000000000000000000000000000000000000000000000000000000
0000000000000000000000000000000000000000000000000000000000000000000000
0000000000000000000000000000000000000000000000000000000000000000000000
0000000000000000000000000000000000000000000000000000000000000000000000
0000000000000000000000000000000000000000000000000000000000000000000000
0000000000000000000000000000000000000000000000000000000000000000000000
0000000000000000000000000000000000000000000000000000000000000000000000
0000000000000000000000000000000000000000000000000000000000000000000000
0000000000000000000000000000000000000000000000000000000000000000000000
0000000000000000000000000000000000000000000000000000000000000000000000
0000000000000000000000000000000000000000000000000000000000000000000000
0000000000000000000000000000000000000000000000000000000000000000000000
0000000000000000000000000000000000000000000000000000000000000000000000
0000000000000000000000000000000000000000000000000000000000000000000000
0000000000000000000000000000000000000000000000000000000000000000000000
