1111111111111111111111111111111111111111111111111111111111111111111111
1000000000000000000000000000000000000000000000000000000000000000000001
0111111111111111111111111111111111111111111111111111111111111111111100
0100000000000000000000000000000000000000000000000000000000000000000111
0011111111111111111111111111111111111111111111111111111111111111110101
1010000000000000000000000000000000000000000000000000000000000000010000
0001111111111111111111111111111111111111111111111111111111111111001111
1101000000000000000000000000000000000000000000000000000000000001101001
1100111111111111111111111111111111111111111111111111111111111101100100
1110100000000000000000000000000000000000000000000000000000000101110011
1010011111111111111111111111111111111111111111111111111111110001011011
0001010000000000000000000000000000000000000000000000000000011100011011
1100001111111111111111111111111111111111111111111111111111010111011011
1111101000000000000000000000000000000000000000000000000001000101011011
1000100111111111111111111111111111111111111111111111111100110000011011
0110010100000000000000000000000000000000000000000000000110111111011011
0111000011111111111111111111111111111111111111111111110110100001011011
0101111010000000000000000000000000000000000000000000010110011100011011
0001001001111111111111111111111111111111111111111111000111010111011011
1100100101000000000000000000000000000000000000000001110101000101011011
1110010000111111111111111111111111111111111111111101010000110000011011
1011001110100000000000000000000000000000000000000100001110111111011011
0011101010011111111111111111111111111111111111110011101010100001011011
1010100001010000000000000000000000000000000000011010100000011100011011
0000011100001111111111111111111111111111111111011000011111010111011011
1111010111101000000000000000000000000000000001011111010001000101011011
1001000100100111111111111111111111111111111100010001001100110000011011
0100110010010100000000000000000000000000000111001100101110111111011011
0010111001000011111111111111111111111111110101101110001010100001011011
1000101100111010000000000000000000000000010001101011100000011100011011
0110001110101001111111111111111111111111001101100010111111010111011011
0111101010000101000000000000000000000001101101111000100001000101011011
0100100001110000111111111111111111111101101101001110011100110000011011
0010011101011110100000000000000000000101101100101011010110111111011011
1001010100010010011111111111111111110001101110000011000110100001011011
0100000011001001010000000000000000011101101011111011110110011100011011
0011111011100100001111111111111111010101100010001010010111010111011011
1010001010110011101000000000000001000001111001100001000101000101011011
0001100000111010100111111111111100111101001101111100110000110000011011
1101111110101000010100000000000110100100101101000110111110111111011011
1101000010000111000011111111110110010010001100110110100010100001011011
1100111001110101111010000000010111001001101110110110011000011100011011
1110101101010001001001111111000101100101101010110111011111010111011011
1010001100001100100101000001110001110001100000110101010001000101011011
0001101111101110010000111101011101011101111110110000001100110000011011
1101101000101011001110100100010100010101000010111111101110111111011011
1101100110000011101010010011000011000000111000100000101010100001011011
1101110111111010100001001011111011111110101110011110000000011100011011
1101010100001000011100100010001010000010001011010011111111010111011011
1100000011100111010110011001100001111001100011001010000001000101011011
1111111010110101000111011101111101001101111011100001111100110000011011
1000001000110000110101010101000100101101001010111101000110111111011011
0111100110111110110000000000110010001100100000100100110110100001011011
0100110110100010111111111110111001101110011110010010110110011100011011
0010110110011000100000000010101101101011010011001000110111010111011011
1000110111011110011111111000001101100011001011100110110101000101011011
0110110101010011010000001111101101111011100010110110110000110000011011
0110110000001011001111101000101101001010111000110110111110111111011011
0110111111100011101000100110001100100000101110110110100010100001011011
0110100000111010100110010111101110011110001010110110011000011100011011
0110011110101000010111000100101011010011100000110111011111010111011011
0111010010000111000101110010000011001010111110110101010001000101011011
0101001001110101110001011001111011100000100010110000001100110000011011
0000100101010001011100011101001010111110011000111111101110111111011011
1110010000001100010111010100100000100011011110100000101010100001011011
1011001111101111000101000010011110011011010010011110000000011100011011
0011101000101001110000111001010011011011001001010011111111010111011011
1010100110000101011110101100001011011011100100001010000001000101011011
0000010111110000010010001111100011011010110011100001111100110000011011
1111000100011111001001101000111011011000111010111101000110111111011011
1001110011010001100101100110101011011110101000100100110110100001011011
0101011011001101110001110110000011010010000110010010110110011100011011
0000011011101101011101010111111011001001110111001000110111010111011011
1111011010101100010100000100001011100101010101100110110101000101011011
1001011000001111000011110011100010110000000001110110110000110000011011
0100011111101001111010011010111000111111111101010110111110111111011011
0011010000100101001001011000101110100000000100000110100010100001011011
1011001110010000100100011110001010011111110011110110011000011100011011
0011101011001110010011010011100001010000011010010111011111010111011011
1010100011101011001011001010111100001111011001000101010001000101011011
0000011010100011100011100000100111101001011100110000001100110000011011
1111011000011010111010111110010100100100010110111111101110111111011011
1001011111011000101000100011000010010011000110100000101010100001011011
0100010001011110000110011011111001001011110110011110000000011100011011
0011001100010011110111011010001100100010010111010011111111010111011011
1011101111001010010101011001101110011001000101001010000001000101011011
0010101001100001000000011101101011011100110000100001111100110000011011
1000000101111100111111010101100011010110111110011101000110111111011011
0111110001000110100001000001111011000110100011010100110110100001011011
0100011100110110011100111101001011110110011011000010110110011100011011
0011010110110111010110100100100010010111011011111000110111010111011011
1011000110110101000110010010011001000101011010001110110101000101011011
0011110110110000110111001001011100110000011001101010110000110000011011
1010010110111110110101100100010110111111011101100000111110111111011011
0001000110100010110001110011000110100001010101111110100010100001011011
1100110110011000111101011011110110011100000001000010011000011100011011
1110110111011110100100011010010111010111111100111001011111010111011011
1010110101010010010011011001000101000100000110101100010001000101011011
0000110000001001001011011100110000110011110110001111001100110000011011
1110111111100100100011010110111110111010010111101001101110111111011011
1010100000110010011011000110100010101001000100100101101010100001011011
0000011110111001011011110110011000000100110010010001100000011100011011
1111010010101100011010010111011111110010111001001101111111010111011011
1001001000001111011001000101010000011000101100101101000001000101011011
0100100111101001011100110000001111011110001110001100111100110000011011
0010010100100100010110111111101001010011101011101110100110111111011011
1001000010010011000110100000100100001010100010101010010110100001011011
0100111001001011110110011110010011100000011000000001000110011100011011
0010101100100010010111010011001010111111011111111100110111010111011011
1000001110011001000101001011100000100001010000000110110101000101011011
0111101011011100110000100010111110011100001111110110110000110000011011
0100100011010110111110011000100011010111101000010110111110111111011011
0010011011000110100011011110011011000100100111000110100010100001011011
1001011011110110011011010011011011110010010101110110011000011100011011
0100011010010111011011001011011010011001000001010111011111010111011011
0011011001000101011011100011011001011100111100000101010001000101011011
1011011100110000011010111011011100010110100111110000001100110000011011
0011010110111111011000101011010111000110010100011111101110111111011011
1011000110100001011110000011000101110111000011010000101010100001011011
0011110110011100010011111011110001010101111011001110000000011100011011
1010010111010111001010001010011100000001001011101011111111010111011011
0001000101000101100001100001010111111100100010100010000001000101011011
1100110000110001111101111100000100000110011000011001111100110000011011
1110111110111101000101000111110011110111011111011101000110111111011011
1010100010100100110000110100011010010101010001010100110110100001011011
0000011000010010111110110011011001000000001100000010110110011100011011
1111011111001000100010111011011100111111101111111000110111010111011011
1001010001100110011000101011010110100000101000001110110101000101011011
0100001101110111011110000011000110011110000111101010110000110000011011
0011101101010101010011111011110111010011110100100000111110111111011011
1010101100000000001010001010010101001010010010011110100010100001011011
0000001111111111100001100001000000100001001001010010011000011100011011
1111101000000000111101111100111110011100100100001001011111010111011011
1000100111111110100101000110100011010110010011100100010001000101011011
0110010100000010010000110110011011000111001010110011001100110000011011
0111000011111001001110110111011011110101100000111011101110111111011011
0101111010001100101010110101011010010001111110101010101010100001011011
0001001001101110000000110000011001001101000010000000000000011100011011
1100100101101011111110111111011100101100111001111111111111010111011011
1110010001100010000010100001010110001110101101000000000001000101011011
1011001101111001111000011100000111101010001100111111111100110000011011
0011101101001101001111010111110100100001101110100000000110111111011011
1010101100101100101001000100010010011101101010011111110110100001011011
0000001110001110000100110011001001010101100001010000010110011100011011
1111101011101011110010111011100100000001111100001111000111010111011011
1000100010100010011000101010110011111101000111101001110101000101011011
0110011000011001011110000000111010000100110100100101010000110000011011
0111011111011100010011111110101001110010110010010000001110111111011011
0101010001010111001010000010000101011000111001001111101010100001011011
0000001100000101100001111001110000011110101100101000100000011100011011
1111101111110001111101001101011111010010001110000110011111010111011011
1000101000011101000100101100010001001001101011110111010001000101011011
0110000111010100110010001111001100100101100010010101001100110000011011
0111110101000010111001101001101110010001111001000000101110111111011011
0100010000111000101101100101101011001101001100111110001010100001011011
0011001110101110001101110001100011101100101110100011100000011100011011
1011101010001011101101011101111010101110001010011010111111010111011011
0010100001100010101100010101001000001011100001011000100001000101011011
1000011101111000001111000000100111100010111100011110011100110000011011
0111010101001111101001111110010100111000100111010011010110111111011011
0101000000101000100101000011000010101110010101001011000110100001011011
0000111110000110010000111011111000001011000000100011110110011100011011
1110100011110111001110101010001111100011111110011010010111010111011011
1010011010010101101010000001101000111010000011011001000101000101011011
0001011001000001100001111101100110101001111011011100110000110000011011
1100011100111101111101000101110110000101001011010110111110111111011011
1111010110100101000100110001010111110000100011000110100010100001011011
1001000110010000110010111100000100011110011011110110011000011100011011
0100110111001110111000100111110011010011011010010111011111010111011011
0010110101101010101110010100011011001011011001000101010001000101011011
1000110001100000001011000011011011100011011100110000001100110000011011
0110111101111111100011111011011010111011010110111111101110111111011011
0110100101000000111010001011011000101011000110100000101010100001011011
0110010000111110101001100011011110000011110110011110000000011100011011
0111001110100010000101111011010011111010010111010011111111010111011011
0101101010011001110001001011001010001001000101001010000001000101011011
0001100001011101011100100011100001100100110000100001111100110000011011
1101111100010100010110011010111101110010111110011101000110111111011011
1101000111000011000111011000100101011000100011010100110110100001011011
1100110101111011110101011110010000011110011011000010110110011100011011
1110110001001010010000010011001111010011011011111000110111010111011011
1010111100100001001111001011101001001011011010001110110101000101011011
0000100110011100101001100010100100100011011001101010110000110000011011
1110010111010110000101111000010010011011011101100000111110111111011011
1011000101000111110001001111001001011011010101111110100010100001011011
0011110000110100011100101001100100011011000001000010011000011100011011
1010011110110011010110000101110011011011111100111001011111010111011011
0001010010111011000111110001011011011010000110101100010001000101011011
1100001000101011110100011100011011011001110110001111001100110000011011
1111100110000010010011010111011011011101010111101001101110111111011011
1000110111111001001011000101011011010100000100100101101010100001011011
0110110100001100100011110000011011000011110010010001100000011100011011
0110110011101110011010011111011011111010011001001101111111010111011011
0110111010101011011001010001011010001001011100101101000001000101011011
0110101000000011011100001100011001100100010110001100111100110000011011
0110000111111011010111101111011101110011000111101110100110111111011011
0111110100001011000100101001010101011011110100101010010110100001011011
0100010011100011110010000100000000011010010010000001000110011100011011
0011001010111010011001110011111111011001001001111100110111010111011011
1011100000101001011101011010000001011100100101000110110101000101011011
0010111110000100010100011001111100010110010000110110110000110000011011
1000100011110011000011011101000111000111001110110110111110111111011011
0110011010011011111011010100110101110101101010110110100010100001011011
0111011001011010001011000010110001010001100000110110011000011100011011
0101011100011001100011111000111100001101111110110111011111010111011011
0000010111011101111010001110100111101101000010110101010001000101011011
1111000101010101001001101010010100101100111000110000001100110000011011
1001110000000000100101100001000010001110101110111111101110111111011011
0101011111111110010001111100111001101010001010100000101010100001011011
0000010000000011001101000110101101100001100000011110000000011100011011
