0000101000000111111100101110001101110011110000110011000000110110111011
0001000100001100000111001011011101011110011001111111100001110110101011
0010101010011110001101110011010100010011111111000000110011010110000011
0100000001110011011101011111000010101110000001100001111111000111000111
1010000011011111010100010001100100001011000011110011000001101101101101
0001000111010001000010101011111010010011100110011111100011101101101101
0010101101001010100100000010001001101110111111110000110110101101101101
0100001100110000011010000101010111101010100000011001110110001101101101
1010011111111000111001001000000100100000010000111111010111011101101101
0001110000001101101110110100001011010000101001100001000101010101101101
0011011000011101101010110010010011001001000111110010101000000001101101
0111011100110101100000111101101111110110101100011100000100000011101101
1101010111110001110001100101101000010110001110110110001010000110101101
1100000100011011011011111001100100100111011010110111010001001110001101
1110001010111011011010001111111011011101011000110101001010111011011101
1011010000101011011001011000001011010100011101110000110000101011010101
0011001001000011011110011100010011000010110101011001111001000011000001
0111110110100111010011110110101111100100110000011111001110100111100011
1100010110011101001110010110001000111011111000110001111010011100110111
1110100111110100111011100111010101101010001101111011001001110111110101
1010011100010011101010111101000001100001011101001011110111010100010001
0001110110101110100000100100100011110010010100110010010101000010101011
0011010110001010010001011011010110011101100011111101100000100100000011
0111000111010001101010011011000111110101110110000101110001011010000111
1101101101001011100001111011101100010001010111001001011010011001001101
1101101100110010110011001010101110101010000101110110011001111110111101
1101101111111100111111110000001010000001001001010111111111000010100101
1101101000000111100000011000010001000010110110000100000001100100011001
1101100100001100110000111100101010100100110111001010000011111010111111
1101111010011111111001100111000000011011110101110001000110001000100001
1101001001110000001111111101100000111010010001011010101111010101010011
1100110111011000011000000101110001101001101010011000001001000000001111
1111110101011100111100001001011011100111100001111100010110100000011001
1000010000010111100110010110011010111100110011000110100110010000111111
0100101000100100111111100111111000100111111111101110011111101001100001
1011000101011011100000111100001101011100000000101011110000100111110011
0011101000011010110001100110011100010110000001000010011001011100011111
0110100100111000111011111111110110100111000010100101111110010110110001
1110011011101101101010000000010110011101100100011001000011100110111011
1011111010101101100001000000100111110101111010111110100110111110101011
0010001000001101110010100001011100010001001000100010011110100010000011
0101010100011101011100010010010110101010110101010101110010010101000111
1000000010110100010110101101100110000000110000000001011101100000101101
0100000100110010100110001101111111000001111000000010010101110001001101
1010001011111100011111011101000001100011001100000101100001011010111101
0001010010000110110001010100100011110111111110001001110010011000100101
0010001101001110111010000011010110010100000011010111011101111101011001
0101011100111010101001000111000111100010000111000101010101000100011111
1000010111101000000110101101101100110101001101101000000000101010110001
0100100100100100001110001101101111110000111101100100000001000000111011
1011011011011010011011011101101000011001100101111010000010100001101011
0011011011011001111011010101100100111111111001001001000100010011100011
0111011011011111001011000001111011100000001110110110101010101110110111
1101011011010001110011100011001010110000011010110110000000001010110101
1100011011001011011110110111110000111000111000110111000000010000110001
1110111011110011010010110100011001101101101101110101100000101001111011
1010101010011111001100110010111111101101101101010001110001000111001011
0000000001110001111111111100100000101101101100001011011010101101110011
0000000011011011000000000111010001001101101110010011011000001101011111
0000000111011011100000001101001010111101101011101111011100011100010001
0000001101011010110000011100110000100101100010101001010110110110101011
0000011100011000111000110111111001011001110100000110000110110110000011
0000110110111101101101110100001110011111010010001111001110110111000111
0001110110100101101101010010011011110001001101011001111010110101101101
0011010110011001101100001101111010011010111100011111001000110001101101
0111000111111111101110011101001001111000100110110001110101111011101101
1101101100000000101011110100110111001101011110111011010001001010101101
1101101110000001000010010011110101111100010010101011001010110000001101
1101101011000010100101101110010001000110101100000011110000111000011101
1101100011100100011001101011101010101110001110000110011001101100110101
1101110110111010111111100010100000001011011011001111111111101111110001
1101010110101000100000110100010000010011011011111000000000101000011011
1100000110000101010001110010101000101111011010001100000001000100111011
1110001111001000001011011100000101001001011001011110000010101011101011
1011011001110100010011010110001000110110011110010011000100000010100011
0011011111010010101111000111010101110111110011101111101010000100010111
0111010001001100001001101101000001010100011110101000100001001010100101
1101001010111110010111101100100010000010110010000101010010110000011001
1100110000100011100100101111010101000100111101001000001100111000111111
1111111001010110111011001001000000101011100100110100011111101101100001
1000001110000110101011110110100001000010111011110010110000101101110011
0100011011001110000010010110010010100100101010011100111001001101011111
1010111011111011000101100111101100011011000001110111101110111100010001
0000101010001011101001111100101110111011100011010100101010100110101011
0001000001010010100111000111001010101010110111000011000000011110000011
0010100010001100011101101101110000000000110101100111100000110011000111
0100010101011110110101101101011000000001110001111100110001111111101101
1010100000010010110001101100011100000011011011000111111011000000101101
0000010000101100111011101110110110000111011011101100001011100001001101
0000101001001111101010101010110111001101011010101110010010110010111101
0001000110111000100000000000110101111100011000001011101100111100100101
0010101110101101010000000001110001000110111100010010101111100111011001
0100001010001100001000000011011010101110100110101100001000111101011111
1010010001011110010100000111011000001010011110001110010101100100010001
0001101010010011100010001101011100010001110011011011100001111010101011
0011100001101110110101011100010110101011011111011010110011001000000011
0110110011101010110000010110100110000011010001011000111111110100000111
1110111110100000111000100110011111000111001010011101100000010010001101
1010100010010001101101011111110001101101110001110101110000101101011101
0000010101101011101100010000011011101101011011010001011001001100010101
0000100001100010101110101000111010101100011011001010011110111110100001
0001010011110100001010000101101000001110111011110001110010100010010011
0010001110010010010001001001100100011010101010011011011100010101101111
0101011011101101101010110111111010111000000001111011010110100001101001
1000011010101101100000110100001000101100000011001011000110010011100111
0100111000001101110001110010010101001110000111110011101111101110111101
1011101100011101011011011101100000111011001100011110101000101010100101
0010101110110100011011010101110001101011111110110010000101000000011001
0100001010110010111011000001011011100010000010111101001000100000111111
1010010000111100101011100010011010110101000100100100110101010001100001
0001101001100111000010110101111000110000101011011011110000001011110011
0011100111111101100100110001001101111001000011011010011000010010011111
0110111100000101111011111010111101001110100111011001111100101101110001
1110100110001001001010001000100100111010011101011111000111001101011011
1010011111010110110001010101011011101001110100010001101101111100011011
0001110001000110111010000000011010100111010010101011101101000110111011
0011011010101110101001000000111000011101001100000010101100101110101011
0111011000001010000110100001101100110100111110000100001111001010000011
1101011100010001001110010011101111110011100011001010011001110001000111
1100010110101010111011101110101000011110110111110001111111011010101101
1110100110000000101010101010000100110010110100011011000001011000001101
1010011111000001000000000001001011111100110010111011100010011100011101
0001110001100010100000000010110010000111111100101010110101110110110101
0011011011110100010000000100111101001100000111000000110001010110110001
0111011010010010101000001011100100111110001101100001111010000110111011
1101011001101100000100010010111011100011011101110011001001001110101011
1100011111101110001010101100101010110111010101011111110110111010000011
1110110000101011010000001111000000110101000000010000010110101001000111
1010111001000011001000011001100001110000100000101000100110000110101101
0000101110100111110100111111110011011001010001000101011111001110001101
0001001010011100010011100000011111011110001010101000010001111011011101
0010110001110110101110110000110001010011010000000100101011001011010101
0100111011010110001010111001111010001111001000001011000011110011000001
1011101011000111010000101111001001011001110100010011100110011111100011
0010100011101101001001001001110110011111010010101110111111110000110111
0100010110101100110110110111010111110001001100001010100000011001110101
1010100110001111110110110101000100011010111110010000010000111111010001
0000011111011000010110110000101010111000100011101000101001100001001011
0000110001011100100110111001000000101101010110100101000111110010110011
0001111010010111011110101110100001001100000110011000101100011100111111
0011001001100101010010001010010010111110001111111101001110110111100001
0111110111111000001101010001101100100011011000000100111010110100110011
1100010100001100011100001011101111010111011100001011101000110011111111
1110100010011110110110010010101001000101010110010010100101111110000001
1010010101110010110111101100000110101000000111101100011001000011000011
0001100001011100110100101110001110000100001100101110111110100111100111
0011110010010111110011001011011011001010011111001010100010011100111101
0110011101100100011111110011011011110001110001110000010101110111100101
1111110101111010110000011111011010011011011011011000100001010100111001
1000010001001000111000110001011001111011011011011101010010000011101111
0100101010110101101101111010011111001011011011010100001101000110101001
1011000000110001101101001001110001110011011011000010011100101110000111
0011100001111011101100110111011011011111011011100101110111001011001101
0110110011001010101111110101011011010001011010111001010101110011111101
1110111111110000001000010000011011001010011000101110000001011110000101
1010100000011000010100101000111011110001111101001011000010010011001001
0000010000111100100011000101101010011011000100110011100101101111110111
0000101001100111010111101001100001111011101011111110111001101000010101
0001000111111101000100100111110011001010100010000010101111100100100001
0010101100000100101011011100011111110000010101000100001000111011010011
0100001110001011000011010110110000011000100000101010010101101011001111
1010011011010011100111000110111000111101010001000001100001100011111001
0001111011001110111101101110101101100100001010100011110011110110001111
0011001011111010100101101010001101111010010000010110011110010111011001
0111110010001000011001100001011101001001101000100111110011100101011111
1100011101010100111111110010010100110111100101011100011110111000010001
1110110100000011100000011101100011110100111000010110110010101100101011
1010110010000110110000110101110110010011101100100110111100001111000011
0000111101001110111001110001010111101110101111011110100110011001100111
0001100100111010101111011010000100101010001001010010011111111111111101
0011111011101000001001011001001011000001010110001101110000000000000101
0110001010100100010110011110110011100010000111011101011000000000001001
1111010000011010100111110010111110110101001101010100011100000000010111
1001001000111000011100011100100010110000111100000010110110000000100101
0110110101101100110110110111010100111001100110000100110111000001011001
1110110001101111110110110101000011101111111111001011110101100010011111
1010111011101000010110110000100110101000000001110010010001110101110001
0000101010100100100110111001011110000100000011011101101011010001011011
0001000000011011011110101110010011001010000111010101100011001010011011
0010100000111011010010001011101111110001001101000001110111110001111011
0100010001101011001101010010101000011010111100100011010100011011001011
1010101011100011111100001100000100111000100111010111000010111011110011
0000000010110110000110011110001011101101011101000101100100101010011111
0000000100110111001111110011010010101100010100101001111011000001110001
0000001011110101111000011111001100001110100011000111001011100011011011
0000010010010001001100110001111110011010010111101101110010110111011011
0000101101101010111111111011000011111001100100101101011100110101011011
0001001101100000100000001011100110001111111011001100010111110000011011
0010111101110001010000010010111111011000001011111110100100011000111011
0100100101011010001000101100100001011100010010000010011010111101101011
1011011000011001010101001111010010010110101101000101111000100101100011
0011011100111110000000111001001101100110001100101001001101011001110111
0111010111100011000001101110111101111111011111000110111100011111010101
1101000100110111100011101010100101000001010001101110100110110001000001
1100101011110100110110100000011000100010001011101010011110111010100011
1111000010010011110110010000111101010101010010100001110010101000010111
1001100101101110010111101001100100000000001100010011011100000100100101
0111111001101011100100100111111010000000011110101111010110001011011001
1100001111100010111011011100001001000000110010001001000111010011011111
1110011000110100101011010110010110100001111101010110101101001111010001
1011111101110011000011000111100110010011000100000110001100111001001011
0010000101011111100111101100111111101111101010001111011111101110110011
0101001000010000111100101111100000101000100001011001010000101010111111
1000110100101001100111001000110001000101010010011110001001000000100001
0101110011000111111101110101111010101000001101110011010110100001010011
1001011111101100000101010001001000000100011101011111000110010010001111
0110010000101110001000001010110100001010110100010001101111101101011001
1111101001001011010100010000110010010000110010101011101000101100011111
1000100110110011000010101001111101101001111100000010100101001110110001
0101011110111111100100000111000101100111000110000100011000111010111011
