1000010010100000111011111101111001111101111111111011111111101000101011
0111101100011111101010000101001111000101000000001010000000100111000011
1100101111110000100001111000111001111000111111110001111111011101111111
1111001000011111011111001111101111001111100000011111000001010101000001
1001110111110001010001111000101001111000111111110001111110000000111111
0111010100011110001111001111000111001111100000011111000011111111100001
1101000011110011111001111001111101111000111111110001111110000000111111
1100111110011110001111001111000101001111100000011111000011111111100001
1111100011110011111001111001111000111000111111110001111110000000111111
1000111110011110001111001111001111101111100000011111000011111111100001
0111100011110011111001111001111000101000111111110001111110000000111111
1100111110011110001111001111001111000111100000011111000011111111100001
1111100011110011111001111001111001111100111111110001111110000000111111
1000111110011110001111001111001111000111100000011111000011111111100001
0111100011110011111001111001111001111100111111110001111110000000111111
1100111110011110001111001111001111000111100000011111000011111111100001
1111100011110011111001111001111001111100111111110001111110000000111111
1000111110011110001111001111001111000111100000011111000011111111100001
0111100011110011111001111001111001111100111111110001111110000000111111
1100111110011110001111001111001111000111100000011111000011111111100001
1111100011110011111001111001111001111100111111110001111110000000111111
1000111110011110001111001111001111000111100000011111000011111111100001
0111100011110011111001111001111001111100111111110001111110000000111111
1100111110011110001111001111001111000111100000011111000011111111100001
1111100011110011111001111001111001111100111111110001111110000000111111
1000111110011110001111001111001111000111100000011111000011111111100001
0111100011110011111001111001111001111100111111110001111110000000111111
1100111110011110001111001111001111000111100000011111000011111111100001
1111100011110011111001111001111001111100111111110001111110000000111111
1000111110011110001111001111001111000111100000011111000011111111100001
0111100011110011111001111001111001111100111111110001111110000000111111
1100111110011110001111001111001111000111100000011111000011111111100001
1111100011110011111001111001111001111100111111110001111110000000111111
1000111110011110001111001111001111000111100000011111000011111111100001
0111100011110011111001111001111001111100111111110001111110000000111111
1100111110011110001111001111001111000111100000011111000011111111100001
1111100011110011111001111001111001111100111111110001111110000000111111
1000111110011110001111001111001111000111100000011111000011111111100001
0111100011110011111001111001111001111100111111110001111110000000111111
1100111110011110001111001111001111000111100000011111000011111111100001
1111100011110011111001111001111001111100111111110001111110000000111111
1000111110011110001111001111001111000111100000011111000011111111100001
0111100011110011111001111001111001111100111111110001111110000000111111
1100111110011110001111001111001111000111100000011111000011111111100001
1111100011110011111001111001111001111100111111110001111110000000111111
1000111110011110001111001111001111000111100000011111000011111111100001
0111100011110011111001111001111001111100111111110001111110000000111111
1100111110011110001111001111001111000111100000011111000011111111100001
1111100011110011111001111001111001111100111111110001111110000000111111
1000111110011110001111001111001111000111100000011111000011111111100001
0111100011110011111001111001111001111100111111110001111110000000111111
1100111110011110001111001111001111000111100000011111000011111111100001
1111100011110011111001111001111001111100111111110001111110000000111111
1000111110011110001111001111001111000111100000011111000011111111100001
0111100011110011111001111001111001111100111111110001111110000000111111
1100111110011110001111001111001111000111100000011111000011111111100001
1111100011110011111001111001111001111100111111110001111110000000111111
1000111110011110001111001111001111000111100000011111000011111111100001
0111100011110011111001111001111001111100111111110001111110000000111111
1100111110011110001111001111001111000111100000011111000011111111100001
1111100011110011111001111001111001111100111111110001111110000000111111
1000111110011110001111001111001111000111100000011111000011111111100001
0111100011110011111001111001111001111100111111110001111110000000111111
1100111110011110001111001111001111000111100000011111000011111111100001
1111100011110011111001111001111001111100111111110001111110000000111111
1000111110011110001111001111001111000111100000011111000011111111100001
0111100011110011111001111001111001111100111111110001111110000000111111
1100111110011110001111001111001111000111100000011111000011111111100001
1111100011110011111001111001111001111100111111110001111110000000111111
1000111110011110001111001111001111000111100000011111000011111111100001
0111100011110011111001111001111001111100111111110001111110000000111111
1100111110011110001111001111001111000111100000011111000011111111100001
1111100011110011111001111001111001111100111111110001111110000000111111
1000111110011110001111001111001111000111100000011111000011111111100001
0111100011110011111001111001111001111100111111110001111110000000111111
1100111110011110001111001111001111000111100000011111000011111111100001
1111100011110011111001111001111001111100111111110001111110000000111111
1000111110011110001111001111001111000111100000011111000011111111100001
0111100011110011111001111001111001111100111111110001111110000000111111
1100111110011110001111001111001111000111100000011111000011111111100001
1111100011110011111001111001111001111100111111110001111110000000111111
1000111110011110001111001111001111000111100000011111000011111111100001
0111100011110011111001111001111001111100111111110001111110000000111111
1100111110011110001111001111001111000111100000011111000011111111100001
1111100011110011111001111001111001111100111111110001111110000000111111
1000111110011110001111001111001111000111100000011111000011111111100001
0111100011110011111001111001111001111100111111110001111110000000111111
1100111110011110001111001111001111000111100000011111000011111111100001
1111100011110011111001111001111001111100111111110001111110000000111111
1000111110011110001111001111001111000111100000011111000011111111100001
0111100011110011111001111001111001111100111111110001111110000000111111
1100111110011110001111001111001111000111100000011111000011111111100001
1111100011110011111001111001111001111100111111110001111110000000111111
1000111110011110001111001111001111000111100000011111000011111111100001
0111100011110011111001111001111001111100111111110001111110000000111111
1100111110011110001111001111001111000111100000011111000011111111100001
1111100011110011111001111001111001111100111111110001111110000000111111
1000111110011110001111001111001111000111100000011111000011111111100001
0111100011110011111001111001111001111100111111110001111110000000111111
1100111110011110001111001111001111000111100000011111000011111111100001
1111100011110011111001111001111001111100111111110001111110000000111111
1000111110011110001111001111001111000111100000011111000011111111100001
0111100011110011111001111001111001111100111111110001111110000000111111
1100111110011110001111001111001111000111100000011111000011111111100001
1111100011110011111001111001111001111100111111110001111110000000111111
1000111110011110001111001111001111000111100000011111000011111111100001
0111100011110011111001111001111001111100111111110001111110000000111111
1100111110011110001111001111001111000111100000011111000011111111100001
1111100011110011111001111001111001111100111111110001111110000000111111
1000111110011110001111001111001111000111100000011111000011111111100001
0111100011110011111001111001111001111100111111110001111110000000111111
1100111110011110001111001111001111000111100000011111000011111111100001
1111100011110011111001111001111001111100111111110001111110000000111111
1000111110011110001111001111001111000111100000011111000011111111100001
0111100011110011111001111001111001111100111111110001111110000000111111
1100111110011110001111001111001111000111100000011111000011111111100001
1111100011110011111001111001111001111100111111110001111110000000111111
1000111110011110001111001111001111000111100000011111000011111111100001
0111100011110011111001111001111001111100111111110001111110000000111111
1100111110011110001111001111001111000111100000011111000011111111100001
1111100011110011111001111001111001111100111111110001111110000000111111
1000111110011110001111001111001111000111100000011111000011111111100001
0111100011110011111001111001111001111100111111110001111110000000111111
1100111110011110001111001111001111000111100000011111000011111111100001
1111100011110011111001111001111001111100111111110001111110000000111111
1000111110011110001111001111001111000111100000011111000011111111100001
0111100011110011111001111001111001111100111111110001111110000000111111
1100111110011110001111001111001111000111100000011111000011111111100001
1111100011110011111001111001111001111100111111110001111110000000111111
1000111110011110001111001111001111000111100000011111000011111111100001
0111100011110011111001111001111001111100111111110001111110000000111111
1100111110011110001111001111001111000111100000011111000011111111100001
1111100011110011111001111001111001111100111111110001111110000000111111
1000111110011110001111001111001111000111100000011111000011111111100001
0111100011110011111001111001111001111100111111110001111110000000111111
1100111110011110001111001111001111000111100000011111000011111111100001
1111100011110011111001111001111001111100111111110001111110000000111111
1000111110011110001111001111001111000111100000011111000011111111100001
0111100011110011111001111001111001111100111111110001111110000000111111
1100111110011110001111001111001111000111100000011111000011111111100001
1111100011110011111001111001111001111100111111110001111110000000111111
1000111110011110001111001111001111000111100000011111000011111111100001
0111100011110011111001111001111001111100111111110001111110000000111111
1100111110011110001111001111001111000111100000011111000011111111100001
1111100011110011111001111001111001111100111111110001111110000000111111
1000111110011110001111001111001111000111100000011111000011111111100001
0111100011110011111001111001111001111100111111110001111110000000111111
1100111110011110001111001111001111000111100000011111000011111111100001
1111100011110011111001111001111001111100111111110001111110000000111111
1000111110011110001111001111001111000111100000011111000011111111100001
0111100011110011111001111001111001111100111111110001111110000000111111
1100111110011110001111001111001111000111100000011111000011111111100001
1111100011110011111001111001111001111100111111110001111110000000111111
1000111110011110001111001111001111000111100000011111000011111111100001
0111100011110011111001111001111001111100111111110001111110000000111111
1100111110011110001111001111001111000111100000011111000011111111100001
1111100011110011111001111001111001111100111111110001111110000000111111
1000111110011110001111001111001111000111100000011111000011111111100001
0111100011110011111001111001111001111100111111110001111110000000111111
1100111110011110001111001111001111000111100000011111000011111111100001
1111100011110011111001111001111001111100111111110001111110000000111111
1000111110011110001111001111001111000111100000011111000011111111100001
0111100011110011111001111001111001111100111111110001111110000000111111
1100111110011110001111001111001111000111100000011111000011111111100001
1111100011110011111001111001111001111100111111110001111110000000111111
1000111110011110001111001111001111000111100000011111000011111111100001
0111100011110011111001111001111001111100111111110001111110000000111111
1100111110011110001111001111001111000111100000011111000011111111100001
1111100011110011111001111001111001111100111111110001111110000000111111
1000111110011110001111001111001111000111100000011111000011111111100001
0111100011110011111001111001111001111100111111110001111110000000111111
1100111110011110001111001111001111000111100000011111000011111111100001
1111100011110011111001111001111001111100111111110001111110000000111111
1000111110011110001111001111001111000111100000011111000011111111100001
0111100011110011111001111001111001111100111111110001111110000000111111
1100111110011110001111001111001111000111100000011111000011111111100001
1111100011110011111001111001111001111100111111110001111110000000111111
1000111110011110001111001111001111000111100000011111000011111111100001
0111100011110011111001111001111001111100111111110001111110000000111111
1100111110011110001111001111001111000111100000011111000011111111100001
1111100011110011111001111001111001111100111111110001111110000000111111
1000111110011110001111001111001111000111100000011111000011111111100001
0111100011110011111001111001111001111100111111110001111110000000111111
1100111110011110001111001111001111000111100000011111000011111111100001
1111100011110011111001111001111001111100111111110001111110000000111111
1000111110011110001111001111001111000111100000011111000011111111100001
0111100011110011111001111001111001111100111111110001111110000000111111
1100111110011110001111001111001111000111100000011111000011111111100001
1111100011110011111001111001111001111100111111110001111110000000111111
1000111110011110001111001111001111000111100000011111000011111111100001
0111100011110011111001111001111001111100111111110001111110000000111111
1100111110011110001111001111001111000111100000011111000011111111100001
1111100011110011111001111001111001111100111111110001111110000000111111
1000111110011110001111001111001111000111100000011111000011111111100001
0111100011110011111001111001111001111100111111110001111110000000111111
1100111110011110001111001111001111000111100000011111000011111111100001
1111100011110011111001111001111001111100111111110001111110000000111111
1000111110011110001111001111001111000111100000011111000011111111100001
0111100011110011111001111001111001111100111111110001111110000000111111
1100111110011110001111001111001111000111100000011111000011111111100001
1111100011110011111001111001111001111100111111110001111110000000111111
1000111110011110001111001111001111000111100000011111000011111111100001
0111100011110011111001111001111001111100111111110001111110000000111111
1100111110011110001111001111001111000111100000011111000011111111100001
1111100011110011111001111001111001111100111111110001111110000000111111
1000111110011110001111001111001111000111100000011111000011111111100001
0111100011110011111001111001111001111100111111110001111110000000111111
1100111110011110001111001111001111000111100000011111000011111111100001
1111100011110011111001111001111001111100111111110001111110000000111111
1000111110011110001111001111001111000111100000011111000011111111100001
