1100100011010011001001101001101001100100110000010001100010000000110000
1110110011011011101101101101101101110110111000011001110011000000111000
1010111011011010101101101101101101010110101100011101011011100000101100
1010101011011010101101101101101101010110101110010101011010110000101110
1010101011011010101101101101101101010110101011010101011010111000101011
1010101011011010101101101101101101010110101011010101011010101100101011
1010101011011010101101101101101101010110101011010101011010101110101011
1010101011011010101101101101101101010110101011010101011010101010101011
1010101011011010101101101101101101010110101011010101011010101010101011
1010101011011010101101101101101101010110101011010101011010101010101011
1010101011011010101101101101101101010110101011010101011010101010101011
1010101011011010101101101101101101010110101011010101011010101010101011
1010101011011010101101101101101101010110101011010101011010101010101011
1010101011011010101101101101101101010110101011010101011010101010101011
1010101011011010101101101101101101010110101011010101011010101010101011
1010101011011010101101101101101101010110101011010101011010101010101011
1010101011011010101101101101101101010110101011010101011010101010101011
1010101011011010101101101101101101010110101011010101011010101010101011
1010101011011010101101101101101101010110101011010101011010101010101011
1010101011011010101101101101101101010110101011010101011010101010101011
1010101011011010101101101101101101010110101011010101011010101010101011
1010101011011010101101101101101101010110101011010101011010101010101011
1010101011011010101101101101101101010110101011010101011010101010101011
1010101011011010101101101101101101010110101011010101011010101010101011
1010101011011010101101101101101101010110101011010101011010101010101011
1010101011011010101101101101101101010110101011010101011010101010101011
1010101011011010101101101101101101010110101011010101011010101010101011
1010101011011010101101101101101101010110101011010101011010101010101011
1010101011011010101101101101101101010110101011010101011010101010101011
1010101011011010101101101101101101010110101011010101011010101010101011
1010101011011010101101101101101101010110101011010101011010101010101011
1010101011011010101101101101101101010110101011010101011010101010101011
1010101011011010101101101101101101010110101011010101011010101010101011
1010101011011010101101101101101101010110101011010101011010101010101011
1010101011011010101101101101101101010110101011010101011010101010101011
1010101011011010101101101101101101010110101011010101011010101010101011
1010101011011010101101101101101101010110101011010101011010101010101011
1010101011011010101101101101101101010110101011010101011010101010101011
1010101011011010101101101101101101010110101011010101011010101010101011
1010101011011010101101101101101101010110101011010101011010101010101011
1010101011011010101101101101101101010110101011010101011010101010101011
1010101011011010101101101101101101010110101011010101011010101010101011
1010101011011010101101101101101101010110101011010101011010101010101011
1010101011011010101101101101101101010110101011010101011010101010101011
1010101011011010101101101101101101010110101011010101011010101010101011
1010101011011010101101101101101101010110101011010101011010101010101011
1010101011011010101101101101101101010110101011010101011010101010101011
1010101011011010101101101101101101010110101011010101011010101010101011
1010101011011010101101101101101101010110101011010101011010101010101011
1010101011011010101101101101101101010110101011010101011010101010101011
1010101011011010101101101101101101010110101011010101011010101010101011
1010101011011010101101101101101101010110101011010101011010101010101011
1010101011011010101101101101101101010110101011010101011010101010101011
1010101011011010101101101101101101010110101011010101011010101010101011
1010101011011010101101101101101101010110101011010101011010101010101011
1010101011011010101101101101101101010110101011010101011010101010101011
1010101011011010101101101101101101010110101011010101011010101010101011
1010101011011010101101101101101101010110101011010101011010101010101011
1010101011011010101101101101101101010110101011010101011010101010101011
1010101011011010101101101101101101010110101011010101011010101010101011
1010101011011010101101101101101101010110101011010101011010101010101011
1010101011011010101101101101101101010110101011010101011010101010101011
1010101011011010101101101101101101010110101011010101011010101010101011
1010101011011010101101101101101101010110101011010101011010101010101011
1010101011011010101101101101101101010110101011010101011010101010101011
1010101011011010101101101101101101010110101011010101011010101010101011
1010101011011010101101101101101101010110101011010101011010101010101011
1010101011011010101101101101101101010110101011010101011010101010101011
1010101011011010101101101101101101010110101011010101011010101010101011
1010101011011010101101101101101101010110101011010101011010101010101011
1010101011011010101101101101101101010110101011010101011010101010101011
1010101011011010101101101101101101010110101011010101011010101010101011
1010101011011010101101101101101101010110101011010101011010101010101011
1010101011011010101101101101101101010110101011010101011010101010101011
1010101011011010101101101101101101010110101011010101011010101010101011
1010101011011010101101101101101101010110101011010101011010101010101011
1010101011011010101101101101101101010110101011010101011010101010101011
1010101011011010101101101101101101010110101011010101011010101010101011
1010101011011010101101101101101101010110101011010101011010101010101011
1010101011011010101101101101101101010110101011010101011010101010101011
1010101011011010101101101101101101010110101011010101011010101010101011
1010101011011010101101101101101101010110101011010101011010101010101011
1010101011011010101101101101101101010110101011010101011010101010101011
1010101011011010101101101101101101010110101011010101011010101010101011
1010101011011010101101101101101101010110101011010101011010101010101011
1010101011011010101101101101101101010110101011010101011010101010101011
1010101011011010101101101101101101010110101011010101011010101010101011
1010101011011010101101101101101101010110101011010101011010101010101011
1010101011011010101101101101101101010110101011010101011010101010101011
1010101011011010101101101101101101010110101011010101011010101010101011
1010101011011010101101101101101101010110101011010101011010101010101011
1010101011011010101101101101101101010110101011010101011010101010101011
1010101011011010101101101101101101010110101011010101011010101010101011
1010101011011010101101101101101101010110101011010101011010101010101011
1010101011011010101101101101101101010110101011010101011010101010101011
1010101011011010101101101101101101010110101011010101011010101010101011
1010101011011010101101101101101101010110101011010101011010101010101011
1010101011011010101101101101101101010110101011010101011010101010101011
1010101011011010101101101101101101010110101011010101011010101010101011
1010101011011010101101101101101101010110101011010101011010101010101011
1010101011011010101101101101101101010110101011010101011010101010101011
1010101011011010101101101101101101010110101011010101011010101010101011
1010101011011010101101101101101101010110101011010101011010101010101011
1010101011011010101101101101101101010110101011010101011010101010101011
1010101011011010101101101101101101010110101011010101011010101010101011
1010101011011010101101101101101101010110101011010101011010101010101011
1010101011011010101101101101101101010110101011010101011010101010101011
1010101011011010101101101101101101010110101011010101011010101010101011
1010101011011010101101101101101101010110101011010101011010101010101011
1010101011011010101101101101101101010110101011010101011010101010101011
1010101011011010101101101101101101010110101011010101011010101010101011
1010101011011010101101101101101101010110101011010101011010101010101011
1010101011011010101101101101101101010110101011010101011010101010101011
1010101011011010101101101101101101010110101011010101011010101010101011
1010101011011010101101101101101101010110101011010101011010101010101011
1010101011011010101101101101101101010110101011010101011010101010101011
1010101011011010101101101101101101010110101011010101011010101010101011
1010101011011010101101101101101101010110101011010101011010101010101011
1010101011011010101101101101101101010110101011010101011010101010101011
1010101011011010101101101101101101010110101011010101011010101010101011
1010101011011010101101101101101101010110101011010101011010101010101011
1010101011011010101101101101101101010110101011010101011010101010101011
1010101011011010101101101101101101010110101011010101011010101010101011
1010101011011010101101101101101101010110101011010101011010101010101011
1010101011011010101101101101101101010110101011010101011010101010101011
1010101011011010101101101101101101010110101011010101011010101010101011
1010101011011010101101101101101101010110101011010101011010101010101011
1010101011011010101101101101101101010110101011010101011010101010101011
1010101011011010101101101101101101010110101011010101011010101010101011
1010101011011010101101101101101101010110101011010101011010101010101011
1010101011011010101101101101101101010110101011010101011010101010101011
1010101011011010101101101101101101010110101011010101011010101010101011
1010101011011010101101101101101101010110101011010101011010101010101011
1010101011011010101101101101101101010110101011010101011010101010101011
1010101011011010101101101101101101010110101011010101011010101010101011
1010101011011010101101101101101101010110101011010101011010101010101011
1010101011011010101101101101101101010110101011010101011010101010101011
1010101011011010101101101101101101010110101011010101011010101010101011
1010101011011010101101101101101101010110101011010101011010101010101011
1010101011011010101101101101101101010110101011010101011010101010101011
1010101011011010101101101101101101010110101011010101011010101010101011
1010101011011010101101101101101101010110101011010101011010101010101011
1010101011011010101101101101101101010110101011010101011010101010101011
1010101011011010101101101101101101010110101011010101011010101010101011
1010101011011010101101101101101101010110101011010101011010101010101011
1010101011011010101101101101101101010110101011010101011010101010101011
1010101011011010101101101101101101010110101011010101011010101010101011
1010101011011010101101101101101101010110101011010101011010101010101011
1010101011011010101101101101101101010110101011010101011010101010101011
1010101011011010101101101101101101010110101011010101011010101010101011
1010101011011010101101101101101101010110101011010101011010101010101011
1010101011011010101101101101101101010110101011010101011010101010101011
1010101011011010101101101101101101010110101011010101011010101010101011
1010101011011010101101101101101101010110101011010101011010101010101011
1010101011011010101101101101101101010110101011010101011010101010101011
1010101011011010101101101101101101010110101011010101011010101010101011
1010101011011010101101101101101101010110101011010101011010101010101011
1010101011011010101101101101101101010110101011010101011010101010101011
1010101011011010101101101101101101010110101011010101011010101010101011
1010101011011010101101101101101101010110101011010101011010101010101011
1010101011011010101101101101101101010110101011010101011010101010101011
1010101011011010101101101101101101010110101011010101011010101010101011
1010101011011010101101101101101101010110101011010101011010101010101011
1010101011011010101101101101101101010110101011010101011010101010101011
1010101011011010101101101101101101010110101011010101011010101010101011
1010101011011010101101101101101101010110101011010101011010101010101011
1010101011011010101101101101101101010110101011010101011010101010101011
1010101011011010101101101101101101010110101011010101011010101010101011
1010101011011010101101101101101101010110101011010101011010101010101011
1010101011011010101101101101101101010110101011010101011010101010101011
1010101011011010101101101101101101010110101011010101011010101010101011
1010101011011010101101101101101101010110101011010101011010101010101011
1010101011011010101101101101101101010110101011010101011010101010101011
1010101011011010101101101101101101010110101011010101011010101010101011
1010101011011010101101101101101101010110101011010101011010101010101011
1010101011011010101101101101101101010110101011010101011010101010101011
1010101011011010101101101101101101010110101011010101011010101010101011
1010101011011010101101101101101101010110101011010101011010101010101011
1010101011011010101101101101101101010110101011010101011010101010101011
1010101011011010101101101101101101010110101011010101011010101010101011
1010101011011010101101101101101101010110101011010101011010101010101011
1010101011011010101101101101101101010110101011010101011010101010101011
1010101011011010101101101101101101010110101011010101011010101010101011
1010101011011010101101101101101101010110101011010101011010101010101011
1010101011011010101101101101101101010110101011010101011010101010101011
1010101011011010101101101101101101010110101011010101011010101010101011
1010101011011010101101101101101101010110101011010101011010101010101011
1010101011011010101101101101101101010110101011010101011010101010101011
1010101011011010101101101101101101010110101011010101011010101010101011
1010101011011010101101101101101101010110101011010101011010101010101011
1010101011011010101101101101101101010110101011010101011010101010101011
1010101011011010101101101101101101010110101011010101011010101010101011
1010101011011010101101101101101101010110101011010101011010101010101011
1010101011011010101101101101101101010110101011010101011010101010101011
1010101011011010101101101101101101010110101011010101011010101010101011
1010101011011010101101101101101101010110101011010101011010101010101011
1010101011011010101101101101101101010110101011010101011010101010101011
1010101011011010101101101101101101010110101011010101011010101010101011
1010101011011010101101101101101101010110101011010101011010101010101011
1010101011011010101101101101101101010110101011010101011010101010101011
1010101011011010101101101101101101010110101011010101011010101010101011
1010101011011010101101101101101101010110101011010101011010101010101011
1010101011011010101101101101101101010110101011010101011010101010101011
1010101011011010101101101101101101010110101011010101011010101010101011
1010101011011010101101101101101101010110101011010101011010101010101011
1010101011011010101101101101101101010110101011010101011010101010101011
1010101011011010101101101101101101010110101011010101011010101010101011
1010101011011010101101101101101101010110101011010101011010101010101011
1010101011011010101101101101101101010110101011010101011010101010101011
1010101011011010101101101101101101010110101011010101011010101010101011
