1111111111111111111111111111111111111111111111111111111111111111111111
1000000000000000000000000000000000000000000000000000000000000000000001
0011111111111111111111111111111111111111111111111111111111111111111100
1010000000000000000000000000000000000000000000000000000000000000000101
0100111111111111111111111111111111111111111111111111111111111111110010
0000100000000000000000000000000000000000000000000000000000000000010000
1110001111111111111111111111111111111111111111111111111111111111000111
1010101000000000000000000000000000000000000000000000000000000001010101
0101010011111111111111111111111111111111111111111111111111111100101010
0010100010000000000000000000000000000000000000000000000000000100010100
1001001000111111111111111111111111111111111111111111111111110001001001
0000000010100000000000000000000000000000000000000000000000010100000000
1111111001001111111111111111111111111111111111111111111111001001111111
1000001000001000000000000000000000000000000000000000000001000001000001
0011100011100011111111111111111111111111111111111111111100011100011100
1010101010101010000000000000000000000000000000000000000101010101010101
0101010101010100111111111111111111111111111111111111110010101010101010
0010101010101000100000000000000000000000000000000000010001010101010100
1001010101010010001111111111111111111111111111111111000100101010101001
0000101010100000101000000000000000000000000000000001010000010101010000
1110010101001110010011111111111111111111111111111100100111001010100111
1010001010001010000010000000000000000000000000000100000101000101000101
0100100100100100111000111111111111111111111111110001110010010010010010
0000000000000000101010100000000000000000000000010101010000000000000000
1111111111111110010101001111111111111111111111001010100111111111111111
1000000000000010001010001000000000000000000001000101000100000000000001
0011111111111000100100100011111111111111111100010010010001111111111100
1010000000001010000000001010000000000000000101000000000101000000000101
0100111111100100111111100100111111111111110010011111110010011111110010
0000100000100000100000100000100000000000010000010000010000010000010000
1110001110001110001110001110001111111111000111000111000111000111000111
1010101010101010101010101010101000000001010101010101010101010101010101
0101010101010101010101010101010011111100101010101010101010101010101010
0010101010101010101010101010100010000100010101010101010101010101010100
1001010101010101010101010101001000110001001010101010101010101010101001
0000101010101010101010101010000010110100000101010101010101010101010000
1110010101010101010101010100111001111001110010101010101010101010100111
1010001010101010101010101000101001001001010001010101010101010101000101
0100100101010101010101010010010000000000100100101010101010101010010010
0000000010101010101010100000000111111110000000010101010101010100000000
1111111001010101010101001111110100000010111111001010101010101001111111
1000001000101010101010001000011001111001100001000101010101010001000001
0011100010010101010100100011011001001001101100010010101010100100011100
1010101000001010101000001011111000000001111101000001010101000001010101
0101010011100101010011100110001011111101000110011100101010011100101010
0010100010100010100010100110100110000110010110010100010100010100010100
1001001001001001001001000111000110110110001110001001001001001001001001
0000000000000000000000010101010111111110101010100000000000000000000000
1111111111111111111111001010101100000011010101001111111111111111111111
1000000000000000000001000101011101111011101010001000000000000000000001
0011111111111111111100010010110111001110110100100011111111111111111100
1010000000000000000101000001111101001011111000001010000000000000000101
0100111111111111110010011101000110000110001011100100111111111111110010
0000100000000000010000010110010110110110100110100000100000000000010000
1110001111111111000111001110001111111111000111001110001111111111000111
1010101000000001010101001010101000000001010101001010101000000001010101
0101010011111100101010000101010011111100101010000101010011111100101010
0010100010000100010100110010100010000100010100110010100010000100010100
1001001000110001001000110001001000110001001000110001001000110001001001
0000000010110100000010110100000010110100000010110100000010110100000000
1111111001111001111001111001111001111001111001111001111001111001111111
1000001001001001001001001001001001001001001001001001001001001001000001
0011100000000000000000000000000000000000000000000000000000000000011100
1010101111111111111111111111111111111111111111111111111111111111010101
0101011000000000000000000000000000000000000000000000000000000001101010
0010111011111111111111111111111111111111111111111111111111111101110100
1001101110000000000000000000000000000000000000000000000000000111011001
0001111010111111111111111111111111111111111111111111111111110101111000
1101001101100000000000000000000000000000000000000000000000011011001011
1110001111101111111111111111111111111111111111111111111111011111000111
1010101000111000000000000000000000000000000000000000000001110001010101
0101010010101011111111111111111111111111111111111111111101010100101010
0010100001010110000000000000000000000000000000000000000110101000010100
1001001100101110111111111111111111111111111111111111110111010011001001
0000001100011011100000000000000000000000000000000000011101100011000000
1111101101011110101111111111111111111111111111111111010111101011011111
1000111110110011011000000000000000000000000000000001101100110111110001
0010100011110011111011111111111111111111111111111101111100111100010100
1001001010010010001110000000000000000000000000000111000100100101001001
0000000100000000101010111111111111111111111111110101010000000010000000
1111110001111110010101100000000000000000000000011010100111111000111111
1000010101000010001011101111111111111111111111011101000100001010100001
0011001010011000100110111000000000000000000001110110010001100101001100
1011000100011010000111101011111111111111111101011110000101100010001101
0111010001011100110100110110000000000000000110110010110011101000101110
0101100100110100111000111110111111111111110111110001110010110010011010
0011100000111000101010100011100000000000011100010101010001110000011100
1010101110101010010101001010101111111111010101001010100101010111010101
0101011011010100001010000101011000000001101010000101000010101101101010
0010111111101001100100110010111011111101110100110010011001011111110100
1001100000110001100000110001101110000111011000110000011000110000011001
0001101110110101101110110101111010110101111010110111011010110111011000
1101111011111011111011111011001101111011001101111101111101111101111011
1111001110001110001110001111001111001111001111000111000111000111001111
1001001010101010101010101001001001001001001001010101010101010101001001
0000000101010101010101010000000000000000000000101010101010101010000000
1111110010101010101010100111111111111111111110010101010101010100111111
1000010001010101010101000100000000000000000010001010101010101000100001
0011000100101010101010010001111111111111111000100101010101010010001100
1011010000010101010100000101000000000000001010000010101010100000101101
0111100111001010101001110010011111111111100100111001010101001110011110
0100100101000101010001010000010000000000100000101000101010001010010010
0000000010010010100100100111000111111110001110010010010100100100000000
1111111000000001000000000101010100000010101010000000001000000001111111
1000001011111100011111110010101001111001010100111111100011111101000001
0011100110000101010000010001010001001000101000100000101010000110011100
1010100110110010100111000100100100000010010010001110010100110110010101
0101000111110001000101010000000001111000000000101010001000111110001010
0010010100010100010010100111111101001011111110010100100010100010100100
1000001001001001000001000100000110000110000010001000001001001001000001
0011100000000000011100010001110110110110111000100011100000000000011100
1010101111111111010101000101011111111111101010001010101111111111010101
0101011000000001101010010010110000000000110100100101011000000001101010
0010111011111101110100000001110111111110111000000010111011111101110100
1001101110000111011001111101011100000011101011111001101110000111011001
0001111010110101111001000110110101111010110110001001111010110101111000
1101001101111011001000010111111011001101111110100001001101111011001011
1110001111001111000011001100001111001111000011001100001111001111000111
1010101001001001011011001101101001001001011011001101101001001001010101
0101010000000000111111001111110000000000111111001111110000000000101010
0010100111111110100001001000010111111110100001001000010111111110010100
1001000100000011001100000011001100000011001100000011001100000010001001
0000010001111011001101111011001101111011001101111011001101111000100000
1111000101001111001111001111001111001111001111001111001111001010001111
1001010010001001001001001001001001001001001001001001001001000100101001
0000100000100000000000000000000000000000000000000000000000010000010000
1110001110001111111111111111111111111111111111111111111111000111000111
1010101010101000000000000000000000000000000000000000000001010101010101
0101010101010011111111111111111111111111111111111111111100101010101010
0010101010100010000000000000000000000000000000000000000100010101010100
1001010101001000111111111111111111111111111111111111110001001010101001
0000101010000010100000000000000000000000000000000000010100000101010000
1110010100111001001111111111111111111111111111111111001001110010100111
1010001000101000001000000000000000000000000000000001000001010001000101
0100100010010011100011111111111111111111111111111100011100100100010010
0000001000000010101010000000000000000000000000000101010100000001000000
1111100011111001010100111111111111111111111111110010101001111100011111
1000101010001000101000100000000000000000000000010001010001000101010001
0010010100100010010010001111111111111111111111000100100100010010100100
1000001000001000000000101000000000000000000001010000000001000001000001
0011100011100011111110010011111111111111111100100111111100011100011100
1010101010101010000010000010000000000000000100000100000101010101010101
0101010101010100111000111000111111111111110001110001110010101010101010
0010101010101000101010101010100000000000010101010101010001010101010100
1001010101010010010101010101001111111111001010101010100100101010101001
0000101010100000001010101010001000000001000101010101000000010101010000
1110010101001111100101010100100011111100010010101010011111001010100111
1010001010001000100010101000001010000101000001010100010001000101000101
0100100100100010001001010011100100110010011100101001000100010010010010
0000000000001000100000100010100000110000010100010000010001000000000000
1111111111100010001110001001001110110111001001000111000100011111111111
1000000000101000101010100000001011111101000000010101010001010000000001
0011111110010010010101001111100110000110011111001010100100100111111100
1010000010000000001010001000100110110110010001000101000000000100000101
0100111000111111100100100010000111111110000100010010011111110001110010
0000101010100000100000001000110100000010110001000000010000010101010000
1110010101001110001111100010111001111001110100011111000111001010100111
1010001010001010101000101001101001001001011001010001010101000101000101
0100100100100101010010010001110000000000111000100100101010010010010010
0000000000000010100000000101010111111110101010000000010100000000000000
1111111111111001001111110010101100000011010100111111001001111111111111
1000000000001000001000010001011101111011101000100001000001000000000001
0011111111100011100011000100110111001110110010001100011100011111111100
1010000000101010101011010000111101001011110000101101010101010000000101
0100111110010101010111100110100110000110010110011110101010100111110010
0000100010001010101100100111000110110110001110010011010101000100010000
1110001000100101011100000101010111111110101010000011101010010001000111
1010100010000010110101110010101100000011010100111010110100000100010101
0101001000111001111011010001011101111011101000101101111001110001001010
0010000010101001001111100100110111001110110010011111001001010100000100
1000111001010000001000100000111101001011110000010001000000101001110001
0010101000100111100010001110100110000110010111000100011110010001010100
1001010010000100101000101011000110110110001101010001010010000100101001
0000100000110000010010010111010111111110101110100100100000110000010000
1110001110110111000000001101101100000011011011000000001110110111000111
1010101011111101011111101111111101111011111111011111101011111101010101
0101010110000110110000111000000111001110000001110000110110000110101010
0010101110110111110110101011110101001010111101010110111110110111010100
1001011011111100011111010110011010000101100110101111100011111101101001
0000111110000101010001101110011100110011100111011000101010000111110000
1110100010110010100101111010010100110010100101111010010100110100010111
1011001001110001000011001100001000110001000011001100001000111001001101
0111000001010100011011001101100010110100011011001101100010101000001110
0101011100101001011111001111101001111001011111001111101001010011101010
0010110100010000110001001000110001001000110001001000110000100010110100
1001111001000110110100000010110100000010110100000010110110001001111001
0001001000010111111001111001111001111001111001111001111110100001001000
1100000011001100001001001001001001001001001001001001000011001100000011
1101111011001101100000000000000000000000000000000000011011001101111011
1111001111001111101111111111111111111111111111111111011111001111001111
1001001001001000111000000000000000000000000000000001110001001001001001
0000000000000010101011111111111111111111111111111101010100000000000000
1111111111111001010110000000000000000000000000000110101001111111111111
1000000000001000101110111111111111111111111111110111010001000000000001
0011111111100010011011100000000000000000000000011101100100011111111100
1010000000101000011110101111111111111111111111010111100001010000000101
0100111110010011010011011000000000000000000001101100101100100111110010
0000100010000011100011111011111111111111111101111100011100000100010000
1110001000111010101010001110000000000000000111000101010101110001000111
1010100010101101010100101010111111111111110101010010101011010100010101
0101001001011110101000010101100000000000011010100001010111101001001010
0010000000110011010011001011101111111111011101001100101100110000000100
1000111110110011100011000110111000000001110110001100011100110111110001
0010100011110010101011010111101011111101011110101101010100111100010100
1001001010010001010111101100110110000110110011011110101000100101001001
0000000100000100101100111100111110110111110011110011010010000010000000
1111110001110000011100100100100011111100010010010011100000111000111111
1000010101010111010100000000001010000101000000000010101110101010100001
0011001010101101101001111111100100110010011111111001011011010101001100
1011000101011111110001000000100000110000010000001000111111101010001101
