0111001010110000010010000001000001110000100000010001100000110100011111
1101010101110000100100000010000011010001000000100011100001111000110001
1110101011010001001000000100000111100010000001000110100011001001110011
1011010111100010010000001000001100100100000010001111000111010011010111
0111101100100100100000010000011101001000000100011001001101100111101101
1100111101001001000000100000110110010000001000111010011111101100111111
1101100110010010000001000001111110100000010001101100110000111101100001
1111101110100100000010000011000011000000100011111101110001100111100011
1000111011001000000100000111000111000001000110000111010011101100100111
0001101111010000001000001101001101000010001110001101100110111101001101
0011111001100000010000011110011110000100011010011111101111100110011111
0110001011100000100000110010110010001000111100110000111000101110110001
1110010110100001000001110101110100010001100101110001101001011011110011
1010101111000010000011011011011000100011101011010011110010111110010111
0101011001000100000111111111111001000110110111100110010101100010101101
1010111010001000001100000000001010001111111100101110101011100101011111
0101101100010000011100000000010100011000000101011011010110101010110001
1011111100100000110100000000101000111000001010111111101111010101110011
0110000101000001111000000001010001101000010101100000111001101011010111
1110001010000011001000000010100011110000101011100001101011110111101101
1010010100000111010000000101000110010001010110100011110110011100111111
0100101000001101100000001010001110100010101111000110011110110101100001
1001010000011111100000010100011011000101011001001110110011111011100011
0010100000110000100000101000111111001010111010011011110110001110100111
0101000001110001000001010001100001010101101100111110011110011011001101
1010000011010010000010100011100010101011111101100010110010111111011111
0100000111100100000101000110100101010110000111100101110101100001110001
1000001100101000001010001111001010101110001100101011011011100011010011
0000011101010000010100011001010101011010011101010111111110100111100111
0000110110100000101000111010101010111100110110101100000011001100101101
0001111111000001010001101101010101100101111111011100000111011101011111
0011000001000010100011111110101011101011000001110100001101110110110001
0111000010000101000110000011010110110111000011011000011111011111110011
1101000100001010001110000111101111111101000111111000110001110000010111
1110001000010100011010001100111000000110001100001001110011010000101101
1010010000101000111100011101101000001110011100010011010111100001011111
0100100001010001100100110111110000011010110100100111101100100010110001
1001000010100011101001111100010000111101111001001100111101000101110011
0010000101000110110011000100100001100111001010011101100110001011010111
0100001010001111110111001001000011101101010100110111101110010111101101
1000010100011000011101010010000110111110101001111100111010101100111111
0000101000111000110110100100001111100011010011000101101101011101100001
0001010001101001111111001000011000100111100111001011111110110111100011
0010100011110011000001010000111001001100101101010110000011111100100111
0101000110010111000010100001101010011101011110101110000110000101001101
1010001110101101000101000011110100110110110011011010001110001010011111
0100011011011110001010000110011001111111110111111100011010010100110001
1000111111110010010100001110111011000000011100000100111100101001110011
0001100000010100101000011011101111000000110100001001100101010011010111
0011100000101001010000111110111001000001111000010011101010100111101101
0110100001010010100001100011101010000011001000100110110101001100111111
1111000010100101000011100110110100000111010001001111111010011101100001
1001000101001010000110101111111000001101100010011000001100110111100011
0010001010010100001111011000001000011111100100111000011101111100100111
0100010100101000011001111000010000110000101001101000110111000101001101
1000101001010000111011001000100001110001010011110001111101001010011111
0001010010100001101111010001000011010010100110010011000110010100110001
0010100101000011111001100010000111100101001110100111001110101001110011
0101001010000110001011100100001100101010011011001101011011010011010111
1010010100001110010110101000011101010100111111011110111111100111101101
0100101000011010101111010000110110101001100001110011100000101100111111
1001010000111101011001100001111111010011100011010110100001011101100001
0010100001100110111011100011000001100110100111101111000010110111100011
0101000011101111101110100111000011101111001100111001000101111100100111
1010000110111000111011001101000110111001011101101010001011000101001101
0100001111101001101111011110001111101010110111110100010111001010011111
1000011000110011111001110010011000110101111100011000101101010100110001
0000111001110110001011010100111001111011000100111001011110101001110011
0001101011011110010111101001101011001111001001101010110011010011010111
0011110111110010101100110011110111011001010011110101110111100111101101
0110011100010101011101110110011101111010100110011011011100101100111111
1110110100101010110111011110110111001101001110111111110101011101100001
1011111001010101111101110011111101011110011011100000011010110111100011
0110001010101011000111010110000110110010111110100000111101111100100111
1110010101010111001101101110001111110101100011000001100111000101001101
1010101010101101011111111010011000011011100111000011101101001010011111
0101010101011110110000001100111000111110101101000110111110010100110001
1010101010110011110000011101101001100011011110001111100010101001110011
0101010101110110010000110111110011100111110010011000100101010011010111
1010101011011110100001111100010110101100010100111001001010100111101101
0101010111110011000011000100101111011100101001101010010101001100111111
1010101100010111000111001001011001110101010011110100101010011101100001
0101011100101101001101010010111011011010100110011001010100110111100011
1010110101011110011110100101101111111101001110111010101001111100100111
0101111010110010110011001011111000000110011011101101010011000101001101
1011001101110101110111010110001000001110111110111110100111001010011111
0111011111011011011101101110010000011011100011100011001101010100110001
1101110001111111110111111010100000111110100110100111011110101001110011
1111010011000000011100001101000001100011001111001101110011010011010111
1001100111000000110100011110000011100111011001011111010111100111101101
0011101101000001111000110010000110101101111010110001101100101100111111
0110111110000011001001110100001111011111001101110011111101011101100001
1111100010000111010011011000011001110001011111010110000110110111100011
1000100100001101100111111000111011010010110001101110001111111100100111
0001001000011111101100001001101111100101110011111010011000000101001101
0010010000110000111100010011111000101011010110001100111000001010011111
0100100001110001100100100110001001010111101110011101101000010100110001
1001000011010011101001001110010010101100111010110111110000101001110011
0010000111100110110010011010100101011101101101111100010001010011010111
0100001100101111110100111101001010110111111111000100100010100111101101
1000011101011000011001100110010101111100000001001001000101001100111111
0000110110111000111011101110101011000100000010010010001010011101100001
0001111111101001101110111011010111001000000100100100010100110111100011
0011000000110011111011101111101101010000001001001000101001111100100111
0111000001110110001110111000111110100000010010010001010011000101001101
1101000011011110011011101001100011000000100100100010100111001010011111
1110000111110010111110110011100111000001001001000101001101010100110001
1010001100010101100011110110101101000010010010001010011110101001110011
0100011100101011100110011111011110000100100100010100110011010011010111
1000110101010110101110110001110010001001001000101001110111100111101101
0001111010101111011011110011010100010010010001010011011100101100111111
0011001101011001111110010111101000100100100010100111110101011101100001
0111011110111011000010101100110001001001000101001100011010110111100011
1101110011101111000101011101110010010010001010011100111101111100100111
1111010110111001001010110111010100100100010100110101100111000101001101
1001101111101010010101111101101001001000101001111011101101001010011111
0011111000110100101011000111110010010001010011001110111110010100110001
0110001001111001010111001100010100100010100111011011100010101001110011
1110010011001010101101011100101001000101001101111110100101010011010111
1010100111010101011110110101010010001010011111000011001010100111101101
0101001101101010110011111010100100010100110001000111010101001100111111
1010011111110101110110001101001000101001110010001101101010011101100001
0100110000011011011110011110010001010011010100011111110100110111100011
1001110000111111110010110010100010100111101000110000011001111100100111
0011010001100000010101110101000101001100110001110000111011000101001101
0111100011100000101011011010001010011101110011010001101111001010011111
1100100110100001010111111100010100110111010111100011111001010100110001
1101001111000010101100000100101001111101101100100110001010101001110011
1110011001000101011100001001010011000111111101001110010101010011010111
1010111010001010110100010010100111001100000110011010101010100111101101
0101101100010101111000100101001101011100001110111101010101001100111111
1011111100101011001001001010011110110100011011100110101010011101100001
0110000101010111010010010100110011111000111110101111010100110111100011
1110001010101101100100101001110110001001100011011001101001111100100111
1010010101011111101001010011011110010011100111111011110011000101001101
0100101010110000110010100111110010100110101100001110010111001010011111
1001010101110001110101001100010101001111011100011010101101010100110001
0010101011010011011010011100101010011001110100111101011110101001110011
0101010111100111111100110101010100111011011001100110110011010011010111
1010101100101100000101111010101001101111111011101111110111100111101101
0101011101011100001011001101010011111000001110111000011100101100111111
1010110110110100010111011110100110001000011011101000110101011101100001
0101111111111000101101110011001110010000111110110001111010110111100011
1011000000001001011111010111011010100001100011110011001101111100100111
0111000000010010110001101101111101000011100110010111011111000101001101
1101000000100101110011111111000110000110101110101101110001001010011111
1110000001001011010110000001001110001111011011011111010010010100110001
1010000010010111101110000010011010011001111111110001100100101001110011
0100000100101100111010000100111100111011000000010011101001010011010111
1000001001011101101100001001100101101111000000100110110010100111101101
0000010010110111111100010011101011111001000001001111110101001100111111
0000100101111100000100100110110110001010000010011000011010011101100001
0001001011000100001001001111111110010100000100111000111100110111100011
0010010111001000010010011000000010101000001001101001100101111100100111
0100101101010000100100111000000101010000010011110011101011000101001101
1001011110100001001001101000001010100000100110010110110111001010011111
0010110011000010010011110000010101000001001110101111111101010100110001
0101110111000100100110010000101010000010011011011000000110101001110011
1011011101001001001110100001010100000100111111111000001111010011010111
0111110110010010011011000010101000001001100000001000011001100111101101
1100011110100100111111000101010000010011100000010000111011101100111111
1100110011001001100001001010100000100110100000100001101110111101100001
1101110111010011100010010101000001001111000001000011111011100111100011
1111011101100110100100101010000010011001000010000110001110101100100111
1001110111101111001001010100000100111010000100001110011011011101001101
0011011100111001010010101000001001101100001000011010111111110110011111
0111110101101010100101010000010011111100010000111101100000011110110001
1100011011110101001010100000100110000100100001100111100000110011110011
1100111110011010010101000001001110001001000011101100100001110110010111
1101100010111100101010000010011010010010000110111101000011011110101101
1111100101100101010100000100111100100100001111100110000111110011011111
1000101011101010101000001001100101001000011000101110001100010111110001
0001010110110101010000010011101010010000111001011010011100101100010011
0010101111111010100000100110110100100001101010111100110101011100100111
0101011000001101000001001111111001000011110101100101111010110101001101
1010111000011110000010011000001010000110011011101011001101111010011111
0101101000110010000100111000010100001110111110110111011111001100110001
1011110001110100001001101000101000011011100011111101110001011101110011
0110010011011000010011110001010000111110100110000111010010110111010111
1110100111111000100110010010100001100011001110001101100101111101101101
1011001100001001001110100101000011100111011010011111101011000111111111
0111011100010010011011001010000110101101111100110000110111001100000001
1101110100100100111111010100001111011111000101110001111101011100000011
1111011001001001100001101000011001110001001011010011000110110100000111
1001111010010011100011110000111011010010010111100111001111111000001101
0011001100100110100110010001101111100100101100101101011000001000011111
0111011101001111001110100011111000101001011101011110111000010000110001
1101110110011001011011000110001001010010110110110011101000100001110011
1111011110111010111111001110010010100101111111110110110001000011010111
1001110011101101100001011010100101001011000000011111110010000111101101
0011010110111111100010111101001010010111000000110000010100001100111111
0111101111100000100101100110010100101101000001110000101000011101100001
1100111000100001001011101110101001011110000011010001010000110111100011
1101101001000010010110111011010010110010000111100010100001111100100111
1111110010000100101111101111100101110100001100100101000011000101001101
1000010100001001011000111000101011011000011101001010000111001010011111
0000101000010010111001101001010111111000110110010100001101010100110001
0001010000100101101011110010101100001001111110101000011110101001110011
0010100001001011110110010101011100010011000011010000110011010011010111
0101000010010110011110101010110100100111000111100001110111100111101101
1010000100101110110011010101111001001101001100100011011100101100111111
0100001001011011110111101011001010011110011101000111110101011101100001
1000010010111110011100110111010100110010110110001100011010110111100011
0000100101100010110101111101101001110101111110011100111101111100100111
0001001011100101111011000111110011011011000010110101100111000101001101
0010010110101011001111001100010111111111000101111011101101001010011111
0100101111010111011001011100101100000001001011001110111110010100110001
1001011001101101111010110101011100000010010111011011100010101001110011
0010111011111111001101111010110100000100101101111110100101010011010111
0101101110000001011111001101111000001001011111000011001010100111101101
