1011111010111110110001011111001011110010110001011111010101001100111111
0110001101100011110110110001010110010101110110110001101010011101100001
1110111111101110011111110110101110101011011111110111110100110111101111
1011100000111010110000011111011011010111110000011100011001111100111001
0110101111101101110111110001111111101100010111110101111011000101101011
1111011000111111011100010111000000111101101100011011001111011011110111
1001111011100001110101101101011111100111111101111111011001111110011101
0011001110101111011011111110110000101100000111000001111011000010110111
1111011011011001111110000011110111011101111101011111001111011101111101
1001111111111011000010111110011101110111000110110001011001110111000111
0011000000001111011101100010110111011101011111110110111011011101011101
1111011111111001110111101101111101110110110000011111101111110110110111
1001110000001011011100111111000111011111110111110000111000011111111101
0011010111110111110101100001011101110000011100010111101011110000000111
1111101100011100011011101110110111010111110101101100110110010111111101
1000111101110101111110111011111101101100011011111101111110101100000111
0011100111011011000011101110000111111101111110000111000011011101111101
1110101101111111011110111010111100000111000010111101011111110111000111
1011011111000001110011101101100101111101011101100110110000011101011101
0111110001011111010110111111101011000110110111101111110111110110110111
1100010110110001101111100000110111011111111100111000011100011111111101
1101101111110111111000101111111101110000000101101011110101110000000111
1111111000011100001011011000000111010111111011110110011011010111111101
1000001011110101110111111011111101101100001110011110111111101100000111
0011110110011011011100001110000111111101111010110011100000111101111101
1110011110111111110101111010111100000111001101110110101111100111000111
1010110011100000011011001101100101111101011111011111011000101101011101
0101110110101111111111011111101011000110110001110001111011011110110111
1011011111011000000001110000110111011111110111010111001111110011111101
0111110001111011111111010111111101110000011101101101011000010110000111
1100010111001110000001101100000111010111110111111110111011101110111101
1101101101011010111111111101111101101100011100000011101110111011100111
1111111110111101100000000111000111111101110101111110111011101110101101
1000000011100111101111111101011100000111011011000011101110111011011111
0011111110101100111000000110110101111101111111011110111011101111110001
1110000011011101101011111111111011000111000001110011101110111000010111
1010111111110111110110000000001111011101011111010110111011101011101101
0101100000011100011110111111111001110110110001101111101110110110111111
1011101111110101110011100000001011011111110111111000111011111111100001
0110111000011011010110101111110111110000011100001011101110000000101111
1111101011111111101111011000011100010111110101110110111010111111011001
1000110110000000111001111011110101101100011011011111101101100001111011
0011111110111111101011001110011011111101111111110000111111101111001111
1110000011100000110111011010111110000111000000010111100000111001011001
1010111110101111111101111101100010111101011111101100101111101010111011
0101100011011000000111000111101101100110110000111101011000110101101111
1011101111111011111101011100111111101111110111100110111011111011111001
0110111000001110000110110101100000111000011100101111101110001110001011
1111101011111010111111111011101111101011110101011000111010111010110111
1000110110001101100000001110111000110110011010111011101101101101111101
0011111110111111101111111011101011111110111101101110111111111111000111
1110000011100000111000001110110110000011100111111011100000000001011101
1010111110101111101011111011111110111110101100001110101111111110110111
0101100011011000110110001110000011100011011101111011011000000011111101
1011101111111011111110111010111110101111110111001111111011111110000111
0110111000001110000011101101100011011000011101011000001110000010111101
1111101011111010111110111111101111111011110110111011111010111101100111
1000110110001101100011100000111000001110011111101110001101100111101101
0011111110111111101110101111101011111010110000111010111111101100111111
1110000011100000111011011000110110001101110111101101100000111101100001
1010111110101111101111111011111110111111011100111111101111100111101111
0101100011011000111000001110000011100001110101100000111000101100111001
1011101111111011101011111010111110101111011011101111101011011101101011
0110111000001110110110001101100011011001111110111000110111110111110111
1111101011111011111110111111101111111011000011101011111100011100011101
1000110110001110000011100000111000001111011110110110000101110101110111
0011111110111010111110101111101011111001110011111110111011011011011101
1110000011101101100011011000110110001011010110000011101111111111110111
1010111110111111101111111011111110110111101110111110111000000000011101
0101100011100000111000001110000011111100111011100011101011111111110111
1011101110101111101011111010111110000101101110101110110110000000011101
0110111011011000110110001101100010111011111011011011111110111111110111
1111101111111011111110111111101101101110001111111110000011100000011101
1000111000001110000011100000111111111010111000000010111110101111110111
0011101011111010111110101111100000001101101011111101100011011000011101
1110110110001101100011011000101111111111110110000111101111111011110111
1011111110111111101111111011011000000000011110111100111000001110011101
0110000011100000111000001111111011111111110011100101101011111010110111
1110111110101111101011111000001110000000010110101011110110001101111101
1011100011011000110110001011111010111111101111010110011110111111000111
0110101111111011111110110110001101100000111001101110110011100001011101
1111011000001110000011111110111111101111101011111011110110101110110111
1001111011111010111110000011100000111000110110001110011111011011111101
0011001110001101100010111110101111101011111110111010110001111110000111
1111011010111111101101100011011000110110000011101101110111000010111101
1001111101100000111111101111111011111110111110111111011101011101100111
0011000111101111100000111000001110000011100011100001110110110111101101
1111011100111000101111101011111010111110101110101111011111111100111111
1001110101101011011000110110001101100011011011011001110000000101100001
0011011011110111111011111110111111101111111111111011010111111011101111
1111111110011100001110000011100000111000000000001111101100001110111001
1000000010110101111010111110101111101011111111111000111101111011101011
0011111101111011001101100011011000110110000000001011100111001110110111
1110000111001111011111101111111011111110111111110110101101011011111101
1010111101011001110000111000001110000011100000011111011110111110000111
0101100110111011010111101011111010111110101111110001110011100010111101
1011101111101111101100110110001101100011011000010111010110101101100111
0110111000111000111101111110111111101111111011101101101111011111101101
1111101011101011100111000011100000111000001110111111111001110000111111
1000110110110110101101011110101111101011111011100000001011010111100001
0011111111111111011110110011011000110110001110101111110111101100101111
1110000000000001110011110111111011111110111011011000011100111101011001
1010111111111111010110011100001110000011101111111011110101100110111011
0101100000000001101110110101111010111110111000001110011011101111101111
1011101111111111111011111011001101100011101011111010111110111000111001
0110111000000000001110001111011111101110110110001101100011101011101011
1111101011111111111010111001110000111011111110111111101110110110110111
1000110110000000001101101011010111101110000011100000111011111111111101
0011111110111111111111110111101100111010111110101111101110000000000111
1110000011100000000000011100111101101101100011011000111010111111111101
1010111110101111111111110101100111111111101111111011101101100000000111
0101100011011000000000011011101100000000111000001110111111101111111101
1011101111111011111111111110111101111111101011111011100000111000000111
0110111000001110000000000011100111000000110110001110101111101011111101
1111101011111010111111111110101101011111111110111011011000110110000111
1000110110001101100000000011011110110000000011101111111011111110111101
0011111110111111101111111111110011110111111110111000001110000011100111
1110000011100000111000000000010110011100000011101011111010111110101101
1010111110101111101011111111101110110101111110110110001101100011011111
0101100011011000110110000000111011111011000011111110111111101111110001
1011101111111011111110111111101110001111011110000011100000111000010111
0110111000001110000011100000111010111001110010111110101111101011101101
1111101011111010111110101111101101101011010101100011011000110110111111
1000110110001101100011011000111111110111101011101111111011111111100001
0011111110111111101111111011100000011100110110111000001110000000101111
1110000011100000111000001110101111110101111111101011111010111111011001
1010111110101111101011111011011000011011000000110110001101100001111011
0101100011011000110110001111111011111111011111111110111111101111001111
1011101111111011111110111000001110000001110000000011100000111001011001
0110111000001110000011101011111010111111010111111110101111101010111011
1111101011111010111110110110001101100001101100000011011000110101101111
1000110110001101100011111110111111101111111101111111111011111011111001
0011111110111111101110000011100000111000000111000000001110001110001011
1110000011100000111010111110101111101011111101011111111010111010110111
1010111110101111101101100011011000110110000110110000001101101101111101
0101100011011000111111101111111011111110111111110111111111111111000111
1011101111111011100000111000001110000011100000011100000000000001011101
0110111000001110101111101011111010111110101111110101111111111110110111
1111101011111011011000110110001101100011011000011011000000000011111101
1000110110001111111011111110111111101111111011111111011111111110000111
0011111110111000001110000011100000111000001110000001110000000010111101
1110000011101011111010111110101111101011111010111111010111111101100111
1010111110110110001101100011011000110110001101100001101100000111101101
0101100011111110111111101111111011111110111111101111111101111100111111
1011101110000011100000111000001110000011100000111000000111000101100001
0110111010111110101111101011111010111110101111101011111101011011101111
1111101101100011011000110110001101100011011000110110000110111110111001
1000111111101111111011111110111111101111111011111110111111100011101011
0011100000111000001110000011100000111000001110000011100000101110110111
1110101111101011111010111110101111101011111010111110101111011011111101
1011011000110110001101100011011000110110001101100011011001111110000111
0111111011111110111111101111111011111110111111101111111011000010111101
1100001110000011100000111000001110000011100000111000001111011101100111
1101111010111110101111101011111010111110101111101011111001110111101101
1111001101100011011000110110001101100011011000110110001011011100111111
1001011111101111111011111110111111101111111011111110110111110101100001
0010110000111000001110000011100000111000001110000011111100011011101111
1101110111101011111010111110101111101011111010111110000101111110111001
1111011100110110001101100011011000110110001101100010111011000011101011
1001110101111110111111101111111011111110111111101101101111011110110111
0011011011000011100000111000001110000011100000111111111001110011111101
1111111111011110101111101011111010111110101111100000001011010110000111
1000000001110011011000110110001101100011011000101111110111101110111101
0011111111010111111011111110111111101111111011011000011100111011100111
1110000001101100001110000011100000111000001111111011110101101110101101
1010111111111101111010111110101111101011111000001110011011111011011111
0101100000000111001101100011011000110110001011111010111110001111110001
1011101111111101011111101111111011111110110110001101100010111000010111
0110111000000110110000111000001110000011111110111111101101101011101101
1111101011111111110111101011111010111110000011100000111111110110111111
1000110110000000011100110110001101100010111110101111100000011111100001
0011111110111111110101111110111111101101100011011000101111110000101111
1110000011100000011011000011100000111111101111111011011000010111011001
1010111110101111111111011110101111100000111000001111111011101101111011
0101100011011000000001110011011000101111101011111000001110111111001111
1011101111111011111111010111111011011000110110001011111011100001011001
0110111000001110000001101100001111111011111110110110001110101110111011
1111101011111010111111111101111000001110000011111110111011011011101111
1000110110001101100000000111001011111010111110000011101111111110111001
0011111110111111101111111101010110001101100010111110111000000011101011
1110000011100000111000000110101110111111101101100011101011111110110111
1010111110101111101011111111011011100000111111101110110110000011111101
0101100011011000110110000001111110101111100000111011111110111110000111
1011101111111011111110111111000011011000101111101110000011100010111101
0110111000001110000011100001011111111011011000111010111110101101100111
1111101011111010111110101110110000001111111011101101100011011111101101
1000110110001101100011011011110111111000001110111111101111110000111111
0011111110111111101111111110011100001011111011100000111000010111100001
1110000011100000111000000010110101110110001110101111101011101100101111
1010111110101111101011111101111011011110111011011000110110111101011001
0101100011011000110110000111001111110011101111111011111111100110111011
1011101111111011111110111101011000010110111000001110000000101111101111
0110111000001110000011100110111011101111101011111010111111011000111001
1111101011111010111110101111101110111000110110001101100001111011101011
1000110110001101100011011000111011101011111110111111101111001110110111
0011111110111111101111111011101110110110000011100000111001011011111101
1110000011100000111000001110111011111110111110101111101010111110000111
1010111110101111101011111011101110000011100011011000110101100010111101
0101100011011000110110001110111010111110101111111011111011101101100111
1011101111111011111110111011101101100011011000001110001110111111101101
0110111000001110000011101110111111101111111011111010111011100000111111
1111101011111010111110111011100000111000001110001101101110101111100001
1000110110001101100011101110101111101011111010111111111011011000101111
0011111110111111101110111011011000110110001101100000001111111011011001
1110000011100000111011101111111011111110111111101111111000001111111011
1010111110101111101110111000001110000011100000111000001011111000001111
0101100011011000111011101011111010111110101111101011110110001011111001
1011101111111011101110110110001101100011011000110110011110110110001011
0110111000001110111011111110111111101111111011111110110011111110110111
1111101011111011101110000011100000111000001110000011110110000011111101
