1000111110001110111010000010100000101000001010000010011110000010000110
1000100010001011101110000011100000111000001110000010010010000010000111
1000100010001110111010000010100000101000001010000010010010000010000101
1000100010001011101110000011100000111000001110000010010010000010000110
1000100010001110111010000010100000101000001010000010010010000010000111
1000100010001011101110000011100000111000001110000010010010000010000101
1000100010001110111010000010100000101000001010000010010010000010000110
1000100010001011101110000011100000111000001110000010010010000010000111
1000100010001110111010000010100000101000001010000010010010000010000101
1000100010001011101110000011100000111000001110000010010010000010000110
1000100010001110111010000010100000101000001010000010010010000010000111
1000100010001011101110000011100000111000001110000010010010000010000101
1000100010001110111010000010100000101000001010000010010010000010000110
1000100010001011101110000011100000111000001110000010010010000010000111
1000100010001110111010000010100000101000001010000010010010000010000101
1000100010001011101110000011100000111000001110000010010010000010000110
1000100010001110111010000010100000101000001010000010010010000010000111
1000100010001011101110000011100000111000001110000010010010000010000101
1000100010001110111010000010100000101000001010000010010010000010000110
1000100010001011101110000011100000111000001110000010010010000010000111
1000100010001110111010000010100000101000001010000010010010000010000101
1000100010001011101110000011100000111000001110000010010010000010000110
1000100010001110111010000010100000101000001010000010010010000010000111
1000100010001011101110000011100000111000001110000010010010000010000101
1000100010001110111010000010100000101000001010000010010010000010000110
1000100010001011101110000011100000111000001110000010010010000010000111
1000100010001110111010000010100000101000001010000010010010000010000101
1000100010001011101110000011100000111000001110000010010010000010000110
1000100010001110111010000010100000101000001010000010010010000010000111
1000100010001011101110000011100000111000001110000010010010000010000101
1000100010001110111010000010100000101000001010000010010010000010000110
1000100010001011101110000011100000111000001110000010010010000010000111
1000100010001110111010000010100000101000001010000010010010000010000101
1000100010001011101110000011100000111000001110000010010010000010000110
1000100010001110111010000010100000101000001010000010010010000010000111
1000100010001011101110000011100000111000001110000010010010000010000101
1000100010001110111010000010100000101000001010000010010010000010000110
1000100010001011101110000011100000111000001110000010010010000010000111
1000100010001110111010000010100000101000001010000010010010000010000101
1000100010001011101110000011100000111000001110000010010010000010000110
1000100010001110111010000010100000101000001010000010010010000010000111
1000100010001011101110000011100000111000001110000010010010000010000101
1000100010001110111010000010100000101000001010000010010010000010000110
1000100010001011101110000011100000111000001110000010010010000010000111
1000100010001110111010000010100000101000001010000010010010000010000101
1000100010001011101110000011100000111000001110000010010010000010000110
1000100010001110111010000010100000101000001010000010010010000010000111
1000100010001011101110000011100000111000001110000010010010000010000101
1000100010001110111010000010100000101000001010000010010010000010000110
1000100010001011101110000011100000111000001110000010010010000010000111
1000100010001110111010000010100000101000001010000010010010000010000101
1000100010001011101110000011100000111000001110000010010010000010000110
1000100010001110111010000010100000101000001010000010010010000010000111
1000100010001011101110000011100000111000001110000010010010000010000101
1000100010001110111010000010100000101000001010000010010010000010000110
1000100010001011101110000011100000111000001110000010010010000010000111
1000100010001110111010000010100000101000001010000010010010000010000101
1000100010001011101110000011100000111000001110000010010010000010000110
1000100010001110111010000010100000101000001010000010010010000010000111
1000100010001011101110000011100000111000001110000010010010000010000101
1000100010001110111010000010100000101000001010000010010010000010000110
1000100010001011101110000011100000111000001110000010010010000010000111
1000100010001110111010000010100000101000001010000010010010000010000101
1000100010001011101110000011100000111000001110000010010010000010000110
1000100010001110111010000010100000101000001010000010010010000010000111
1000100010001011101110000011100000111000001110000010010010000010000101
1000100010001110111010000010100000101000001010000010010010000010000110
1000100010001011101110000011100000111000001110000010010010000010000111
1000100010001110111010000010100000101000001010000010010010000010000101
1000100010001011101110000011100000111000001110000010010010000010000110
1000100010001110111010000010100000101000001010000010010010000010000111
1000100010001011101110000011100000111000001110000010010010000010000101
1000100010001110111010000010100000101000001010000010010010000010000110
1000100010001011101110000011100000111000001110000010010010000010000111
1000100010001110111010000010100000101000001010000010010010000010000101
1000100010001011101110000011100000111000001110000010010010000010000110
1000100010001110111010000010100000101000001010000010010010000010000111
1000100010001011101110000011100000111000001110000010010010000010000101
1000100010001110111010000010100000101000001010000010010010000010000110
1000100010001011101110000011100000111000001110000010010010000010000111
1000100010001110111010000010100000101000001010000010010010000010000101
1000100010001011101110000011100000111000001110000010010010000010000110
1000100010001110111010000010100000101000001010000010010010000010000111
1000100010001011101110000011100000111000001110000010010010000010000101
1000100010001110111010000010100000101000001010000010010010000010000110
1000100010001011101110000011100000111000001110000010010010000010000111
1000100010001110111010000010100000101000001010000010010010000010000101
1000100010001011101110000011100000111000001110000010010010000010000110
1000100010001110111010000010100000101000001010000010010010000010000111
1000100010001011101110000011100000111000001110000010010010000010000101
1000100010001110111010000010100000101000001010000010010010000010000110
1000100010001011101110000011100000111000001110000010010010000010000111
1000100010001110111010000010100000101000001010000010010010000010000101
1000100010001011101110000011100000111000001110000010010010000010000110
1000100010001110111010000010100000101000001010000010010010000010000111
1000100010001011101110000011100000111000001110000010010010000010000101
1000100010001110111010000010100000101000001010000010010010000010000110
1000100010001011101110000011100000111000001110000010010010000010000111
1000100010001110111010000010100000101000001010000010010010000010000101
1000100010001011101110000011100000111000001110000010010010000010000110
1000100010001110111010000010100000101000001010000010010010000010000111
1000100010001011101110000011100000111000001110000010010010000010000101
1000100010001110111010000010100000101000001010000010010010000010000110
1000100010001011101110000011100000111000001110000010010010000010000111
1000100010001110111010000010100000101000001010000010010010000010000101
1000100010001011101110000011100000111000001110000010010010000010000110
1000100010001110111010000010100000101000001010000010010010000010000111
1000100010001011101110000011100000111000001110000010010010000010000101
1000100010001110111010000010100000101000001010000010010010000010000110
1000100010001011101110000011100000111000001110000010010010000010000111
1000100010001110111010000010100000101000001010000010010010000010000101
1000100010001011101110000011100000111000001110000010010010000010000110
1000100010001110111010000010100000101000001010000010010010000010000111
1000100010001011101110000011100000111000001110000010010010000010000101
1000100010001110111010000010100000101000001010000010010010000010000110
1000100010001011101110000011100000111000001110000010010010000010000111
1000100010001110111010000010100000101000001010000010010010000010000101
1000100010001011101110000011100000111000001110000010010010000010000110
1000100010001110111010000010100000101000001010000010010010000010000111
1000100010001011101110000011100000111000001110000010010010000010000101
1000100010001110111010000010100000101000001010000010010010000010000110
1000100010001011101110000011100000111000001110000010010010000010000111
1000100010001110111010000010100000101000001010000010010010000010000101
1000100010001011101110000011100000111000001110000010010010000010000110
1000100010001110111010000010100000101000001010000010010010000010000111
1000100010001011101110000011100000111000001110000010010010000010000101
1000100010001110111010000010100000101000001010000010010010000010000110
1000100010001011101110000011100000111000001110000010010010000010000111
1000100010001110111010000010100000101000001010000010010010000010000101
1000100010001011101110000011100000111000001110000010010010000010000110
1000100010001110111010000010100000101000001010000010010010000010000111
1000100010001011101110000011100000111000001110000010010010000010000101
1000100010001110111010000010100000101000001010000010010010000010000110
1000100010001011101110000011100000111000001110000010010010000010000111
1000100010001110111010000010100000101000001010000010010010000010000101
1000100010001011101110000011100000111000001110000010010010000010000110
1000100010001110111010000010100000101000001010000010010010000010000111
1000100010001011101110000011100000111000001110000010010010000010000101
1000100010001110111010000010100000101000001010000010010010000010000110
1000100010001011101110000011100000111000001110000010010010000010000111
1000100010001110111010000010100000101000001010000010010010000010000101
1000100010001011101110000011100000111000001110000010010010000010000110
1000100010001110111010000010100000101000001010000010010010000010000111
1000100010001011101110000011100000111000001110000010010010000010000101
1000100010001110111010000010100000101000001010000010010010000010000110
1000100010001011101110000011100000111000001110000010010010000010000111
1000100010001110111010000010100000101000001010000010010010000010000101
1000100010001011101110000011100000111000001110000010010010000010000110
1000100010001110111010000010100000101000001010000010010010000010000111
1000100010001011101110000011100000111000001110000010010010000010000101
1000100010001110111010000010100000101000001010000010010010000010000110
1000100010001011101110000011100000111000001110000010010010000010000111
1000100010001110111010000010100000101000001010000010010010000010000101
1000100010001011101110000011100000111000001110000010010010000010000110
1000100010001110111010000010100000101000001010000010010010000010000111
1000100010001011101110000011100000111000001110000010010010000010000101
1000100010001110111010000010100000101000001010000010010010000010000110
1000100010001011101110000011100000111000001110000010010010000010000111
1000100010001110111010000010100000101000001010000010010010000010000101
1000100010001011101110000011100000111000001110000010010010000010000110
1000100010001110111010000010100000101000001010000010010010000010000111
1000100010001011101110000011100000111000001110000010010010000010000101
1000100010001110111010000010100000101000001010000010010010000010000110
1000100010001011101110000011100000111000001110000010010010000010000111
1000100010001110111010000010100000101000001010000010010010000010000101
1000100010001011101110000011100000111000001110000010010010000010000110
1000100010001110111010000010100000101000001010000010010010000010000111
1000100010001011101110000011100000111000001110000010010010000010000101
1000100010001110111010000010100000101000001010000010010010000010000110
1000100010001011101110000011100000111000001110000010010010000010000111
1000100010001110111010000010100000101000001010000010010010000010000101
1000100010001011101110000011100000111000001110000010010010000010000110
1000100010001110111010000010100000101000001010000010010010000010000111
1000100010001011101110000011100000111000001110000010010010000010000101
1000100010001110111010000010100000101000001010000010010010000010000110
1000100010001011101110000011100000111000001110000010010010000010000111
1000100010001110111010000010100000101000001010000010010010000010000101
1000100010001011101110000011100000111000001110000010010010000010000110
1000100010001110111010000010100000101000001010000010010010000010000111
1000100010001011101110000011100000111000001110000010010010000010000101
1000100010001110111010000010100000101000001010000010010010000010000110
1000100010001011101110000011100000111000001110000010010010000010000111
1000100010001110111010000010100000101000001010000010010010000010000101
1000100010001011101110000011100000111000001110000010010010000010000110
1000100010001110111010000010100000101000001010000010010010000010000111
1000100010001011101110000011100000111000001110000010010010000010000101
1000100010001110111010000010100000101000001010000010010010000010000110
1000100010001011101110000011100000111000001110000010010010000010000111
1000100010001110111010000010100000101000001010000010010010000010000101
1000100010001011101110000011100000111000001110000010010010000010000110
1000100010001110111010000010100000101000001010000010010010000010000111
1000100010001011101110000011100000111000001110000010010010000010000101
1000100010001110111010000010100000101000001010000010010010000010000110
1000100010001011101110000011100000111000001110000010010010000010000111
1000100010001110111010000010100000101000001010000010010010000010000101
1000100010001011101110000011100000111000001110000010010010000010000110
1000100010001110111010000010100000101000001010000010010010000010000111
1000100010001011101110000011100000111000001110000010010010000010000101
1000100010001110111010000010100000101000001010000010010010000010000110
1000100010001011101110000011100000111000001110000010010010000010000111
1000100010001110111010000010100000101000001010000010010010000010000101
1000100010001011101110000011100000111000001110000010010010000010000110
1000100010001110111010000010100000101000001010000010010010000010000111
1000100010001011101110000011100000111000001110000010010010000010000101
1000100010001110111010000010100000101000001010000010010010000010000110
1000100010001011101110000011100000111000001110000010010010000010000111
1000100010001110111010000010100000101000001010000010010010000010000101
1000100010001011101110000011100000111000001110000010010010000010000110
1000100010001110111010000010100000101000001010000010010010000010000111
1000100010001011101110000011100000111000001110000010010010000010000101
