1010101010101110111010111010101110101011101010111010010010111010110110
1111111111111011101111101111111011111110111111101110010011101111111111
1000000000001110111000111000001110000011100000111010010010111000000001
1011111111101011101010101011101010111010101110101110010011101011111100
1110000000111110111111111110111111101111111011111010010010111110000101
1010111110100011100000000011100000111000001110001110010011100010110110
1111100011101010101111111010101110101011101010101010010010101011111111
1000101010111111111000001111111011111110111111111110010011111110000001
1010111111100000001011101000001110000011100000000010010010000010111100
1111100000101111101110111011101010111010101111111010010010111011100101
1000101110111000111011101110111111101111111000001110010011101110100110
1010111011101010101110111011100000111000001011101010010010111011100111
1111101110111111111011101110101110101011101110111110010011101110100101
1000111011100000001110111011111011111110111011100010010010111011100110
1010101110101111101011101110001110000011101110101010010011101110100111
1111111011111000111110111010101010111010111011111110010010111011100101
1000001110001010100011101111111111101111101110000010010011101110100110
1011101010101111101010111000000000111000111010111010010010111011100111
1110111111111000111111101011111110101010101111101110010011101110100101
1011100000001010100000111110000011111111111000111010010010111011100110
1110101111101111101110100010111010000000001010101110010011101110100111
1011111000111000111011101011101110111111101111111010010010111011100101
1110001010101010101110111110111011100000111000001110010011101110100110
1010101111111111111011100011101110101110101011101010010010111011100111
1111111000000000001110101010111011111011111110111110010011101110100101
1000001011111111101011111111101110001110000011100010010010111011100110
1011101110000000111110000000111010101010111010101010010011101110100111
1110111010111110100010111110101111111111101111111110010010111011100101
1011101111100011101011100011111000000000111000000010010011101110100110
1110111000101010111110101010001011111110101011111010010010111011100111
1011101010111111100011111110101110000011111110001110010011101110100101
1110111111100000101010000011111010111010000010101010010010111011100110
1011100000101110111110111010001111101110111011111110010011101110100111
1110101110111011100011101110101000111011101110000010010010111011100101
1011111011101110101010111011111010101110111010111010010011101110100110
1110001110111011111111101110001111111011101111101110010010111011100111
1010101011101110000000111010101000001110111000111010010011101110100101
1111111110111010111110101111111011101011101010101110010010111011100110
1000000011101111100011111000001110111110111111111010010011101110100111
1011111010111000101010001011101011100011100000001110010010111011100101
1110001111101010111110101110111110101010101111101010010011101110100110
1010101000111111100011111011100011111111111000111110010010111011100111
1111111010100000101010001110101010000000001010100010010011101110100101
1000001111101110111110101011111110111111101111101010010010111011100110
1011101000111011100011111110000011100000111000111110010011101110100111
1110111010101110101010000010111010101110101010100010010010111011100101
1011101111111011111110111011101111111011111111101010010011101110100110
1110111000001110000011101110111000001110000000111110010010111011100111
1011101011101010111010111011101011101010111110100010010011101110100101
1110111110111111101111101110111110111111100011101010010010111011100110
1011100011100000111000111011100011100000101010111110010011101110100111
1110101010101110101010101110101010101110111111100010010010111011100101
1011111111111011111111111011111111111011100000101010010011101110100110
1110000000001110000000001110000000001110101110111110010010111011100111
1010111111101010111111101010111111101011111011100010010011101110100101
1111100000111111100000111111100000111110001110101010010010111011100110
1000101110100000101110100000101110100010101011111110010011101110100111
1010111011101110111011101110111011101011111110000010010010111011100101
1111101110111011101110111011101110111110000010111010010011101110100110
1000111011101110111011101110111011100010111011101110010010111011100111
1010101110111011101110111011101110101011101110111010010011101110100101
1111111011101110111011101110111011111110111011101110010010111011100110
1000001110111011101110111011101110000011101110111010010011101110100111
1011101011101110111011101110111010111010111011101110010010111011100101
1110111110111011101110111011101111101111101110111010010011101110100110
1011100011101110111011101110111000111000111011101110010010111011100111
1110101010111011101110111011101010101010101110111010010011101110100101
1011111111101110111011101110111111111111111011101110010010111011100110
1110000000111011101110111011100000000000001110111010010011101110100111
1010111110101110111011101110101111111111101011101110010010111011100101
1111100011111011101110111011111000000000111110111010010011101110100110
1000101010001110111011101110001011111110100011101110010010111011100111
1010111110101011101110111010101110000011101010111010010011101110100101
1111100011111110111011101111111010111010111111101110010010111011100110
1000101010000011101110111000001111101111100000111010010011101110100111
1010111110111010111011101011101000111000101110101110010010111011100101
1111100011101111101110111110111010101010111011111010010011101110100110
1000101010111000111011100011101111111111101110001110010010111011100111
1010111111101010101110101010111000000000111010101010010011101110100101
1111100000111111111011111111101011111110101111111110010010111011100110
1000101110100000001110000000111110000011111000000010010011101110100111
1010111011101111101010111110100010111010001011111010010010111011100101
1111101110111000111111100011101011101110101110001110010011101110100110
1000111011101010100000101010111110111011111010101010010010111011100111
1010101110111111101110111111100011101110001111111110010011101110100101
1111111011100000111011100000101010111010101000000010010010111011100110
1000001110101110101110101110111111101111111011111010010011101110100111
1011101011111011111011111011100000111000001110001110010010111011100101
1110111110001110001110001110101110101011101010101010010011101110100110
1011100010101010101010101011111011111110111111111110010010111011100111
1110101011111111111111111110001110000011100000000010010011101110100101
1011111110000000000000000010101010111010101111111010010010111011100110
1110000010111111111111111011111111101111111000001110010011101110100111
1010111011100000000000001110000000111000001011101010010010111011100101
1111101110101111111111101010111110101011101110111110010011101110100110
1000111011111000000000111111100011111110111011100010010010111011100111
1010101110001011111110100000101010000011101110101010010011101110100101
1111111010101110000011101110111110111010111011111110010010111011100110
1000001111111010111010111011100011101111101110000010010011101110100111
1011101000001111101111101110101010111000111010111010010010111011100101
1110111011101000111000111011111111101010101111101110010011101110100110
1011101110111010101010101110000000111111111000111010010010111011100111
1110111011101111111111111010111110100000001010101110010011101110100101
1011101110111000000000001111100011101111101111111010010010111011100110
1110111011101011111111101000101010111000111000001110010011101110100111
1011101110111110000000111010111111101010101011101010010010111011100101
1110111011100010111110101111100000111111111110111110010011101110100110
1011101110101011100011111000101110100000000011100010010010111011100111
1110111011111110101010001010111011101111111010101010010011101110100101
1011101110000011111110101111101110111000001111111110010010111011100110
1110111010111010000011111000111011101011101000000010010011101110100111
1011101111101110111010001010101110111110111011111010010010111011100101
1110111000111011101110101111111011100011101110001110010011101110100110
1011101010101110111011111000001110101010111010101010010010111011100111
1110111111111011101110001011101011111111101111111110010011101110100101
1011100000001110111010101110111110000000111000000010010010111011100110
1110101111101011101111111011100010111110101011111010010011101110100111
1011111000111110111000001110101011100011111110001110010010111011100101
1110001010100011101011101011111110101010000010101010010011101110100110
1010101111101010111110111110000011111110111011111110010010111011100111
1111111000111111100011100010111010000011101110000010010011101110100101
1000001010100000101010101011101110111010111010111010010010111011100110
1011101111101110111111111110111011101111101111101110010011101110100111
1110111000111011100000000011101110111000111000111010010010111011100101
1011101010101110101111111010111011101010101010101110010011101110100110
1110111111111011111000001111101110111111111111111010010010111011100111
1011100000001110001011101000111011100000000000001110010011101110100101
1110101111101010101110111010101110101111111111101010010010111011100110
1011111000111111111011101111111011111000000000111110010011101110100111
1110001010100000001110111000001110001011111110100010010010111011100101
1010101111101111101011101011101010101110000011101010010011101110100110
1111111000111000111110111110111111111010111010111110010010111011100111
1000001010101010100011100011100000001111101111100010010011101110100101
1011101111111111101010101010101111101000111000101010010010111011100110
1110111000000000111111111111111000111010101010111110010011101110100111
1011101011111110100000000000001010101111111111100010010010111011100101
1110111110000011101111111111101111111000000000101010010011101110100110
1011100010111010111000000000111000001011111110111110010010111011100111
1110101011101111101011111110101011101110000011100010010011101110100101
1011111110111000111110000011111110111010111010101010010010111011100110
1110000011101010100010111010000011101111101111111110010011101110100111
1010111010111111101011101110111010111000111000000010010010111011100101
1111101111100000111110111011101111101010101011111010010011101110100110
1000111000101110100011101110111000111111111110001110010010111011100111
1010101010111011101010111011101010100000000010101010010011101110100101
1111111111101110111111101110111111101111111011111110010010111011100110
1000000000111011100000111011100000111000001110000010010011101110100111
1011111110101110101110101110101110101011101010111010010010111011100101
1110000011111011111011111011111011111110111111101110010011101110100110
1010111010001110001110001110001110000011100000111010010010111011100111
1111101110101010101010101010101010111010101110101110010011101110100101
1000111011111111111111111111111111101111111011111010010010111011100110
1010101110000000000000000000000000111000001110001110010011101110100111
1111111010111111111111111111111110101011101010101010010010111011100101
1000001111100000000000000000000011111110111111111110010011101110100110
1011101000101111111111111111111010000011100000000010010010111011100111
1110111010111000000000000000001110111010101111111010010011101110100101
1011101111101011111111111111101011101111111000001110010010111011100110
1110111000111110000000000000111110111000001011101010010011101110100111
1011101010100010111111111110100011101011101110111110010010111011100101
1110111111101011100000000011101010111110111011100010010011101110100110
1011100000111110101111111010111111100011101110101010010010111011100111
1110101110100011111000001111100000101010111011111110010011101110100101
1011111011101010001011101000101110111111101110000010010010111011100110
1110001110111110101110111010111011100000111010111010010011101110100111
1010101011100011111011101111101110101110101111101110010010111011100101
1111111110101010001110111000111011111011111000111010010011101110100110
1000000011111110101011101010101110001110001010101110010010111011100111
1011111010000011111110111111111010101010101111111010010011101110100101
1110001110111010000011100000001111111111111000001110010010111011100110
1010101011101110111010101111101000000000001011101010010011101110100111
1111111110111011101111111000111011111111101110111110010010111011100101
1000000011101110111000001010101110000000111011100010010011101110100110
1011111010111011101011101111111010111110101110101010010010111011100111
1110001111101110111110111000001111100011111011111110010011101110100101
1010101000111011100011101011101000101010001110000010010010111011100110
1111111010101110101010111110111010111110101010111010010011101110100111
1000001111111011111111100011101111100011111111101110010010111011100101
1011101000001110000000101010111000101010000000111010010011101110100110
1110111011101010111110111111101010111110111110101110010010111011100111
1011101110111111100011100000111111100011100011111010010011101110100101
1110111011100000101010101110100000101010101010001110010010111011100110
1011101110101110111111111011101110111111111110101010010011101110100111
1110111011111011100000001110111011100000000011111110010010111011100101
1011101110001110101111101011101110101111111010000010010011101110100110
1110111010101011111000111110111011111000001110111010010010111011100111
1011101111111110001010100011101110001011101011101110010011101110100101
1110111000000010101111101010111010101110111110111010010010111011100110
1011101011111011111000111111101111111011100011101110010011101110100111
1110111110001110001010100000111000001110101010111010010010111011100101
1011100010101010101111101110101011101011111111101110010011101110100110
1110101011111111111000111011111110111110000000111010010010111011100111
1011111110000000001010101110000011100010111110101110010011101110100101
1110000010111111101111111010111010101011100011111010010010111011100110
1010111011100000111000001111101111111110101010001110010011101110100111
1111101110101110101011101000111000000011111110101010010010111011100101
1000111011111011111110111010101011111010000011111110010011101110100110
1010101110001110000011101111111110001110111010000010010010111011100111
1111111010101010111010111000000010101011101110111010010011101110100101
1000001111111111101111101011111011111110111011101110010010111011100110
1011101000000000111000111110001110000011101110111010010011101110100111
1110111011111110101010100010101010111010111011101110010010111011100101
1011101110000011111111101011111111101111101110111010010011101110100110
1110111010111010000000111110000000111000111011101110010010111011100111
1011101111101110111110100010111110101010101110111010010011101110100101
1110111000111011100011101011100011111111111011101110010010111011100110
1011101010101110101010111110101010000000001110111010010011101110100111
1110111111111011111111100011111110111111101011101110010010111011100101
1011100000001110000000101010000011100000111110111010010011101110100110
1110101111101010111110111110111010101110100011101110010010111011100111
