1011111000111111100011100011101111111011100110111010110111101110101101
1110001001100000100110100110111000001110101111101111111100111011111111
1010011011100001101111101111101000011011111000111000000101101110000001
1110111110100011111000111000111000111110001001101000001111111010000011
1011100011100110001001101001101001100010011011111000011000001110000111
1110100110101110011011111011111011100110111110001000111000011010001101
1011101111111010111110001110001110101111100010011001101000111110011111
1110111000001111100010011010011011111000100110111011111001100010110001
1011101000011000100110111110111110001001101111101110001011100111110011
1110111000111001101111100011100010011011111000111010011110101100010111
1011101001101011111000100110100110111110001001101110110011111100111101
1110111011111110001001101111101111100010011011111011110110000101100111
1011101110000010011011111000111000100110111110001110011110001111101101
1110111010000110111110001001101001101111100010011010110010011000111111
1011101110001111100010011011111011111000100110111111110110111001100001
1110111010011000100110111110001110001001101111100000011111101011100011
1011101110111001101111100010011010011011111000100000110000111110100111
1110111011101011111000100110111110111110001001100001110001100011101101
1011101110111110001001101111100011100010011011100011010011100110111111
1110111011100010011011111000100110100110111110100111110110101111100001
1011101110100110111110001001101111101111100011101100011111111000100011
1110111011101111100010011011111000111000100110111100110000001001100111
1011101110111000100110111110001001101001101111100101110000011011101101
1110111011101001101111100010011011111011111000101111010000111110111111
1011101110111011111000100110111110001110001001111001110001100011100001
1110111011101110001001101111100010011010011011001011010011100110100011
1011101110111010011011111000100110111110111111011111110110101111100111
1110111011101110111110001001101111100011100001110000011111111000101101
1011101110111011100010011011111000100110100011010000110000001001111111
1110111011101110100110111110001001101111100111110001110000011011000001
1011101110111011101111100010011011111000101100010011010000111111000011
1110111011101110111000100110111110001001111100110111110001100001000111
1011101110111011101001101111100010011011000101111100010011100011001101
1110111011101110111011111000100110111111001111000100110110100111011111
1011101110111011101110001001101111100001011001001101111111101101110001
1110111011101110111010011011111000100011111011011111000000111111010011
1011101110111011101110111110001001100110001111110001000001100001110111
1110111011101110111011100010011011101110011000010011000011100011011101
1011101110111011101110100110111110111010111000110111000110100111110111
1110111011101110111011101111100011101111101001111101001111101100011101
1011101110111011101110111000100110111000111011000111011000111100110111
1110111011101110111011101001101111101001101111001101111001100101111101
1011101110111011101110111011111000111011111001011111001011101111000111
1110111011101110111011101110001001101110001011110001011110111001001101
1011101110111011101110111010011011111010011110010011110011101011011111
1110111011101110111011101110111110001110110010110110010110111111110001
1011101110111011101110111011100010011011110111111110111111100000010011
1110111011101110111011101110100110111110011100000011100000100000110111
1011101110111011101110111011101111100010110100000110100001100001111101
1110111011101110111011101110111000100111111100001111100011100011000111
1011101110111011101110111011101001101100000100011000100110100111001101
1110111011101110111011101110111011111100001100111001101111101101011111
1011101110111011101110111011101110000100011101101011111000111111110001
1110111011101110111011101110111010001100110111111110001001100000010011
1011101110111011101110111011101110011101111100000010011011100000110111
1110111011101110111011101110111010110111000100000110111110100001111101
1011101110111011101110111011101111111101001100001111100011100011000111
1110111011101110111011101110111000000111011100011000100110100111001101
1011101110111011101110111011101000001101110100111001101111101101011111
1110111011101110111011101110111000011111011101101011111000111111110001
1011101110111011101110111011101000110001110111111110001001100000010011
1110111011101110111011101110111001110011011100000010011011100000110111
1011101110111011101110111011101011010111110100000110111110100001111101
1110111011101110111011101110111111111100011100001111100011100011000111
1011101110111011101110111011100000000100110100011000100110100111001101
1110111011101110111011101110100000001101111100111001101111101101011111
1011101110111011101110111011100000011111000101101011111000111111110001
1110111011101110111011101110100000110001001111111110001001100000010011
1011101110111011101110111011100001110011011000000010011011100000110111
1110111011101110111011101110100011010111111000000110111110100001111101
1011101110111011101110111011100111111100001000001111100011100011000111
1110111011101110111011101110101100000100011000011000100110100111001101
1011101110111011101110111011111100001100111000111001101111101101011111
1110111011101110111011101110000100011101101001101011111000111111110001
1011101110111011101110111010001100110111111011111110001001100000010011
1110111011101110111011101110011101111100001110000010011011100000110111
1011101110111011101110111010110111000100011010000110111110100001111101
1110111011101110111011101111111101001100111110001111100011100011000111
1011101110111011101110111000000111011101100010011000100110100111001101
1110111011101110111011101000001101110111100110111001101111101101011111
1011101110111011101110111000011111011100101111101011111000111111110001
1110111011101110111011101000110001110101111000111110001001100000010011
1011101110111011101110111001110011011111001001100010011011100000110111
1110111011101110111011101011010111110001011011100110111110100001111101
1011101110111011101110111111111100010011111110101111100011100011000111
1110111011101110111011100000000100110110000011111000100110100111001101
1011101110111011101110100000001101111110000110001001101111101101011111
1110111011101110111011100000011111000010001110011011111000111111110001
1011101110111011101110100000110001000110011010111110001001100000010011
1110111011101110111011100001110011001110111111100010011011100000110111
1011101110111011101110100011010111011011100000100110111110100001111101
1110111011101110111011100111111101111110100001101111100011100011000111
1011101110111011101110101100000111000011100011111000100110100111001101
1110111011101110111011111100001101000110100110001001101111101101011111
1011101110111011101110000100011111001111101110011011111000111111110001
1110111011101110111010001100110001011000111010111110001001100000010011
1011101110111011101110011101110011111001101111100010011011100000110111
1110111011101110111010110111010110001011111000100110111110100001111101
1011101110111011101111111101111110011110001001101111100011100011000111
1110111011101110111000000111000010110010011011111000100110100111001101
1011101110111011101000001101000111110110111110001001101111101101011111
1110111011101110111000011111001100011111100010011011111000111111110001
1011101110111011101000110001011100110000100110111110001001100000010011
1110111011101110111001110011110101110001101111100010011011100000110111
1011101110111011101011010110011111010011111000100110111110100001111101
1110111011101110111111111110110001110110001001101111100011100011000111
1011101110111011100000000011110011011110011011111000100110100111001101
1110111011101110100000000110010111110010111110001001101111101101011111
1011101110111011100000001110111100010111100010011011111000111111110001
1110111011101110100000011011100100111100100110111110001001100000010011
1011101110111011100000111110101101100101101111100010011011100000110111
1110111011101110100001100011111111101111111000100110111110100001111101
1011101110111011100011100110000000111000001001101111100011100011000111
1110111011101110100110101110000001101000011011111000100110100111001101
1011101110111011101111111010000011111000111110001001101111101101011111
1110111011101110111000001110000110001001100010011011111000111111110001
1011101110111011101000011010001110011011100110111110001001100000010011
1110111011101110111000111110011010111110101111100010011011100000110111
1011101110111011101001100010111111100011111000100110111110100001111101
1110111011101110111011100111100000100110001001101111100011100011000111
1011101110111011101110101100100001101110011011111000100110100111001101
1110111011101110111011111101100011111010111110001001101111101101011111
1011101110111011101110000111100110001111100010011011111000111111110001
1110111011101110111010001100101110011000100110111110001001100000010011
1011101110111011101110011101111010111001101111100010011011100000110111
1110111011101110111010110111001111101011111000100110111110100001111101
1011101110111011101111111101011000111110001001101111100011100011000111
1110111011101110111000000111111001100010011011111000100110100111001101
1011101110111011101000001100001011100110111110001001101111101101011111
1110111011101110111000011100011110101111100010011011111000111111110001
1011101110111011101000110100110011111000100110111110001001100000010011
1110111011101110111001111101110110001001101111100010011011100000110111
1011101110111011101011000111011110011011111000100110111110100001111101
1110111011101110111111001101110010111110001001101111100011100011000111
1011101110111011100001011111010111100010011011111000100110100111001101
1110111011101110100011110001111100100110111110001001101111101101011111
1011101110111011100110010011000101101111100010011011111000111111110001
1110111011101110101110110111001111111000100110111110001001100000010011
1011101110111011111011111101011000001001101111100010011011100000110111
1110111011101110001110000111111000011011111000100110111110100001111101
1011101110111010011010001100001000111110001001101111100011100011000111
1110111011101110111110011100011001100010011011111000100110100111001101
1011101110111011100010110100111011100110111110001001101111101101011111
1110111011101110100111111101101110101111100010011011111000111111110001
1011101110111011101100000111111011111000100110111110001001100000010011
1110111011101110111100001100001110001001101111100010011011100000110111
1011101110111011100100011100011010011011111000100110111110100001111101
1110111011101110101100110100111110111110001001101111100011100011000111
1011101110111011111101111101100011100010011011111000100110100111001101
1110111011101110000111000111100110100110111110001001101111101101011111
1011101110111010001101001100101111101111100010011011111000111111110001
1110111011101110011111011101111000111000100110111110001001100000010011
1011101110111010110001110111001001101001101111100010011011100000110111
1110111011101111110011011101011011111011111000100110111110100001111101
1011101110111000010111110111111110001110001001101111100011100011000111
1110111011101000111100011100000010011010011011111000100110100111001101
1011101110111001100100110100000110111110111110001001101111101101011111
1110111011101011101101111100001111100011100010011011111000111111110001
1011101110111110111111000100011000100110100110111110001001100000010011
1110111011100011100001001100111001101111101111100010011011100000110111
1011101110100110100011011101101011111000111000100110111110100001111101
1110111011101111100111110111111110001001101001101111100011100011000111
1011101110111000101100011100000010011011111011111000100110100111001101
1110111011101001111100110100000110111110001110001001101111101101011111
1011101110111011000101111100001111100010011010011011111000111111110001
1110111011101111001111000100011000100110111110111110001001100000010011
1011101110111001011001001100111001101111100011100010011011100000110111
1110111011101011111011011101101011111000100110100110111110100001111101
1011101110111110001111110111111110001001101111101111100011100011000111
1110111011100010011000011100000010011011111000111000100110100111001101
1011101110100110111000110100000110111110001001101001101111101101011111
1110111011101111101001111100001111100010011011111011111000111111110001
1011101110111000111011000100011000100110111110001110001001100000010011
1110111011101001101111001100111001101111100010011010011011100000110111
1011101110111011111001011101101011111000100110111110111110100001111101
1110111011101110001011110111111110001001101111100011100011100011000111
1011101110111010011110011100000010011011111000100110100110100111001101
1110111011101110110010110100000110111110001001101111101111101101011111
1011101110111011110111111100001111100010011011111000111000111111110001
1110111011101110011100000100011000100110111110001001101001100000010011
1011101110111010110100001100111001101111100010011011111011100000110111
1110111011101111111100011101101011111000100110111110001110100001111101
1011101110111000000100110111111110001001101111100010011011100011000111
1110111011101000001101111100000010011011111000100110111110100111001101
1011101110111000011111000100000110111110001001101111100011101101011111
1110111011101000110001001100001111100010011011111000100110111111110001
1011101110111001110011011100011000100110111110001001101111100000010011
1110111011101011010111110100111001101111100010011011111000100000110111
1011101110111111111100011101101011111000100110111110001001100001111101
1110111011100000000100110111111110001001101111100010011011100011000111
1011101110100000001101111100000010011011111000100110111110100111001101
1110111011100000011111000100000110111110001001101111100011101101011111
1011101110100000110001001100001111100010011011111000100110111111110001
1110111011100001110011011100011000100110111110001001101111100000010011
1011101110100011010111110100111001101111100010011011111000100000110111
1110111011100111111100011101101011111000100110111110001001100001111101
1011101110101100000100110111111110001001101111100010011011100011000111
1110111011111100001101111100000010011011111000100110111110100111001101
1011101110000100011111000100000110111110001001101111100011101101011111
1110111010001100110001001100001111100010011011111000100110111111110001
1011101110011101110011011100011000100110111110001001101111100000010011
1110111010110111010111110100111001101111100010011011111000100000110111
1011101111111101111100011101101011111000100110111110001001100001111101
1110111000000111000100110111111110001001101111100010011011100011000111
1011101000001101001101111100000010011011111000100110111110100111001101
1110111000011111011111000100000110111110001001101111100011101101011111
1011101000110001110001001100001111100010011011111000100110111111110001
1110111001110011010011011100011000100110111110001001101111100000010011
1011101011010111110111110100111001101111100010011011111000100000110111
1110111111111100011100011101101011111000100110111110001001100001111101
