1011100000000101110101110111111110001011101111100010111011101111000111
1110101111111111011111011100000010111110111000101111101110111001011101
1011111000000001110001110101111111100011101011111000111011101011110111
1110001011111111010111011111000000101110111110001011101110111110011101
1010111110000001111101110001011111111011100010111110111011100010110111
1111100010111111000111010111110000001110101111100011101110101111111101
1000101111100001011101111100010111111011111000101110111011111000000111
1011111000101111110111000101111100001110001011111011101110001011111101
1110001011111000011101011111000101111010111110001110111010111110000111
1010111110001011110111110001011111001111100010111011101111100010111101
1111100010111110011100010111110001011000101111101110111000101111100111
1000101111100010110101111100010111111011111000111011101011111000101101
1011111000101111111111000101111100001110001011101110111110001011111111
1110001011111000000001011111000101111010111110111011100010111110000001
1010111110001011111111110001011111001111100011101110101111100010111111
1111100010111110000000010111110001011000101110111011111000101111100001
1000101111100010111111111100010111111011111011101110001011111000101111
1011111000101111100000000101111100001110001110111010111110001011111001
1110001011111000101111111111000101111010111011101111100010111110001011
1010111110001011111000000001011111001111101110111000101111100010111111
1111100010111110001011111111110001011000111011101011111000101111100001
1000101111100010111110000000010111111011101110111110001011111000101111
1011111000101111100010111111111100001110111011100010111110001011111001
1110001011111000101111100000000101111011101110101111100010111110001011
1010111110001011111000101111111111001110111011111000101111100010111111
1111100010111110001011111000000001011011101110001011111000101111100001
1000101111100010111110001011111111111110111010111110001011111000101111
1011111000101111100010111110000000000011101111100010111110001011111001
1110001011111000101111100010111111111110111000101111100010111110001011
1010111110001011111000101111100000000011101011111000101111100010111111
1111100010111110001011111000101111111110111110001011111000101111100001
1000101111100010111110001011111000000011100010111110001011111000101111
1011111000101111100010111110001011111110101111100010111110001011111001
1110001011111000101111100010111110000011111000101111100010111110001011
1010111110001011111000101111100010111110001011111000101111100010111111
1111100010111110001011111000101111100010111110001011111000101111100001
1000101111100010111110001011111000101111100010111110001011111000101111
1011111000101111100010111110001011111000101111100010111110001011111001
1110001011111000101111100010111110001011111000101111100010111110001011
1010111110001011111000101111100010111110001011111000101111100010111111
1111100010111110001011111000101111100010111110001011111000101111100001
1000101111100010111110001011111000101111100010111110001011111000101111
1011111000101111100010111110001011111000101111100010111110001011111001
1110001011111000101111100010111110001011111000101111100010111110001011
1010111110001011111000101111100010111110001011111000101111100010111111
1111100010111110001011111000101111100010111110001011111000101111100001
1000101111100010111110001011111000101111100010111110001011111000101111
1011111000101111100010111110001011111000101111100010111110001011111001
1110001011111000101111100010111110001011111000101111100010111110001011
1010111110001011111000101111100010111110001011111000101111100010111111
1111100010111110001011111000101111100010111110001011111000101111100001
1000101111100010111110001011111000101111100010111110001011111000101111
1011111000101111100010111110001011111000101111100010111110001011111001
1110001011111000101111100010111110001011111000101111100010111110001011
1010111110001011111000101111100010111110001011111000101111100010111111
1111100010111110001011111000101111100010111110001011111000101111100001
1000101111100010111110001011111000101111100010111110001011111000101111
1011111000101111100010111110001011111000101111100010111110001011111001
1110001011111000101111100010111110001011111000101111100010111110001011
1010111110001011111000101111100010111110001011111000101111100010111111
1111100010111110001011111000101111100010111110001011111000101111100001
1000101111100010111110001011111000101111100010111110001011111000101111
1011111000101111100010111110001011111000101111100010111110001011111001
1110001011111000101111100010111110001011111000101111100010111110001011
1010111110001011111000101111100010111110001011111000101111100010111111
1111100010111110001011111000101111100010111110001011111000101111100001
1000101111100010111110001011111000101111100010111110001011111000101111
1011111000101111100010111110001011111000101111100010111110001011111001
1110001011111000101111100010111110001011111000101111100010111110001011
1010111110001011111000101111100010111110001011111000101111100010111111
1111100010111110001011111000101111100010111110001011111000101111100001
1000101111100010111110001011111000101111100010111110001011111000101111
1011111000101111100010111110001011111000101111100010111110001011111001
1110001011111000101111100010111110001011111000101111100010111110001011
1010111110001011111000101111100010111110001011111000101111100010111111
1111100010111110001011111000101111100010111110001011111000101111100001
1000101111100010111110001011111000101111100010111110001011111000101111
1011111000101111100010111110001011111000101111100010111110001011111001
1110001011111000101111100010111110001011111000101111100010111110001011
1010111110001011111000101111100010111110001011111000101111100010111111
1111100010111110001011111000101111100010111110001011111000101111100001
1000101111100010111110001011111000101111100010111110001011111000101111
1011111000101111100010111110001011111000101111100010111110001011111001
1110001011111000101111100010111110001011111000101111100010111110001011
1010111110001011111000101111100010111110001011111000101111100010111111
1111100010111110001011111000101111100010111110001011111000101111100001
1000101111100010111110001011111000101111100010111110001011111000101111
1011111000101111100010111110001011111000101111100010111110001011111001
1110001011111000101111100010111110001011111000101111100010111110001011
1010111110001011111000101111100010111110001011111000101111100010111111
1111100010111110001011111000101111100010111110001011111000101111100001
1000101111100010111110001011111000101111100010111110001011111000101111
1011111000101111100010111110001011111000101111100010111110001011111001
1110001011111000101111100010111110001011111000101111100010111110001011
1010111110001011111000101111100010111110001011111000101111100010111111
1111100010111110001011111000101111100010111110001011111000101111100001
1000101111100010111110001011111000101111100010111110001011111000101111
1011111000101111100010111110001011111000101111100010111110001011111001
1110001011111000101111100010111110001011111000101111100010111110001011
1010111110001011111000101111100010111110001011111000101111100010111111
1111100010111110001011111000101111100010111110001011111000101111100001
1000101111100010111110001011111000101111100010111110001011111000101111
1011111000101111100010111110001011111000101111100010111110001011111001
1110001011111000101111100010111110001011111000101111100010111110001011
1010111110001011111000101111100010111110001011111000101111100010111111
1111100010111110001011111000101111100010111110001011111000101111100001
1000101111100010111110001011111000101111100010111110001011111000101111
1011111000101111100010111110001011111000101111100010111110001011111001
1110001011111000101111100010111110001011111000101111100010111110001011
1010111110001011111000101111100010111110001011111000101111100010111111
1111100010111110001011111000101111100010111110001011111000101111100001
1000101111100010111110001011111000101111100010111110001011111000101111
1011111000101111100010111110001011111000101111100010111110001011111001
1110001011111000101111100010111110001011111000101111100010111110001011
1010111110001011111000101111100010111110001011111000101111100010111111
1111100010111110001011111000101111100010111110001011111000101111100001
1000101111100010111110001011111000101111100010111110001011111000101111
1011111000101111100010111110001011111000101111100010111110001011111001
1110001011111000101111100010111110001011111000101111100010111110001011
1010111110001011111000101111100010111110001011111000101111100010111111
1111100010111110001011111000101111100010111110001011111000101111100001
1000101111100010111110001011111000101111100010111110001011111000101111
1011111000101111100010111110001011111000101111100010111110001011111001
1110001011111000101111100010111110001011111000101111100010111110001011
1010111110001011111000101111100010111110001011111000101111100010111111
1111100010111110001011111000101111100010111110001011111000101111100001
1000101111100010111110001011111000101111100010111110001011111000101111
1011111000101111100010111110001011111000101111100010111110001011111001
1110001011111000101111100010111110001011111000101111100010111110001011
1010111110001011111000101111100010111110001011111000101111100010111111
1111100010111110001011111000101111100010111110001011111000101111100001
1000101111100010111110001011111000101111100010111110001011111000101111
1011111000101111100010111110001011111000101111100010111110001011111001
1110001011111000101111100010111110001011111000101111100010111110001011
1010111110001011111000101111100010111110001011111000101111100010111111
1111100010111110001011111000101111100010111110001011111000101111100001
1000101111100010111110001011111000101111100010111110001011111000101111
1011111000101111100010111110001011111000101111100010111110001011111001
1110001011111000101111100010111110001011111000101111100010111110001011
1010111110001011111000101111100010111110001011111000101111100010111111
1111100010111110001011111000101111100010111110001011111000101111100001
1000101111100010111110001011111000101111100010111110001011111000101111
1011111000101111100010111110001011111000101111100010111110001011111001
1110001011111000101111100010111110001011111000101111100010111110001011
1010111110001011111000101111100010111110001011111000101111100010111111
1111100010111110001011111000101111100010111110001011111000101111100001
1000101111100010111110001011111000101111100010111110001011111000101111
1011111000101111100010111110001011111000101111100010111110001011111001
1110001011111000101111100010111110001011111000101111100010111110001011
1010111110001011111000101111100010111110001011111000101111100010111111
1111100010111110001011111000101111100010111110001011111000101111100001
1000101111100010111110001011111000101111100010111110001011111000101111
1011111000101111100010111110001011111000101111100010111110001011111001
1110001011111000101111100010111110001011111000101111100010111110001011
1010111110001011111000101111100010111110001011111000101111100010111111
1111100010111110001011111000101111100010111110001011111000101111100001
1000101111100010111110001011111000101111100010111110001011111000101111
1011111000101111100010111110001011111000101111100010111110001011111001
1110001011111000101111100010111110001011111000101111100010111110001011
1010111110001011111000101111100010111110001011111000101111100010111111
1111100010111110001011111000101111100010111110001011111000101111100001
1000101111100010111110001011111000101111100010111110001011111000101111
1011111000101111100010111110001011111000101111100010111110001011111001
1110001011111000101111100010111110001011111000101111100010111110001011
1010111110001011111000101111100010111110001011111000101111100010111111
1111100010111110001011111000101111100010111110001011111000101111100001
1000101111100010111110001011111000101111100010111110001011111000101111
1011111000101111100010111110001011111000101111100010111110001011111001
1110001011111000101111100010111110001011111000101111100010111110001011
1010111110001011111000101111100010111110001011111000101111100010111111
1111100010111110001011111000101111100010111110001011111000101111100001
1000101111100010111110001011111000101111100010111110001011111000101111
1011111000101111100010111110001011111000101111100010111110001011111001
1110001011111000101111100010111110001011111000101111100010111110001011
1010111110001011111000101111100010111110001011111000101111100010111111
1111100010111110001011111000101111100010111110001011111000101111100001
1000101111100010111110001011111000101111100010111110001011111000101111
1011111000101111100010111110001011111000101111100010111110001011111001
1110001011111000101111100010111110001011111000101111100010111110001011
1010111110001011111000101111100010111110001011111000101111100010111111
1111100010111110001011111000101111100010111110001011111000101111100001
1000101111100010111110001011111000101111100010111110001011111000101111
1011111000101111100010111110001011111000101111100010111110001011111001
1110001011111000101111100010111110001011111000101111100010111110001011
1010111110001011111000101111100010111110001011111000101111100010111111
1111100010111110001011111000101111100010111110001011111000101111100001
1000101111100010111110001011111000101111100010111110001011111000101111
1011111000101111100010111110001011111000101111100010111110001011111001
1110001011111000101111100010111110001011111000101111100010111110001011
1010111110001011111000101111100010111110001011111000101111100010111111
1111100010111110001011111000101111100010111110001011111000101111100001
1000101111100010111110001011111000101111100010111110001011111000101111
1011111000101111100010111110001011111000101111100010111110001011111001
1110001011111000101111100010111110001011111000101111100010111110001011
1010111110001011111000101111100010111110001011111000101111100010111111
1111100010111110001011111000101111100010111110001011111000101111100001
1000101111100010111110001011111000101111100010111110001011111000101111
1011111000101111100010111110001011111000101111100010111110001011111001
1110001011111000101111100010111110001011111000101111100010111110001011
1010111110001011111000101111100010111110001011111000101111100010111111
1111100010111110001011111000101111100010111110001011111000101111100001
1000101111100010111110001011111000101111100010111110001011111000101111
1011111000101111100010111110001011111000101111100010111110001011111001
1110001011111000101111100010111110001011111000101111100010111110001011
1010111110001011111000101111100010111110001011111000101111100010111111
1111100010111110001011111000101111100010111110001011111000101111100001
1000101111100010111110001011111000101111100010111110001011111000101111
1011111000101111100010111110001011111000101111100010111110001011111001
1110001011111000101111100010111110001011111000101111100010111110001011
1010111110001011111000101111100010111110001011111000101111100010111111
