1111111111111111111111111111111111111111111111111111111111111111111111
1000000000000000000000000000000000000000000000000000000000000000000001
0111111111111111111111111111111111111111111111111111111111111111111100
0100000000000000000000000000000000000000000000000000000000000000000111
0011111111111111111111111111111111111111111111111111111111111111110101
1010000000000000000000000000000000000000000000000000000000000000011010
0101111111111111111111111111111111111111111111111111111111111111011100
0011000000000000000000000000000000000000000000000000000000000001110111
1011111111111111111111111111111111111111111111111111111111111101011101
0110000000000000000000000000000000000000000000000000000000000110110110
0111111111111111111111111111111111111111111111111111111111110111111110
0100000000000000000000000000000000000000000000000000000000011100000010
0011111111111111111111111111111111111111111111111111111111010111111000
1010000000000000000000000000000000000000000000000000000001101100001111
0101111111111111111111111111111111111111111111111111111101111111101001
0011000000000000000000000000000000000000000000000000000111000000110100
1011111111111111111111111111111111111111111111111111110101111110111011
0110000000000000000000000000000000000000000000000000011011000011101111
0111111111111111111111111111111111111111111111111111011111111010111001
0100000000000000000000000000000000000000000000000001110000001101101100
0011111111111111111111111111111111111111111111111101011111101111111111
1010000000000000000000000000000000000000000000000110110000111000000001
0101111111111111111111111111111111111111111111110111111110101111111100
0011000000000000000000000000000000000000000000011100000011011000000111
1011111111111111111111111111111111111111111111010111111011111111110101
0110000000000000000000000000000000000000000001101100001110000000011010
0111111111111111111111111111111111111111111101111111101011111111011100
0100000000000000000000000000000000000000000111000000110110000001110111
0011111111111111111111111111111111111111110101111110111111111101011101
1010000000000000000000000000000000000000011011000011100000000110110110
0101111111111111111111111111111111111111011111111010111111110111111110
0011000000000000000000000000000000000001110000001101100000011100000010
1011111111111111111111111111111111111101011111101111111111010111111000
0110000000000000000000000000000000000110110000111000000001101100001111
0111111111111111111111111111111111110111111110101111111101111111101001
0100000000000000000000000000000000011100000011011000000111000000110100
0011111111111111111111111111111111010111111011111111110101111110111011
1010000000000000000000000000000001101100001110000000011011000011101111
0101111111111111111111111111111101111111101011111111011111111010111001
0011000000000000000000000000000111000000110110000001110000001101101100
1011111111111111111111111111110101111110111111111101011111101111111111
0110000000000000000000000000011011000011100000000110110000111000000001
0111111111111111111111111111011111111010111111110111111110101111111100
0100000000000000000000000001110000001101100000011100000011011000000111
0011111111111111111111111101011111101111111111010111111011111111110101
1010000000000000000000000110110000111000000001101100001110000000011010
0101111111111111111111110111111110101111111101111111101011111111011100
0011000000000000000000011100000011011000000111000000110110000001110111
1011111111111111111111010111111011111111110101111110111111111101011101
0110000000000000000001101100001110000000011011000011100000000110110110
0111111111111111111101111111101011111111011111111010111111110111111110
0100000000000000000111000000110110000001110000001101100000011100000010
0011111111111111110101111110111111111101011111101111111111010111111000
1010000000000000011011000011100000000110110000111000000001101100001111
0101111111111111011111111010111111110111111110101111111101111111101001
0011000000000001110000001101100000011100000011011000000111000000110100
1011111111111101011111101111111111010111111011111111110101111110111011
0110000000000110110000111000000001101100001110000000011011000011101111
0111111111110111111110101111111101111111101011111111011111111010111001
0100000000011100000011011000000111000000110110000001110000001101101100
0011111111010111111011111111110101111110111111111101011111101111111111
1010000001101100001110000000011011000011100000000110110000111000000001
0101111101111111101011111111011111111010111111110111111110101111111100
0011000111000000110110000001110000001101100000011100000011011000000111
1011110101111110111111111101011111101111111111010111111011111111110101
0110011011000011100000000110110000111000000001101100001110000000011010
0111011111111010111111110111111110101111111101111111101011111111011100
0101110000001101100000011100000011011000000111000000110110000001110111
0011011111101111111111010111111011111111110101111110111111111101011101
1011110000111000000001101100001110000000011011000011100000000110110110
0110011110101111111101111111101011111111011111111010111111110111111110
0111010011011000000111000000110110000001110000001101100000011100000010
0101101011111111110101111110111111111101011111101111111111010111111000
0011110110000000011011000011100000000110110000111000000001101100001111
1010011111111111011111111010111111110111111110101111111101111111101001
0101010000000001110000001101100000011100000011011000000111000000110100
0010101111111101011111101111111111010111111011111111110101111110111011
1001011000000110110000111000000001101100001110000000011011000011101111
0100111111110111111110101111111101111111101011111111011111111010111001
0010100000011100000011011000000111000000110110000001110000001101101100
1001011111010111111011111111110101111110111111111101011111101111111111
0100110001101100001110000000011011000011100000000110110000111000000001
0010111101111111101011111111011111111010111111110111111110101111111100
1001100111000000110110000001110000001101100000011100000011011000000111
0101110101111110111111111101011111101111111111010111111011111111110101
0011011011000011100000000110110000111000000001101100001110000000011010
1011111111111010111111110111111110101111111101111111101011111111011100
0110000000001101100000011100000011011000000111000000110110000001110111
0111111111101111111111010111111011111111110101111110111111111101011101
0100000000111000000001101100001110000000011011000011100000000110110110
0011111110101111111101111111101011111111011111111010111111110111111110
1010000011011000000111000000110110000001110000001101100000011100000010
0101111011111111110101111110111111111101011111101111111111010111111000
0011001110000000011011000011100000000110110000111000000001101100001111
1011101011111111011111111010111111110111111110101111111101111111101001
0110110110000001110000001101100000011100000011011000000111000000110100
0111111111111101011111101111111111010111111011111111110101111110111011
0100000000000110110000111000000001101100001110000000011011000011101111
0011111111110111111110101111111101111111101011111111011111111010111001
1010000000011100000011011000000111000000110110000001110000001101101100
0101111111010111111011111111110101111110111111111101011111101111111111
0011000001101100001110000000011011000011100000000110110000111000000001
1011111101111111101011111111011111111010111111110111111110101111111100
0110000111000000110110000001110000001101100000011100000011011000000111
0111110101111110111111111101011111101111111111010111111011111111110101
0100011011000011100000000110110000111000000001101100001110000000011010
0011011111111010111111110111111110101111111101111111101011111111011100
1011110000001101100000011100000011011000000111000000110110000001110111
0110011111101111111111010111111011111111110101111110111111111101011101
0111010000111000000001101100001110000000011011000011100000000110110110
0101101110101111111101111111101011111111011111111010111111110111111110
0011111011011000000111000000110110000001110000001101100000011100000010
1010001111111111110101111110111111111101011111101111111111010111111000
0101101000000000011011000011100000000110110000111000000001101100001111
0011110111111111011111111010111111110111111110101111111101111111101001
1010011100000001110000001101100000011100000011011000000111000000110100
0101010111111101011111101111111111010111111011111111110101111110111011
0010101100000110110000111000000001101100001110000000011011000011101111
1001011111110111111110101111111101111111101011111111011111111010111001
0100110000011100000011011000000111000000110110000001110000001101101100
0010111111010111111011111111110101111110111111111101011111101111111111
1001100001101100001110000000011011000011100000000110110000111000000001
0101111101111111101011111111011111111010111111110111111110101111111100
0011000111000000110110000001110000001101100000011100000011011000000111
1011110101111110111111111101011111101111111111010111111011111111110101
0110011011000011100000000110110000111000000001101100001110000000011010
0111011111111010111111110111111110101111111101111111101011111111011100
0101110000001101100000011100000011011000000111000000110110000001110111
0011011111101111111111010111111011111111110101111110111111111101011101
1011110000111000000001101100001110000000011011000011100000000110110110
0110011110101111111101111111101011111111011111111010111111110111111110
0111010011011000000111000000110110000001110000001101100000011100000010
0101101011111111110101111110111111111101011111101111111111010111111000
0011110110000000011011000011100000000110110000111000000001101100001111
1010011111111111011111111010111111110111111110101111111101111111101001
0101010000000001110000001101100000011100000011011000000111000000110100
0010101111111101011111101111111111010111111011111111110101111110111011
1001011000000110110000111000000001101100001110000000011011000011101111
0100111111110111111110101111111101111111101011111111011111111010111001
0010100000011100000011011000000111000000110110000001110000001101101100
1001011111010111111011111111110101111110111111111101011111101111111111
0100110001101100001110000000011011000011100000000110110000111000000001
0010111101111111101011111111011111111010111111110111111110101111111100
1001100111000000110110000001110000001101100000011100000011011000000111
0101110101111110111111111101011111101111111111010111111011111111110101
0011011011000011100000000110110000111000000001101100001110000000011010
1011111111111010111111110111111110101111111101111111101011111111011100
0110000000001101100000011100000011011000000111000000110110000001110111
0111111111101111111111010111111011111111110101111110111111111101011101
0100000000111000000001101100001110000000011011000011100000000110110110
0011111110101111111101111111101011111111011111111010111111110111111110
1010000011011000000111000000110110000001110000001101100000011100000010
0101111011111111110101111110111111111101011111101111111111010111111000
0011001110000000011011000011100000000110110000111000000001101100001111
1011101011111111011111111010111111110111111110101111111101111111101001
0110110110000001110000001101100000011100000011011000000111000000110100
0111111111111101011111101111111111010111111011111111110101111110111011
0100000000000110110000111000000001101100001110000000011011000011101111
0011111111110111111110101111111101111111101011111111011111111010111001
1010000000011100000011011000000111000000110110000001110000001101101100
0101111111010111111011111111110101111110111111111101011111101111111111
0011000001101100001110000000011011000011100000000110110000111000000001
1011111101111111101011111111011111111010111111110111111110101111111100
0110000111000000110110000001110000001101100000011100000011011000000111
0111110101111110111111111101011111101111111111010111111011111111110101
0100011011000011100000000110110000111000000001101100001110000000011010
0011011111111010111111110111111110101111111101111111101011111111011100
1011110000001101100000011100000011011000000111000000110110000001110111
0110011111101111111111010111111011111111110101111110111111111101011101
0111010000111000000001101100001110000000011011000011100000000110110110
0101101110101111111101111111101011111111011111111010111111110111111110
0011111011011000000111000000110110000001110000001101100000011100000010
1010001111111111110101111110111111111101011111101111111111010111111000
0101101000000000011011000011100000000110110000111000000001101100001111
0011110111111111011111111010111111110111111110101111111101111111101001
1010011100000001110000001101100000011100000011011000000111000000110100
0101010111111101011111101111111111010111111011111111110101111110111011
0010101100000110110000111000000001101100001110000000011011000011101111
1001011111110111111110101111111101111111101011111111011111111010111001
0100110000011100000011011000000111000000110110000001110000001101101100
0010111111010111111011111111110101111110111111111101011111101111111111
1001100001101100001110000000011011000011100000000110110000111000000001
0101111101111111101011111111011111111010111111110111111110101111111100
0011000111000000110110000001110000001101100000011100000011011000000111
1011110101111110111111111101011111101111111111010111111011111111110101
0110011011000011100000000110110000111000000001101100001110000000011010
0111011111111010111111110111111110101111111101111111101011111111011100
0101110000001101100000011100000011011000000111000000110110000001110111
0011011111101111111111010111111011111111110101111110111111111101011101
1011110000111000000001101100001110000000011011000011100000000110110110
0110011110101111111101111111101011111111011111111010111111110111111110
0111010011011000000111000000110110000001110000001101100000011100000010
0101101011111111110101111110111111111101011111101111111111010111111000
0011110110000000011011000011100000000110110000111000000001101100001111
1010011111111111011111111010111111110111111110101111111101111111101001
0101010000000001110000001101100000011100000011011000000111000000110100
0010101111111101011111101111111111010111111011111111110101111110111011
1001011000000110110000111000000001101100001110000000011011000011101111
0100111111110111111110101111111101111111101011111111011111111010111001
0010100000011100000011011000000111000000110110000001110000001101101100
1001011111010111111011111111110101111110111111111101011111101111111111
0100110001101100001110000000011011000011100000000110110000111000000001
0010111101111111101011111111011111111010111111110111111110101111111100
1001100111000000110110000001110000001101100000011100000011011000000111
0101110101111110111111111101011111101111111111010111111011111111110101
0011011011000011100000000110110000111000000001101100001110000000011010
1011111111111010111111110111111110101111111101111111101011111111011100
0110000000001101100000011100000011011000000111000000110110000001110111
0111111111101111111111010111111011111111110101111110111111111101011101
0100000000111000000001101100001110000000011011000011100000000110110110
