1010000001101100000011111110011011000000111111100110110000001111111110
0101000011111110000110000011111111100001100000111111111000011000000010
1010100110000011001111000110000000110011110001100000001100111100000100
0101011111000111111001101111000001111110011011110000011111100110001010
1010110001101100001111111001100011000011111110011000110000111111010100
0101111011111110011000001111110111100110000011111101111001100001101010
1011001110000011111100011000011100111111000110000111001111110011110100
0111111011000110000110111100110111100001101111001101111000011110011010
1100001111101111001111100111111100110011111001111111001100110011111100
1110011000111001111000111100000111111110001111000001111111111110000110
1011111101101111001101100110001100000011011001100011000000000011001110
0110000111111001111111111111011110000111111111110111100000000111111010
1111001100001111000000000001110011001100000000011100110000001100001100
1001111110011001100000000011011111111110000000110111111000011110011110
0111000011111111110000000111110000000011000001111100001100110011110010
1101100110000000011000001100011000000111100011000110011111111110011100
1111111111000000111100011110111100001100110111101111110000000011110110
1000000001100001100110110011100110011111111100111000011000000110011110
0100000011110011111111111110111111110000000111101100111100001111110010
1010000110011110000000000011100000011000001100111111100110011000011100
0101001111110011000000000110110000111100011111100000111111111100110110
1010111000011111100000001111111001100110110000110001100000000111111110
0101101100110000110000011000001111111111111001111011110000001100000010
1011111111111001111000111100011000000000001111001110011000011110000100
0110000000001111001101100110111100000000011001111011111100110011001010
1111000000011001111111111111100110000000111111001110000111111111110100
1001100000111111000000000000111111000001100001111011001100000000011010
0111110001100001100000000001100001100011110011001111111110000000111100
1100011011110011110000000011110011110110011111111000000011000001100110
1110111110011110011000000110011110011111110000001100000111100011111110
1011100011110011111100001111110011110000011000011110001100110110000010
0110110110011110000110011000011110011000111100110011011111111111000100
1111111111110011001111111100110011111101100111111111110000000001101010
1000000000011111111000000111111110000111111100000000011000000011110100
0100000000110000001100001100000011001100000110000000111100000110011010
1010000001111000011110011110000111111110001111000001100110001111111100
0101000011001100110011110011001100000011011001100011111111011000000110
1010100111111111111110011111111110000111111111110110000001111100001110
0101011100000000000011110000000011001100000000011111000011000110011010
1010110110000000000110011000000111111110000000110001100111101111111100
0101111111000000001111111100001100000011000001111011111100111000000110
1011000001100000011000000110011110000111100011001110000111101100001110
0111100011110000111100001111110011001100110111111011001100111110011010
1100110110011001100110011000011111111111111100001111111111100011111100
1111111111111111111111111100110000000000000110011000000000110110000110
1000000000000000000000000111111000000000001111111100000001111111001110
0100000000000000000000001100001100000000011000000110000011000001111010
1010000000000000000000011110011110000000111100001111000111100011001100
0101000000000000000000110011110011000001100110011001101100110111111110
1010100000000000000001111110011111100011111111111111111111111100000010
0101010000000000000011000011110000110110000000000000000000000110000100
1010101000000000000111100110011001111111000000000000000000001111001010
0101010100000000001100111111111111000001100000000000000000011001110100
1010101010000000011111100000000001100011110000000000000000111111011010
0101010101000000110000110000000011110110011000000000000001100001111100
1010101010100001111001111000000110011111111100000000000011110011000110
0101010101010011001111001100001111110000000110000000000110011111101110
1010101010101111111001111110011000011000001111000000001111110000111010
0101010101011000001111000011111100111100011001100000011000011001101100
1010101010111100011001100110000111100110111111110000111100111111111110
0101010101100110111111111111001100111111100000011001100111100000000010
1010101011111111100000000001111111100000110000111111111100110000000100
0101010110000000110000000011000000110001111001100000000111111000001010
1010101111000001111000000111100001111011001111110000001100001100010100
0101011001100011001100001100110011001111111000011000011110011110101010
1010111111110111111110011111111111111000001100111100110011110011010100
0101100000011100000011110000000000001100011111100111111110011111101010
1011110000110110000110011000000000011110110000111100000011110000110100
0110011001111111001111111100000000110011111001100110000110011001111010
1111111111000001111000000110000001111110001111111111001111111111001100
1000000001100011001100001111000011000011011000000001111000000001111110
0100000011110111111110011001100111100111111100000011001100000011000010
1010000110011100000011111111111100111100000110000111111110000111100100
0101001111110110000110000000000111100110001111001100000011001100111010
1010111000011111001111000000001100111111011001111110000111111111101100
0101101100110001111001100000011111100001111111000011001100000000111110
1011111111111011001111110000110000110011000001100111111110000001100010
0110000000001111111000011001111001111111100011111100000011000011110100
1111000000011000001100111111001111000000110110000110000111100110011010
1001100000111100011111100001111001100001111111001111001100111111111100
0111110001100110110000110011001111110011000001111001111111100000000110
1100011011111111111001111111111000011111100011001111000000110000001110
1110111110000000001111000000001100110000110111111001100001111000011010
1011100011000000011001100000011111111001111100001111110011001100111100
0110110111100000111111110000110000001111000110011000011111111111100110
1111111100110001100000011001111000011001101111111100110000000000111110
1000000111111011110000111111001100111111111000000111111000000001100010
0100001100001110011001100001111111100000001100001100001100000011110100
1010011110011011111111110011000000110000011110011110011110000110011010
0101110011111110000000011111100001111000110011110011110011001111111100
1011011110000011000000110000110011001101111110011110011111111000000110
0111110011000111100001111001111111111111000011110011110000001100001110
1100011111101100110011001111000000000001100110011110011000011110011010
1110110000111111111111111001100000000011111111110011111100110011111100
1011111001100000000000001111110000000110000000011110000111111110000110
0110001111110000000000011000011000001111000000110011001100000011001110
1111011000011000000000111100111100011001100001111111111110000111111010
1001111100111100000001100111100110111111110011000000000011001100001100
0111000111100110000011111100111111100000011111100000000111111110011110
1101101100111111000110000111100000110000110000110000001100000011110010
1111111111100001101111001100110001111001111001111000011110000110011100
1000000000110011111001111111111011001111001111001100110011001111110110
0100000001111110001111000000001111111001111001111111111111111000011110
1010000011000011011001100000011000001111001111000000000000001100110010
0101000111100111111111110000111100011001111001100000000000011111111100
1010101100111100000000011001100110111111001111110000000000110000000110
0101011111100110000000111111111111100001111000011000000001111000001110
1010110000111111000001100000000000110011001100111100000011001100011010
0101111001100001100011110000000001111111111111100110000111111110111100
1011001111110011110110011000000011000000000000111111001100000011100110
0111111000011110011111111100000111100000000001100001111110000110111110
1100001100110011110000000110001100110000000011110011000011001111100010
1110011111111110011000001111011111111000000110011111100111111000110100
1011110000000011111100011001110000001100001111110000111100001101111010
0110011000000110000110111111011000011110011000011001100110011111001100
1111111100001111001111100001111100110011111100111111111111110001111110
1000000110011001111000110011000111111110000111100000000000011011000010
0100001111111111001101111111101100000011001100110000000000111111100100
1010011000000001111111000000111110000111111111111000000001100000111010
0101111100000011000001100001100011001100000000001100000011110001101100
1011000110000111100011110011110111111110000000011110000110011011111110
0111101111001100110110011110011100000011000000110011001111111110000010
1100111001111111111111110011110110000111100001111111111000000011000100
1111101111000000000000011110011111001100110011000000001100000111101010
1000111001100000000000110011110001111111111111100000011110001100110100
0101101111110000000001111110011011000000000000110000110011011111111010
1011111000011000000011000011111111100000000001111001111111110000001100
0110001100111100000111100110000000110000000011001111000000011000011110
1111011111100110001100111111000001111000000111111001100000111100110010
1001110000111111011111100001100011001100001100001111110001100111111100
0111011001100001110000110011110111111110011110011000011011111100000110
1101111111110011011001111110011100000011110011111100111110000110001110
1111000000011111111111000011110110000110011110000111100011001111011010
1001100000110000000001100110011111001111110011001100110111111001111100
0111110001111000000011111111110001111000011111111111111100001111000110
1100011011001100000110000000011011001100110000000000000110011001101110
1110111111111110001111000000111111111111111000000000001111111111111010
1011100000000011011001100001100000000000001100000000011000000000001100
0110110000000111111111110011110000000000011110000000111100000000011110
1111111000001100000000011110011000000000110011000001100110000000110010
1000001100011110000000110011111100000001111111100011111111000001111100
0100011110110011000001111110000110000011000000110110000001100011000110
1010110011111111100011000011001111000111100001111111000011110111101110
0101111110000000110111100111111001101100110011000001100110011100111010
1011000011000001111100111100001111111111111111100011111111110111101100
0111100111100011000111100110011000000000000000110110000000011100111110
1100111100110111101100111111111100000000000001111111000000110111100010
1111100111111100111111100000000110000000000011000001100001111100110100
1000111100000111100000110000001111000000000111100011110011000111111010
0101100110001100110001111000011001100000001100110110011111101100001100
1011111111011111111011001100111111110000011111111111110000111110011110
0110000001110000001111111111100000011000110000000000011001100011110010
1111000011011000011000000000110000111101111000000000111111110110011100
1001100111111100111100000001111001100111001100000001100000011111110110
0111111100000111100110000011001111111101111110000011110000110000011110
1100000110001100111111000111111000000111000011000110011001111000110010
1110001111011111100001101100001100001101100111101111111111001101111100
1011011001110000110011111110011110011111111100111000000001111111000110
0111111111011001111110000011110011110000000111101100000011000001101110
1100000001111111000011000110011110011000001100111110000111100011111010
1110000011000001100111101111110011111100011111100011001100110110001100
1011000111100011111100111000011110000110110000110111111111111111011110
0111101100110110000111101100110011001111111001111100000000000001110010
1100111111111111001100111111111111111000001111000110000000000011011100
1111100000000001111111100000000000001100011001101111000000000111110110
1000110000000011000000110000000000011110111111111001100000001100011110
0101111000000111100001111000000000110011100000001111110000011110110010
1011001100001100110011001100000001111110110000011000011000110011111100
0111111110011111111111111110000011000011111000111100111101111110000110
1100000011110000000000000011000111100110001101100111100111000011001110
1110000110011000000000000111101100111111011111111100111101100111111010
1011001111111100000000001100111111100001110000000111100111111100001100
0111111000000110000000011111100000110011011000001100111100000110011110
1100001100001111000000110000110001111111111100011111100110001111110010
1110011110011001100001111001111011000000000110110000111111011000011100
1011110011111111110011001111001111100000001111111001100001111100110110
0110011110000000011111111001111000110000011000001111110011000111111110
1111110011000000110000001111001101111000111100011000011111101100000010
1000011111100001111000011001111111001101100110111100110000111110000100
0100110000110011001100111111000001111111111111100111111001100011001010
1011111001111111111111100001100011000000000000111100001111110111110100
0110001111000000000000110011110111100000000001100110011000011100011010
1111011001100000000001111110011100110000000011111111111100110110111100
1001111111110000000011000011110111111000000110000000000111111111100110
0111000000011000000111100110011100001100001111000000001100000000111110
1101100000111100001100111111110110011110011001100000011110000001100010
1111110001100110011111100000011111110011111111110000110011000011110100
1000011011111111110000110000110000011110000000011001111111100110011010
0100111110000000011001111001111000110011000000111111000000111111111100
1011100011000000111111001111001101111111100001100001100001100000000110
0110110111100001100001111001111111000000110011110011110011110000001110
1111111100110011110011001111000001100001111110011110011110011000011010
1000000111111110011111111001100011110011000011110011110011111100111100
0100001100000011110000001111110110011111100110011110011110000111100110
1010011110000110011000011000011111110000111111110011110011001100111110
0101110011001111111100111100110000011001100000011110011111111111100010
1011011111111000000111100111111000111111110000110011110000000000110100
0111110000001100001100111100001101100000011001111110011000000001111010
1100011000011110011111100110011111110000111111000011111100000011001100
1110111100110011110000111111110000011001100001100110000110000111111110
1011100111111110011001100000011000111111110011111111001111001100000010
0110111100000011111111110000111101100000011110000001111001111110000100
1111100110000110000000011001100111110000110011000011001111000011001010
1000111111001111000000111111111100011001111111100111111001100111110100
0101100001111001100001100000000110111111000000111100001111111100011010
1011110011001111110011110000001111100001100001100110011000000110111100
0110011111111000011110011000011000110011110011111111111100001111100110
1111110000001100110011111100111101111110011110000000000110011000111110
1000011000011111111110000111100111000011110011000000001111111101100010
0100111100110000000011001100111101100110011111100000011000000111110100
