1110100011111011101000111110111010001111101110100011111000111101000111
1011111010001110111110100011101111101000111011111010001110100111110101
1110001111101011100011111010111000111110101110001111101011110100011110
1011101000111110111010001111101110100011111011101000111110011111010011
1110111110100011101111101000111011111010001110111110100011010001111011
1011100011111010111000111110101110001111101011100011111011111101001111
1110111010001111101110100011111011101000111110111010001110000111101001
1011101111101000111011111010001110111110100011101111101011110100111100
1110111000111110101110001111101011100011111010111000111110011110100111
1011101110100011111011101000111110111010001111101110100011010011110101
1110111011111010001110111110100011101111101000111011111011111010011110
1011101110001111101011100011111010111000111110101110001110001111010011
1110111011101000111110111010001111101110100011111011101011101001111011
1011101110111110100011101111101000111011111010001110111110111101001111
1110111011100011111010111000111110101110001111101011100011100111101001
1011101110111010001111101110100011111011101000111110111010110100111100
1110111011101111101000111011111010001110111110100011101111111110100111
1011101110111000111110101110001111101011100011111010111000000011110101
1110111011101110100011111011101000111110111010001111101111111010011110
1011101110111011111010001110111110100011101111101000111000001111010011
1110111011101110001111101011100011111010111000111110101111101001111011
1011101110111011101000111110111010001111101110100011111000111101001111
1110111011101110111110100011101111101000111011111010001110100111101001
1011101110111011100011111010111000111110101110001111101011110100111100
1110111011101110111010001111101110100011111011101000111110011110100111
1011101110111011101111101000111011111010001110111110100011010011110101
1110111011101110111000111110101110001111101011100011111011111010011110
1011101110111011101110100011111011101000111110111010001110001111010011
1110111011101110111011111010001110111110100011101111101011101001111011
1011101110111011101110001111101011100011111010111000111110111101001111
1110111011101110111011101000111110111010001111101110100011100111101001
1011101110111011101110111110100011101111101000111011111010110100111100
1110111011101110111011100011111010111000111110101110001111111110100111
1011101110111011101110111010001111101110100011111011101000000011110101
1110111011101110111011101111101000111011111010001110111111111010011110
1011101110111011101110111000111110101110001111101011100000001111010011
1110111011101110111011101110100011111011101000111110111111101001111011
1011101110111011101110111011111010001110111110100011100000111101001111
1110111011101110111011101110001111101011100011111010111110100111101001
1011101110111011101110111011101000111110111010001111100011110100111100
1110111011101110111011101110111110100011101111101000111010011110100111
1011101110111011101110111011100011111010111000111110101111010011110101
1110111011101110111011101110111010001111101110100011111001111010011110
1011101110111011101110111011101111101000111011111010001101001111010011
1110111011101110111011101110111000111110101110001111101111101001111011
1011101110111011101110111011101110100011111011101000111000111101001111
1110111011101110111011101110111011111010001110111110101110100111101001
1011101110111011101110111011101110001111101011100011111011110100111100
1110111011101110111011101110111011101000111110111010001110011110100111
1011101110111011101110111011101110111110100011101111101011010011110101
1110111011101110111011101110111011100011111010111000111111111010011110
1011101110111011101110111011101110111010001111101110100000001111010011
1110111011101110111011101110111011101111101000111011111111101001111011
1011101110111011101110111011101110111000111110101110000000111101001111
1110111011101110111011101110111011101110100011111011111110100111101001
1011101110111011101110111011101110111011111010001110000011110100111100
1110111011101110111011101110111011101110001111101011111010011110100111
1011101110111011101110111011101110111011101000111110001111010011110101
1110111011101110111011101110111011101110111110100011101001111010011110
1011101110111011101110111011101110111011100011111010111101001111010011
1110111011101110111011101110111011101110111010001111100111101001111011
1011101110111011101110111011101110111011101111101000110100111101001111
1110111011101110111011101110111011101110111000111110111110100111101001
1011101110111011101110111011101110111011101110100011100011110100111100
1110111011101110111011101110111011101110111011111010111010011110100111
1011101110111011101110111011101110111011101110001111101111010011110101
1110111011101110111011101110111011101110111011101000111001111010011110
1011101110111011101110111011101110111011101110111110101101001111010011
1110111011101110111011101110111011101110111011100011111111101001111011
1011101110111011101110111011101110111011101110111010000000111101001111
1110111011101110111011101110111011101110111011101111111110100111101001
1011101110111011101110111011101110111011101110111000000011110100111100
1110111011101110111011101110111011101110111011101111111010011110100111
1011101110111011101110111011101110111011101110111000001111010011110101
1110111011101110111011101110111011101110111011101111101001111010011110
1011101110111011101110111011101110111011101110111000111101001111010011
1110111011101110111011101110111011101110111011101110100111101001111011
1011101110111011101110111011101110111011101110111011110100111101001111
1110111011101110111011101110111011101110111011101110011110100111101001
1011101110111011101110111011101110111011101110111011010011110100111100
1110111011101110111011101110111011101110111011101111111010011110100111
1011101110111011101110111011101110111011101110111000001111010011110101
1110111011101110111011101110111011101110111011101111101001111010011110
1011101110111011101110111011101110111011101110111000111101001111010011
1110111011101110111011101110111011101110111011101110100111101001111011
1011101110111011101110111011101110111011101110111011110100111101001111
1110111011101110111011101110111011101110111011101110011110100111101001
1011101110111011101110111011101110111011101110111011010011110100111100
1110111011101110111011101110111011101110111011101111111010011110100111
1011101110111011101110111011101110111011101110111000001111010011110101
1110111011101110111011101110111011101110111011101111101001111010011110
1011101110111011101110111011101110111011101110111000111101001111010011
1110111011101110111011101110111011101110111011101110100111101001111011
1011101110111011101110111011101110111011101110111011110100111101001111
1110111011101110111011101110111011101110111011101110011110100111101001
1011101110111011101110111011101110111011101110111011010011110100111100
1110111011101110111011101110111011101110111011101111111010011110100111
1011101110111011101110111011101110111011101110111000001111010011110101
1110111011101110111011101110111011101110111011101111101001111010011110
1011101110111011101110111011101110111011101110111000111101001111010011
1110111011101110111011101110111011101110111011101110100111101001111011
1011101110111011101110111011101110111011101110111011110100111101001111
1110111011101110111011101110111011101110111011101110011110100111101001
1011101110111011101110111011101110111011101110111011010011110100111100
1110111011101110111011101110111011101110111011101111111010011110100111
1011101110111011101110111011101110111011101110111000001111010011110101
1110111011101110111011101110111011101110111011101111101001111010011110
1011101110111011101110111011101110111011101110111000111101001111010011
1110111011101110111011101110111011101110111011101110100111101001111011
1011101110111011101110111011101110111011101110111011110100111101001111
1110111011101110111011101110111011101110111011101110011110100111101001
1011101110111011101110111011101110111011101110111011010011110100111100
1110111011101110111011101110111011101110111011101111111010011110100111
1011101110111011101110111011101110111011101110111000001111010011110101
1110111011101110111011101110111011101110111011101111101001111010011110
1011101110111011101110111011101110111011101110111000111101001111010011
1110111011101110111011101110111011101110111011101110100111101001111011
1011101110111011101110111011101110111011101110111011110100111101001111
1110111011101110111011101110111011101110111011101110011110100111101001
1011101110111011101110111011101110111011101110111011010011110100111100
1110111011101110111011101110111011101110111011101111111010011110100111
1011101110111011101110111011101110111011101110111000001111010011110101
1110111011101110111011101110111011101110111011101111101001111010011110
1011101110111011101110111011101110111011101110111000111101001111010011
1110111011101110111011101110111011101110111011101110100111101001111011
1011101110111011101110111011101110111011101110111011110100111101001111
1110111011101110111011101110111011101110111011101110011110100111101001
1011101110111011101110111011101110111011101110111011010011110100111100
1110111011101110111011101110111011101110111011101111111010011110100111
1011101110111011101110111011101110111011101110111000001111010011110101
1110111011101110111011101110111011101110111011101111101001111010011110
1011101110111011101110111011101110111011101110111000111101001111010011
1110111011101110111011101110111011101110111011101110100111101001111011
1011101110111011101110111011101110111011101110111011110100111101001111
1110111011101110111011101110111011101110111011101110011110100111101001
1011101110111011101110111011101110111011101110111011010011110100111100
1110111011101110111011101110111011101110111011101111111010011110100111
1011101110111011101110111011101110111011101110111000001111010011110101
1110111011101110111011101110111011101110111011101111101001111010011110
1011101110111011101110111011101110111011101110111000111101001111010011
1110111011101110111011101110111011101110111011101110100111101001111011
1011101110111011101110111011101110111011101110111011110100111101001111
1110111011101110111011101110111011101110111011101110011110100111101001
1011101110111011101110111011101110111011101110111011010011110100111100
1110111011101110111011101110111011101110111011101111111010011110100111
1011101110111011101110111011101110111011101110111000001111010011110101
1110111011101110111011101110111011101110111011101111101001111010011110
1011101110111011101110111011101110111011101110111000111101001111010011
1110111011101110111011101110111011101110111011101110100111101001111011
1011101110111011101110111011101110111011101110111011110100111101001111
1110111011101110111011101110111011101110111011101110011110100111101001
1011101110111011101110111011101110111011101110111011010011110100111100
1110111011101110111011101110111011101110111011101111111010011110100111
1011101110111011101110111011101110111011101110111000001111010011110101
1110111011101110111011101110111011101110111011101111101001111010011110
1011101110111011101110111011101110111011101110111000111101001111010011
1110111011101110111011101110111011101110111011101110100111101001111011
1011101110111011101110111011101110111011101110111011110100111101001111
1110111011101110111011101110111011101110111011101110011110100111101001
1011101110111011101110111011101110111011101110111011010011110100111100
1110111011101110111011101110111011101110111011101111111010011110100111
1011101110111011101110111011101110111011101110111000001111010011110101
1110111011101110111011101110111011101110111011101111101001111010011110
1011101110111011101110111011101110111011101110111000111101001111010011
1110111011101110111011101110111011101110111011101110100111101001111011
1011101110111011101110111011101110111011101110111011110100111101001111
1110111011101110111011101110111011101110111011101110011110100111101001
1011101110111011101110111011101110111011101110111011010011110100111100
1110111011101110111011101110111011101110111011101111111010011110100111
1011101110111011101110111011101110111011101110111000001111010011110101
1110111011101110111011101110111011101110111011101111101001111010011110
1011101110111011101110111011101110111011101110111000111101001111010011
1110111011101110111011101110111011101110111011101110100111101001111011
1011101110111011101110111011101110111011101110111011110100111101001111
1110111011101110111011101110111011101110111011101110011110100111101001
1011101110111011101110111011101110111011101110111011010011110100111100
1110111011101110111011101110111011101110111011101111111010011110100111
1011101110111011101110111011101110111011101110111000001111010011110101
1110111011101110111011101110111011101110111011101111101001111010011110
1011101110111011101110111011101110111011101110111000111101001111010011
1110111011101110111011101110111011101110111011101110100111101001111011
1011101110111011101110111011101110111011101110111011110100111101001111
1110111011101110111011101110111011101110111011101110011110100111101001
1011101110111011101110111011101110111011101110111011010011110100111100
1110111011101110111011101110111011101110111011101111111010011110100111
1011101110111011101110111011101110111011101110111000001111010011110101
1110111011101110111011101110111011101110111011101111101001111010011110
1011101110111011101110111011101110111011101110111000111101001111010011
1110111011101110111011101110111011101110111011101110100111101001111011
1011101110111011101110111011101110111011101110111011110100111101001111
1110111011101110111011101110111011101110111011101110011110100111101001
1011101110111011101110111011101110111011101110111011010011110100111100
1110111011101110111011101110111011101110111011101111111010011110100111
1011101110111011101110111011101110111011101110111000001111010011110101
1110111011101110111011101110111011101110111011101111101001111010011110
1011101110111011101110111011101110111011101110111000111101001111010011
1110111011101110111011101110111011101110111011101110100111101001111011
1011101110111011101110111011101110111011101110111011110100111101001111
1110111011101110111011101110111011101110111011101110011110100111101001
1011101110111011101110111011101110111011101110111011010011110100111100
1110111011101110111011101110111011101110111011101111111010011110100111
1011101110111011101110111011101110111011101110111000001111010011110101
1110111011101110111011101110111011101110111011101111101001111010011110
1011101110111011101110111011101110111011101110111000111101001111010011
1110111011101110111011101110111011101110111011101110100111101001111011
1011101110111011101110111011101110111011101110111011110100111101001111
1110111011101110111011101110111011101110111011101110011110100111101001
1011101110111011101110111011101110111011101110111011010011110100111100
1110111011101110111011101110111011101110111011101111111010011110100111
1011101110111011101110111011101110111011101110111000001111010011110101
