1110111011101110111011101110111011101110111011101100011001111110011111
1011101110111011101110111011101110111011101110111110111111000011110001
1110111011101110111011101110111011101110111011100011100001100110011011
1011101110111011101110111011101110111011101110110110110011111111111111
1110111011101110111011101110111011101110111011111111111110000000000001
1011101110111011101110111011101110111011101110000000000011000000000011
1110111011101110111011101110111011101110111011000000000111100000000111
1011101110111011101110111011101110111011101111100000001100110000001101
1110111011101110111011101110111011101110111000110000011111111000011111
1011101110111011101110111011101110111011101101111000110000001100110001
1110111011101110111011101110111011101110111111001101111000011111111011
1011101110111011101110111011101110111011100001111111001100110000001111
1110111011101110111011101110111011101110110011000001111111111000011001
1011101110111011101110111011101110111011111111100011000000001100111111
1110111011101110111011101110111011101110000000110111100000011111100001
1011101110111011101110111011101110111011000001111100110000110000110011
1110111011101110111011101110111011101111100011000111111001111001111111
1011101110111011101110111011101110111000110111101100001111001111000001
1110111011101110111011101110111011101101111100111110011001111001100011
1011101110111011101110111011101110111111000111100011111111001111110111
1110111011101110111011101110111011100001101100110110000001111000011101
1011101110111011101110111011101110110011111111111111000011001100110111
1110111011101110111011101110111011111110000000000001100111111111111101
1011101110111011101110111011101110000011000000000011111100000000000111
1110111011101110111011101110111011000111100000000110000110000000001101
1011101110111011101110111011101111101100110000001111001111000000011111
1110111011101110111011101110111000111111111000011001111001100000110001
1011101110111011101110111011101101100000001100111111001111110001111011
1110111011101110111011101110111111110000011111100001111000011011001111
1011101110111011101110111011100000011000110000110011001100111111111001
1110111011101110111011101110110000111101111001111111111111100000001111
1011101110111011101110111011111001100111001111000000000000110000011001
1110111011101110111011101110001111111101111001100000000001111000111111
1011101110111011101110111011011000000111001111110000000011001101100001
1110111011101110111011101111111100001101111000011000000111111111110011
1011101110111011101110111000000110011111001100111100001100000000011111
1110111011101110111011101100001111110001111111100110011110000000110001
1011101110111011101110111110011000011011000000111111110011000001111011
1110111011101110111011100011111100111111100001100000011111100011001111
1011101110111011101110110110000111100000110011110000110000110111111001
1110111011101110111011111111001100110001111110011001111001111100001111
1011101110111011101110000001111111111011000011111111001111000110011001
1110111011101110111011000011000000001111100110000001111001101111111111
1011101110111011101111100111100000011000111111000011001111111000000001
1110111011101110111000111100110000111101100001100111111000001100000011
1011101110111011101101100111111001100111110011111100001100011110000111
1110111011101110111111111100001111111100011110000110011110110011001101
1011101110111011100000000110011000000110110011001111110011111111111111
1110111011101110110000001111111100001111111111111000011110000000000001
1011101110111011111000011000000110011000000000001100110011000000000011
1110111011101110001100111100001111111100000000011111111111100000000111
1011101110111011011111100110011000000110000000110000000000110000001101
1110111011101111110000111111111100001111000001111000000001111000011111
1011101110111000011001100000000110011001100011001100000011001100110001
1110111011101100111111110000001111111111110111111110000111111111111011
1011101110111111100000011000011000000000011100000011001100000000001111
1110111011100000110000111100111100000000110110000111111110000000011001
1011101110110001111001100111100110000001111111001100000011000000111111
1110111011111011001111111100111111000011000001111110000111100001100001
1011101110001111111000000111100001100111100011000011001100110011110011
1110111011011000001100001100110011111100110111100111111111111110011111
1011101111111100011110011111111110000111111100111100000000000011110001
1110111000000110110011110000000011001100000111100110000000000110011011
1011101100001111111110011000000111111110001100111111000000001111111111
1110111110011000000011111100001100000011011111100001100000011000000001
1011100011111100000110000110011110000111110000110011110000111100000011
1110110110000110001111001111110011001100011001111110011001100110000111
1011111111001111011001111000011111111110111111000011111111111111001101
1110000001111001111111001100110000000011100001100110000000000001111111
1011000011001111000001111111111000000110110011111111000000000011000001
1111100111111001100011000000001100001111111110000001100000000111100011
1000111100001111110111100000011110011000000011000011110000001100110111
1101100110011000011100110000110011111100000111100110011000011111111101
1111111111111100110111111001111110000110001100111111111100110000000111
1000000000000111111100001111000011001111011111100000000111111000001101
1100000000001100000110011001100111111001110000110000001100001100011111
1110000000011110001111111111111100001111011001111000011110011110110001
1011000000110011011000000000000110011001111111001100110011110011111011
1111100001111111111100000000001111111111000001111111111110011110001111
1000110011000000000110000000011000000001100011000000000011110011011001
1101111111100000001111000000111100000011110111100000000110011111111111
1111000000110000011001100001100110000110011100110000001111110000000001
1001100001111000111111110011111111001111110111111000011000011000000011
1111110011001101100000011110000001111000011100001100111100111100000111
1000011111111111110000110011000011001100110110011111100111100110001101
1100110000000000011001111111100111111111111111110000111100111111011111
1111111000000000111111000000111100000000000000011001100111100001110001
1000001100000001100001100001100110000000000000111111111100110011011011
1100011110000011110011110011111111000000000001100000000111111111111111
1110110011000110011110011110000001100000000011110000001100000000000001
1011111111101111110011110011000011110000000110011000011110000000000011
1110000000111000011110011111100110011000001111111100110011000000000111
1011000001101100110011110000111111111100011000000111111111100000001101
1111100011111111111110011001100000000110111100001100000000110000011111
1000110110000000000011111111110000001111100110011110000001111000110001
1101111111000000000110000000011000011000111111110011000011001101111011
1111000001100000001111000000111100111101100000011111100111111111001111
1001100011110000011001100001100111100111110000110000111100000001111001
1111110110011000111111110011111100111100011001111001100110000011001111
1000011111111101100000011110000111100110111111001111111111000111111001
1100110000000111110000110011001100111111100001111000000001101100001111
1111111000001100011001111111111111100000110011001100000011111110011001
1000001100011110111111000000000000110001111111111110000110000011111111
1100011110110011100001100000000001111011000000000011001111000110000001
1110110011111110110011110000000011001111100000000111111001101111000011
1011111110000011111110011000000111111000110000001100001111111001100111
1110000011000110000011111100001100001101111000011110011000001111111101
1011000111101111000110000110011110011111001100110011111100011000000111
1111101100111001101111001111110011110001111111111110000110111100001101
1000111111101111111001111000011110011011000000000011001111100110011111
1101100000111000001111001100110011111111100000000111111000111111110001
1111110001101100011001111111111110000000110000001100001101100000011011
1000011011111110111111000000000011000001111000011110011111110000111111
1100111110000011100001100000000111100011001100110011110000011001100001
1111100011000110110011110000001100110111111111111110011000111111110011
1000110111101111111110011000011111111100000000000011111101100000011111
1101111100111000000011111100110000000110000000000110000111110000110001
1111000111101100000110000111111000001111000000001111001100011001111011
1001101100111110001111001100001100011001100000011001111110111111001111
1111111111100011011001111110011110111111110000111111000011100001111001
1000000000110111111111000011110011100000011001100001100110110011001111
1100000001111100000001100110011110110000111111110011111111111111111001
1110000011000110000011111111110011111001100000011110000000000000001111
1011000111101111000110000000011110001111110000110011000000000000011001
1111101100111001101111000000110011011000011001111111100000000000111111
1000111111101111111001100001111111111100111111000000110000000001100001
1101100000111000001111110011000000000111100001100001111000000011110011
1111110001101100011000011111100000001100110011110011001100000110011111
1000011011111110111100110000110000011111111110011111111110001111110001
1100111110000011100111111001111000110000000011110000000011011000011011
1111100011000110111100001111001101111000000110011000000111111100111111
1000110111101111100110011001111111001100001111111100001100000111100001
1101111100111000111111111111000001111110011000000110011110001100110011
1111000111101101100000000001100011000011111100001111110011011111111111
1001101100111111110000000011110111100110000110011000011111110000000001
1111111111100000011000000110011100111111001111111100110000011000000011
1000000000110000111100001111110111100001111000000111111000111100000111
1100000001111001100110011000011100110011001100001100001101100110001101
1110000011001111111111111100110111111111111110011110011111111111011111
1011000111111000000000000111111100000000000011110011110000000001110001
1111101100001100000000001100000110000000000110011110011000000011011011
1000111110011110000000011110001111000000001111110011111100000111111111
1101100011110011000000110011011001100000011000011110000110001100000001
1111110110011111100001111111111111110000111100110011001111011110000011
1000011111110000110011000000000000011001100111111111111001110011000111
1100110000011001111111100000000000111111111100000000001111011111101101
1111111000111111000000110000000001100000000110000000011001110000111111
1000001101100001100001111000000011110000001111000000111111011001100001
1100011111110011110011001100000110011000011001100001100001111111110011
1110110000011110011111111110001111111100111111110011110011000000011111
1011111000110011110000000011011000000111100000011110011111100000110001
1110001101111110011000000111111100001100110000110011110000110001111011
1011011111000011111100001100000110011111111001111110011001111011001111
1111110001100110000110011110001111110000001111000011111111001111111001
1000011011111111001111110011011000011000011001100110000001111000001111
1100111110000001111000011111111100111100111111111111000011001100011001
1111100011000011001100110000000111100111100000000001100111111110111111
1000110111100111111111111000001100111100110000000011111100000011100001
1101111100111100000000001100011111100111111000000110000110000110110011
1111000111100110000000011110110000111100001100001111001111001111111111
1001101100111111000000110011111001100110011110011001111001111000000001
1111111111100001100001111110001111111111110011111111001111001100000011
1000000000110011110011000011011000000000011110000001111001111110000111
1100000001111110011111100111111100000000110011000011001111000011001101
1110000011000011110000111100000110000001111111100111111001100111111111
1011000111100110011001100110001111000011000000111100001111111100000001
1111101100111111111111111111011001100111100001100110011000000110000011
1000111111100000000000000001111111111100110011111111111100001111000111
1101100000110000000000000011000000000111111110000000000110011001101101
1111110001111000000000000111100000001100000011000000001111111111111111
1000011011001100000000001100110000011110000111100000011000000000000001
1100111111111110000000011111111000110011001100110000111100000000000011
1111100000000011000000110000001101111111111111111001100110000000000111
1000110000000111100001111000011111000000000000001111111111000000001101
1101111000001100110011001100110001100000000000011000000001100000011111
1111001100011111111111111111111011110000000000111100000011110000110001
1001111110110000000000000000001110011000000001100110000110011001111011
1111000011111000000000000000011011111100000011111111001111111111001111
1001100110001100000000000000111110000110000110000001111000000001111001
1111111111011110000000000001100011001111001111000011001100000011001111
1000000001110011000000000011110111111001111001100111111110000111111001
1100000011011111100000000110011100001111001111111100000011001100001111
1110000111110000110000001111110110011001111000000110000111111110011001
1011001100011001111000011000011111111111001100001111001100000011111111
1111111110111111001100111100110000000001111110011001111110000110000001
1000000011100001111111100111111000000011000011111111000011001111000011
1100000110110011000000111100001100000111100110000001100111111001100111
1110001111111111100001100110011110001100111111000011111100001111111101
1011011000000000110011111111110011011111100001100110000110011000000111
1111111100000001111110000000011111110000110011111111001111111100001101
1000000110000011000011000000110000011001111110000001111000000110011111
1100001111000111100111100001111000111111000011000011001100001111110001
1110011001101100111100110011001101100001100111100111111110011000011011
1011111111111111100111111111111111110011111100111100000011111100111111
1110000000000000111100000000000000011110000111100110000110000111100001
1011000000000001100110000000000000110011001100111111001111001100110011
1111100000000011111111000000000001111111111111100001111001111111111111
1000110000000110000001100000000011000000000000110011001111000000000001
1101111000001111000011110000000111100000000001111111111001100000000011
1111001100011001100110011000001100110000000011000000001111110000000111
1001111110111111111111111100011111111000000111100000011000011000001101
1111000011100000000000000110110000001100001100110000111100111100011111
1001100110110000000000001111111000011110011111111001100111100110110001
1111111111111000000000011000001100110011110000001111111100111111111011
1000000000001100000000111100011111111110011000011000000111100000001111
1100000000011110000001100110110000000011111100111100001100110000011001
1110000000110011000011111111111000000110000111100110011111111000111111
1011000001111111100110000000001100001111001100111111110000001101100001
1111100011000000111111000000011110011001111111100000011000011111110011
1000110111100001100001100000110011111111000000110000111100110000011111
