1111111111111111111111111111111111111111111111111111111111111111111111
0111111111111111111111111111111111111111111111111111111111111111111110
1011111111111111111111111111111111111111111111111111111111111111111101
1001111111111111111111111111111111111111111111111111111111111111111001
1010111111111111111111111111111111111111111111111111111111111111110011
1010011111111111111111111111111111111111111111111111111111111111100100
1010101111111111111111111111111111111111111111111111111111111111001101
1010100111111111111111111111111111111111111111111111111111111110010001
1010101011111111111111111111111111111111111111111111111111111100110111
1010101001111111111111111111111111111111111111111111111111111001000010
1010101010111111111111111111111111111111111111111111111111110011011111
1010101010011111111111111111111111111111111111111111111111100100001110
1010101010101111111111111111111111111111111111111111111111001101110101
1010101010100111111111111111111111111111111111111111111110010000100101
1010101010101011111111111111111111111111111111111111111100110111101101
1010101010101001111111111111111111111111111111111111111001000011000001
1010101010101010111111111111111111111111111111111111110011011100011111
1010101010101010011111111111111111111111111111111111100100001001101110
1010101010101010101111111111111111111111111111111111001101111010000101
1010101010101010100111111111111111111111111111111110010000110010111101
1010101010101010101011111111111111111111111111111100110111000110011001
1010101010101010101001111111111111111111111111111001000010011000100011
1010101010101010101010111111111111111111111111110011011110100011101100
1010101010101010101010011111111111111111111111100100001100101101000001
1010101010101010101010101111111111111111111111001101110001100001011111
1010101010101010101010100111111111111111111110010000100110001111001110
1010101010101010101010101011111111111111111100110111101000110110010101
1010101010101010101010101001111111111111111001000011001011000000110101
1010101010101010101010101010111111111111110011011100011000011111000101
1010101010101010101010101010011111111111100100001001100011101110011101
1010101010101010101010101010101111111111001101111010001101000100101001
1010101010101010101010101010100111111110010000110010110001011101101011
1010101010101010101010101010101011111100110111000110000111001000001000
1010101010101010101010101010101001111001000010011000111010011011111011
1010101010101010101010101010101010110011011110100011010010100001110000
1010101010101010101010101010101010000100001100101100010110101110100111
1010101010101010101010101010101010111101110001100001110000100100101010
1010101010101010101010101010101010011000100110001110100111101101101011
1010101010101010101010101010101010100011101000110100101011000000001000
1010101010101010101010101010101010101101001011000101101000011111111011
1010101010101010101010101010101010100001011000011100001011101111110000
1010101010101010101010101010101010101111000011101001111001000111100111
1010101010101010101010101010101010100110011101001010110011011011001010
1010101010101010101010101010101010101000101001011010000100000000011011
1010101010101010101010101010101010101011101011000010111101111111100000
1010101010101010101010101010101010101001001000011110011000111111001111
1010101010101010101010101010101010101011011011101100100011011110010110
1010101010101010101010101010101010101000000001000001101100001100110001
1010101010101010101010101010101010101011111111011110000001110001000111
1010101010101010101010101010101010101001111110001100111110100111011010
1010101010101010101010101010101010101010111100110001011100101010000011
1010101010101010101010101010101010101010011001000111001001101010111100
1010101010101010101010101010101010101010100011011010011010001010011001
1010101010101010101010101010101010101010101100000010100010111010100011
1010101010101010101010101010101010101010100001111110101110010010101100
1010101010101010101010101010101010101010101110111100100100110110100001
1010101010101010101010101010101010101010100100011001101101000000101111
1010101010101010101010101010101010101010101101100010000001011111100110
1010101010101010101010101010101010101010100000001110111111001111001001
1010101010101010101010101010101010101010101111110100011110010110011011
1010101010101010101010101010101010101010100111100101101100110000100000
1010101010101010101010101010101010101010101011001100000001000111101111
1010101010101010101010101010101010101010101000010001111111011011000110
1010101010101010101010101010101010101010101011110110111110000000011001
1010101010101010101010101010101010101010101001100000011100111111100011
1010101010101010101010101010101010101010101010001111101001011111001100
1010101010101010101010101010101010101010101010110111001011001110010001
1010101010101010101010101010101010101010101010000010011000010100110111
1010101010101010101010101010101010101010101010111110100011110101000010
1010101010101010101010101010101010101010101010011100101101100101011111
1010101010101010101010101010101010101010101010101001100000001101001110
1010101010101010101010101010101010101010101010101010001111110001010101
1010101010101010101010101010101010101010101010101010110111100111010101
1010101010101010101010101010101010101010101010101010000011001010010101
1010101010101010101010101010101010101010101010101010111100011010110101
1010101010101010101010101010101010101010101010101010011001100010000101
1010101010101010101010101010101010101010101010101010100010001110111101
1010101010101010101010101010101010101010101010101010101110110100011001
1010101010101010101010101010101010101010101010101010100100000101100011
1010101010101010101010101010101010101010101010101010101101111100001100
1010101010101010101010101010101010101010101010101010100000111001110001
1010101010101010101010101010101010101010101010101010101111010010100111
1010101010101010101010101010101010101010101010101010100110010110101010
1010101010101010101010101010101010101010101010101010101000110000101011
1010101010101010101010101010101010101010101010101010101011000111101000
1010101010101010101010101010101010101010101010101010101000011011001011
1010101010101010101010101010101010101010101010101010101011100000011000
1010101010101010101010101010101010101010101010101010101001001111100011
1010101010101010101010101010101010101010101010101010101011010111001100
1010101010101010101010101010101010101010101010101010101000010010010001
1010101010101010101010101010101010101010101010101010101011110110110111
1010101010101010101010101010101010101010101010101010101001100000000010
1010101010101010101010101010101010101010101010101010101010001111111111
1010101010101010101010101010101010101010101010101010101010110111111110
1010101010101010101010101010101010101010101010101010101010000011111101
1010101010101010101010101010101010101010101010101010101010111101111001
1010101010101010101010101010101010101010101010101010101010011000110011
1010101010101010101010101010101010101010101010101010101010100011000100
1010101010101010101010101010101010101010101010101010101010101100011101
1010101010101010101010101010101010101010101010101010101010100001101001
1010101010101010101010101010101010101010101010101010101010101110001011
1010101010101010101010101010101010101010101010101010101010100100111000
1010101010101010101010101010101010101010101010101010101010101101010011
1010101010101010101010101010101010101010101010101010101010100001010100
1010101010101010101010101010101010101010101010101010101010101111010101
1010101010101010101010101010101010101010101010101010101010100110010101
1010101010101010101010101010101010101010101010101010101010101000110101
1010101010101010101010101010101010101010101010101010101010101011000101
1010101010101010101010101010101010101010101010101010101010101000011101
1010101010101010101010101010101010101010101010101010101010101011101001
1010101010101010101010101010101010101010101010101010101010101001001011
1010101010101010101010101010101010101010101010101010101010101011011000
1010101010101010101010101010101010101010101010101010101010101000000011
1010101010101010101010101010101010101010101010101010101010101011111100
1010101010101010101010101010101010101010101010101010101010101001111001
1010101010101010101010101010101010101010101010101010101010101010110011
1010101010101010101010101010101010101010101010101010101010101010000100
1010101010101010101010101010101010101010101010101010101010101010111101
1010101010101010101010101010101010101010101010101010101010101010011001
1010101010101010101010101010101010101010101010101010101010101010100011
1010101010101010101010101010101010101010101010101010101010101010101100
1010101010101010101010101010101010101010101010101010101010101010100001
1010101010101010101010101010101010101010101010101010101010101010101111
1010101010101010101010101010101010101010101010101010101010101010100110
1010101010101010101010101010101010101010101010101010101010101010101001
1010101010101010101010101010101010101010101010101010101010101010101011
1010101010101010101010101010101010101010101010101010101010101010101000
1010101010101010101010101010101010101010101010101010101010101010101011
1010101010101010101010101010101010101010101010101010101010101010101000
1010101010101010101010101010101010101010101010101010101010101010101011
1010101010101010101010101010101010101010101010101010101010101010101000
1010101010101010101010101010101010101010101010101010101010101010101011
1010101010101010101010101010101010101010101010101010101010101010101000
1010101010101010101010101010101010101010101010101010101010101010101011
1010101010101010101010101010101010101010101010101010101010101010101000
1010101010101010101010101010101010101010101010101010101010101010101011
1010101010101010101010101010101010101010101010101010101010101010101000
1010101010101010101010101010101010101010101010101010101010101010101011
1010101010101010101010101010101010101010101010101010101010101010101000
1010101010101010101010101010101010101010101010101010101010101010101011
1010101010101010101010101010101010101010101010101010101010101010101000
1010101010101010101010101010101010101010101010101010101010101010101011
1010101010101010101010101010101010101010101010101010101010101010101000
1010101010101010101010101010101010101010101010101010101010101010101011
1010101010101010101010101010101010101010101010101010101010101010101000
1010101010101010101010101010101010101010101010101010101010101010101011
1010101010101010101010101010101010101010101010101010101010101010101000
1010101010101010101010101010101010101010101010101010101010101010101011
1010101010101010101010101010101010101010101010101010101010101010101000
1010101010101010101010101010101010101010101010101010101010101010101011
1010101010101010101010101010101010101010101010101010101010101010101000
1010101010101010101010101010101010101010101010101010101010101010101011
1010101010101010101010101010101010101010101010101010101010101010101000
1010101010101010101010101010101010101010101010101010101010101010101011
1010101010101010101010101010101010101010101010101010101010101010101000
1010101010101010101010101010101010101010101010101010101010101010101011
1010101010101010101010101010101010101010101010101010101010101010101000
1010101010101010101010101010101010101010101010101010101010101010101011
1010101010101010101010101010101010101010101010101010101010101010101000
1010101010101010101010101010101010101010101010101010101010101010101011
1010101010101010101010101010101010101010101010101010101010101010101000
1010101010101010101010101010101010101010101010101010101010101010101011
1010101010101010101010101010101010101010101010101010101010101010101000
1010101010101010101010101010101010101010101010101010101010101010101011
1010101010101010101010101010101010101010101010101010101010101010101000
1010101010101010101010101010101010101010101010101010101010101010101011
1010101010101010101010101010101010101010101010101010101010101010101000
1010101010101010101010101010101010101010101010101010101010101010101011
1010101010101010101010101010101010101010101010101010101010101010101000
1010101010101010101010101010101010101010101010101010101010101010101011
1010101010101010101010101010101010101010101010101010101010101010101000
1010101010101010101010101010101010101010101010101010101010101010101011
1010101010101010101010101010101010101010101010101010101010101010101000
1010101010101010101010101010101010101010101010101010101010101010101011
1010101010101010101010101010101010101010101010101010101010101010101000
1010101010101010101010101010101010101010101010101010101010101010101011
1010101010101010101010101010101010101010101010101010101010101010101000
1010101010101010101010101010101010101010101010101010101010101010101011
1010101010101010101010101010101010101010101010101010101010101010101000
1010101010101010101010101010101010101010101010101010101010101010101011
1010101010101010101010101010101010101010101010101010101010101010101000
1010101010101010101010101010101010101010101010101010101010101010101011
1010101010101010101010101010101010101010101010101010101010101010101000
1010101010101010101010101010101010101010101010101010101010101010101011
1010101010101010101010101010101010101010101010101010101010101010101000
1010101010101010101010101010101010101010101010101010101010101010101011
1010101010101010101010101010101010101010101010101010101010101010101000
1010101010101010101010101010101010101010101010101010101010101010101011
1010101010101010101010101010101010101010101010101010101010101010101000
1010101010101010101010101010101010101010101010101010101010101010101011
1010101010101010101010101010101010101010101010101010101010101010101000
1010101010101010101010101010101010101010101010101010101010101010101011
1010101010101010101010101010101010101010101010101010101010101010101000
1010101010101010101010101010101010101010101010101010101010101010101011
1010101010101010101010101010101010101010101010101010101010101010101000
1010101010101010101010101010101010101010101010101010101010101010101011
1010101010101010101010101010101010101010101010101010101010101010101000
1010101010101010101010101010101010101010101010101010101010101010101011
1010101010101010101010101010101010101010101010101010101010101010101000
1010101010101010101010101010101010101010101010101010101010101010101011
1010101010101010101010101010101010101010101010101010101010101010101000
1010101010101010101010101010101010101010101010101010101010101010101011
1010101010101010101010101010101010101010101010101010101010101010101000
1010101010101010101010101010101010101010101010101010101010101010101011
1010101010101010101010101010101010101010101010101010101010101010101000
1010101010101010101010101010101010101010101010101010101010101010101011
1010101010101010101010101010101010101010101010101010101010101010101000
1010101010101010101010101010101010101010101010101010101010101010101011
1010101010101010101010101010101010101010101010101010101010101010101000
1010101010101010101010101010101010101010101010101010101010101010101011
