1111111111111111111111111111111111111111111111111111111111111111111011
1111111111111111111111111111111111111111111111111111111111111111110011
1111111111111111111111111111111111111111111111111111111111111111100011
1111111111111111111111111111111111111111111111111111111111111111001011
1111111111111111111111111111111111111111111111111111111111111110000011
1111111111111111111111111111111111111111111111111111111111111100111011
1111111111111111111111111111111111111111111111111111111111111000110011
1111111111111111111111111111111111111111111111111111111111110010100011
1111111111111111111111111111111111111111111111111111111111100000001011
1111111111111111111111111111111111111111111111111111111111001111100011
1111111111111111111111111111111111111111111111111111111110001111001011
1111111111111111111111111111111111111111111111111111111100101110000011
1111111111111111111111111111111111111111111111111111111000001100111011
1111111111111111111111111111111111111111111111111111110011101000110011
1111111111111111111111111111111111111111111111111111100011000010100011
1111111111111111111111111111111111111111111111111111001010011000001011
1111111111111111111111111111111111111111111111111110000000010011100011
1111111111111111111111111111111111111111111111111100111111000011001011
1111111111111111111111111111111111111111111111111000111110011010000011
1111111111111111111111111111111111111111111111110010111100010000111011
1111111111111111111111111111111111111111111111100000111001000110110011
1111111111111111111111111111111111111111111111001110110000010100100011
1111111111111111111111111111111111111111111110001100100111000000001011
1111111111111111111111111111111111111111111100101000000110011111100011
1111111111111111111111111111111111111111111000000011110100011111001011
1111111111111111111111111111111111111111110011111011100001011110000011
1111111111111111111111111111111111111111100011110011001100011100111011
1111111111111111111111111111111111111111001011100010001001011000110011
1111111111111111111111111111111111111110000011001000100000010010100011
1111111111111111111111111111111111111100111010000010001111000000001011
1111111111111111111111111111111111111000110000111000101110011111100011
1111111111111111111111111111111111110010100110110010001100011111001011
1111111111111111111111111111111111100000000100100000101001011110000011
1111111111111111111111111111111111001111110000001110000000011100111011
1111111111111111111111111111111110001111100111101100111111011000110011
1111111111111111111111111111111100101111000111001000111110010010100011
1111111111111111111111111111111000001110010110000010111100000000001011
1111111111111111111111111111110011101100000100111000111001111111100011
1111111111111111111111111111100011001001110000110010110001111111001011
1111111111111111111111111111001010000001100110100000100101111110000011
1111111111111111111111111110000000111101000100001110000001111100111011
1111111111111111111111111100111110111000010001101100111101111000110011
1111111111111111111111111000111100110011000101001000111001110010100011
1111111111111111111111110010111000100010010000000010110001100000001011
1111111111111111111111100000110010001000000111111000100101001111100011
1111111111111111111111001110100000100011110111110010000000001111001011
1111111111111111111110001100001110001011100111100000111111101110000011
1111111111111111111100101001101100100011000111001110111111001100111011
1111111111111111111000000001001000001010010110001100111110001000110011
1111111111111111110011111100000011100000000100101000111100100010100011
1111111111111111100011111001111011001111110000000010111000001000001011
1111111111111111001011110001110010001111100111111000110011100011100011
1111111111111110000011100101100000101111000111110010100011001011001011
1111111111111100111011000001001110001110010111100000001010000010000011
1111111111111000110010011100001100101100000111001111100000111000111011
1111111111110010100000011001101000001001110110001111001110110010110011
1111111111100000001111010001000011100001100100101110001100100000100011
1111111111001111101110000100011011001101000000001100101000001110001011
1111111110001111001100110001010010001000011111101000000011101100100011
1111111100101110001000100100000000100011011111000011111011001000001011
1111111000001100100010000001111110001010011110011011110010000011100011
1111110011101000001000111101111100100000011100010011100000111011001011
1111100011000011100010111001111000001111011001000011001110110010000011
1111001010011011001000110001110011101110010000011010001100100000111011
1110000000010010000010100101100011001100000111010000101000001110110011
1100111111000000111000000001001010001001110110000110000011101100100011
1000111110011110110011111100000000100001100100110100111011001000001011
0010111100011100100011111001111110001101000000100000110010000011100011
1000111001011000001011110001111100101000011110001110100000111011001011
0010110000010011100011100101111000000011011100101100001110110010000011
1000100111000011001011000001110011111010011000001001101100100000111011
0010000110011010000010011101100011110000010011100001001000001110110011
1000110100010000111000011001001011100111000011001100000011101100100011
0010100001000110110011010000000011000110011010001001111011001000001011
1000001100010100100010000111111010010100010000100001110010000011100011
0011101001000000001000110111110000000001000110001101100000111011001011
1011000000011111100010100111100111111100010100101001001110110010000011
0010011111011111001000000111000111111001000000000000001100100000111011
1000011110011110000011110110010111110000011111111111101000001110110011
0011011100011100111011100100000111100111011111111111000011101100100011
1010011001011000110011000001110111000110011111111110011011001000001011
0000010000010010100010011101100110010100011111111100010010000011100011
1111000111000000001000011001000100000001011111111001000000111011001011
1110010110011111100011010000010001111100011111110000011110110010000011
1100000100011111001010000111000101111001011111100111011100100000111011
1001110001011110000000110110010001110000011111000110011000001110110011
0001100100011100111110100100000101100111011110010100010011101100100011
1101000001011000111100000001110001000110011100000001000011001000001011
1000011100010010111001111101100100010100011001111100011010000011100011
0011011001000000110001111001000001000001010001111001010000111011001011
1010010000011110100101110000011100011100000101110000000110110010000011
0000000111011100000001100111011001011001110001100111110100100000111011
1111110110011001111101000110010000010001100101000111100000001110110011
1111100100010001111000010100000111000101000000010111001111101100100011
1111000001000101110011000001110110010000011111000110001111001000001011
1110011100010001100010011101100100000111011110010100101110000011100011
1100011001000101001000011001000001110110011100000000001100111011001011
1001010000010000000011010000011101100100011001111111101000110010000011
0000000111000111111010000111011001000001010001111111000010100000111011
1111110110010111110000110110010000011100000101111110011000001110110011
1111100100000111100110100100000111011001110001111100010011101100100011
1111000001110111000100000001110110010001100101111001000011001000001011
1110011101100110010001111101100100000101000001110000011010000011100011
1100011001000100000101111001000001110000011101100111010000111011001011
1001010000010001110001110000011101100111011001000110000110110010000011
0000000111000101100101100111011001000110010000010100110100100000111011
1111110110010001000001000110010000010100000111000000100000001110110011
1111100100000100011100010100000111000001110110011110001111101100100011
1111000001110001011001000001110110011101100100011100101111001000001011
1110011101100100010000011101100100011001000001011000001110000011100011
1100011001000001000111011001000001010000011100010011101100111011001011
1001010000011100010110010000011100000111011001000011001000110010000011
0000000111011001000100000111011001110110010000011010000010100000111011
1111110110010000010001110110010001100100000111010000111000001110110011
1111100100000111000101100100000101000001110110000110110011101100100011
1111000001110110010001000001110000011101100100110100100011001000001011
1110011101100100000100011101100111011001000000100000001010000011100011
1100011001000001110001011001000110010000011110001111100000111011001011
1001010000011101100100010000010100000111011100101111001110110010000011
0000000111011001000001000111000001110110011000001110001100100000111011
1111110110010000011100010110011101100100010011101100101000001110110011
1111100100000111011001000100011001000001000011001000000011101100100011
1111000001110110010000010001010000011100011010000011111011001000001011
1110011101100100000111000100000111011001010000111011110010000011100011
1100011001000001110110010001110110010000000110110011100000111011001011
1001010000011101100100000101100100000111110100100011001110110010000011
0000000111011001000001110001000001110111100000001010001100100000111011
1111110110010000011101100100011101100111001111100000101000001110110011
1111100100000111011001000001011001000110001111001110000011101100100011
1111000001110110010000011100010000010100101110001100111011001000001011
1110011101100100000111011001000111000000001100101000110010000011100011
1100011001000001110110010000010110011111101000000010100000111011001011
1001010000011101100100000111000100011111000011111000001110110010000011
0000000111011001000001110110010001011110011011110011101100100000111011
1111110110010000011101100100000100011100010011100011001000001110110011
1111100100000111011001000001110001011001000011001010000011101100100011
1111000001110110010000011101100100010000011010000000111011001000001011
1110011101100100000111011001000001000111010000111110110010000011100011
1100011001000001110110010000011100010110000110111100100000111011001011
1001010000011101100100000111011001000100110100111000001110110010000011
0000000111011001000001110110010000010000100000110011101100100000111011
1111110110010000011101100100000111000110001110100011001000001110110011
1111100100000111011001000001110110010100101100001010000011101100100011
1111000001110110010000011101100100000000001001100000111011001000001011
1110011101100100000111011001000001111111100001001110110010000011100011
1100011001000001110110010000011101111111001100001100100000111011001011
1001010000011101100100000111011001111110001001101000001110110010000011
0000000111011001000001110110010001111100100001000011101100100000111011
1111110110010000011101100100000101111000001100011011001000001110110011
1111100100000111011001000001110001110011101001010010000011101100100011
1111000001110110010000011101100101100011000000000000111011001000001011
1110011101100100000111011001000001001010011111111110110010000011100011
1100011001000001110110010000011100000000011111111100100000111011001011
1001010000011101100100000111011001111111011111111000001110110010000011
0000000111011001000001110110010001111110011111110011101100100000111011
1111110110010000011101100100000101111100011111100011001000001110110011
1111100100000111011001000001110001111001011111001010000011101100100011
1111000001110110010000011101100101110000011110000000111011001000001011
1110011101100100000111011001000001100111011100111110110010000011100011
1100011001000001110110010000011101000110011000111100100000111011001011
1001010000011101100100000111011000010100010010111000001110110010000011
0000000111011001000001110110010011000001000000110011101100100000111011
1111110110010000011101100100000010011100011110100011001000001110110011
1111100100000111011001000001111000011001011100001010000011101100100011
1111000001110110010000011101110011010000011001100000111011001000001011
1110011101100100000111011001100010000111010001001110110010000011100011
1100011001000001110110010001001000110110000100001100100000111011001011
1001010000011101100100000100000010100100110001101000001110110010000011
0000000111011001000001110001111000000000100101000011101100100000111011
1111110110010000011101100101110011111110000000011011001000001110110011
1111100100000111011001000001100011111100111111010010000011101100100011
1111000001110110010000011101001011111000111110000000111011001000001011
1110011101100100000111011000000011110010111100111110110010000011100011
1100011001000001110110010011111011100000111000111100100000111011001011
1001010000011101100100000011110011001110110010111000001110110010000011
0000000111011001000001111011100010001100100000110011101100100000111011
1111110110010000011101110011001000101000001110100011001000001110110011
1111100100000111011001100010000010000011101100001010000011101100100011
1111000001110110010001001000111000111011001001100000111011001000001011
1110011101100100000100000010110010110010000001001110110010000011100011
1100011001000001110001111000100000100000111100001100100000111011001011
1001010000011101100101110010001110001110111001101000001110110010000011
0000000111011001000001100000101100101100110001000011101100100000111011
1111110110010000011101001110001000001000100100011011001000001110110011
1111100100000111011000001100100011100010000001010010000011101100100011
1111000001110110010011101000001011001000111100000000111011001000001011
1110011101100100000011000011100010000010111001111110110010000011100011
1100011001000001111010011011001000111000110001111100100000111011001011
1001010000011101110000010010000010110010100101111000001110110010000011
0000000111011001100111000000111000100000000001110011101100100000111011
1111110110010001000110011110110010001111111101100011001000001110110011
1111100100000100010100011100100000101111111001001010000011101100100011
1111000001110001000001011000001110001111110000000000111011001000001011
1110011101100100011100010011101100101111100111111110110010000011100011
1100011001000001011001000011001000001111000111111100100000111011001011
1001010000011100010000011010000011101110010111111000001110110010000011
0000000111011001000111010000111011001100000111110011101100100000111011
1111110110010000010110000110110010001001110111100011001000001110110011
1111100100000111000100110100100000100001100111001010000011101100100011
1111000001110110010000100000001110001101000110000000111011001000001011
1110011101100100000110001111101100101000010100111110110010000011100011
1100011001000001110100101111001000000011000000111100100000111011001011
1001010000011101100000001110000011111010011110111000001110110010000011
0000000111011001001111101100111011110000011100110011101100100000111011
1111110110010000001111001000110011100111011000100011001000001110110011
1111100100000111101110000010100011000110010010001010000011101100100011
1111000001110111001100111000001010010100000000100000111011001000001011
1110011101100110001000110011100000000001111110001110110010000011100011
1100011001000100100010100011001111111101111100101100100000111011001011
1001010000010000001000001010001111111001111000001000001110110010000011
