0010000000100000010000010000011111110011110000010000011100100100000111
0100000001000000100000100000111111100111100000100000111001001000001111
1000000010000001000001000001111111001111000001000001110010010000011111
0000000100000010000010000011111110011110000010000011100100100000111111
0000001000000100000100000111111100111100000100000111001001000001111111
0000010000001000001000001111111001111000001000001110010010000011111111
0000100000010000010000011111110011110000010000011100100100000111111111
0001000000100000100000111111100111100000100000111001001000001111111111
0010000001000001000001111111001111000001000001110010010000011111111111
0100000010000010000011111110011110000010000011100100100000111111111111
1000000100000100000111111100111100000100000111001001000001111111111111
0000001000001000001111111001111000001000001110010010000011111111111111
0000010000010000011111110011110000010000011100100100000111111111111111
0000100000100000111111100111100000100000111001001000001111111111111111
0001000001000001111111001111000001000001110010010000011111111111111111
0010000010000011111110011110000010000011100100100000111111111111111111
0100000100000111111100111100000100000111001001000001111111111111111111
1000001000001111111001111000001000001110010010000011111111111111111111
0000010000011111110011110000010000011100100100000111111111111111111111
0000100000111111100111100000100000111001001000001111111111111111111111
0001000001111111001111000001000001110010010000011111111111111111111111
0010000011111110011110000010000011100100100000111111111111111111111111
0100000111111100111100000100000111001001000001111111111111111111111111
1000001111111001111000001000001110010010000011111111111111111111111111
0000011111110011110000010000011100100100000111111111111111111111111111
0000111111100111100000100000111001001000001111111111111111111111111111
0001111111001111000001000001110010010000011111111111111111111111111111
0011111110011110000010000011100100100000111111111111111111111111111111
0111111100111100000100000111001001000001111111111111111111111111111111
1111111001111000001000001110010010000011111111111111111111111111111111
1111110011110000010000011100100100000111111111111111111111111111111111
1111100111100000100000111001001000001111111111111111111111111111111111
1111001111000001000001110010010000011111111111111111111111111111111111
1110011110000010000011100100100000111111111111111111111111111111111111
1100111100000100000111001001000001111111111111111111111111111111111111
1001111000001000001110010010000011111111111111111111111111111111111111
0011110000010000011100100100000111111111111111111111111111111111111111
0111100000100000111001001000001111111111111111111111111111111111111111
1111000001000001110010010000011111111111111111111111111111111111111111
1110000010000011100100100000111111111111111111111111111111111111111111
1100000100000111001001000001111111111111111111111111111111111111111111
1000001000001110010010000011111111111111111111111111111111111111111111
0000010000011100100100000111111111111111111111111111111111111111111111
0000100000111001001000001111111111111111111111111111111111111111111111
0001000001110010010000011111111111111111111111111111111111111111111111
0010000011100100100000111111111111111111111111111111111111111111111111
0100000111001001000001111111111111111111111111111111111111111111111111
1000001110010010000011111111111111111111111111111111111111111111111111
0000011100100100000111111111111111111111111111111111111111111111111111
0000111001001000001111111111111111111111111111111111111111111111111111
0001110010010000011111111111111111111111111111111111111111111111111111
0011100100100000111111111111111111111111111111111111111111111111111111
0111001001000001111111111111111111111111111111111111111111111111111111
1110010010000011111111111111111111111111111111111111111111111111111111
1100100100000111111111111111111111111111111111111111111111111111111111
1001001000001111111111111111111111111111111111111111111111111111111111
0010010000011111111111111111111111111111111111111111111111111111111111
0100100000111111111111111111111111111111111111111111111111111111111111
1001000001111111111111111111111111111111111111111111111111111111111111
0010000011111111111111111111111111111111111111111111111111111111111111
0100000111111111111111111111111111111111111111111111111111111111111111
1000001111111111111111111111111111111111111111111111111111111111111111
0000011111111111111111111111111111111111111111111111111111111111111111
0000111111111111111111111111111111111111111111111111111111111111111111
0001111111111111111111111111111111111111111111111111111111111111111111
0011111111111111111111111111111111111111111111111111111111111111111111
0111111111111111111111111111111111111111111111111111111111111111111111
1111111111111111111111111111111111111111111111111111111111111111111111
1111111111111111111111111111111111111111111111111111111111111111111111
1111111111111111111111111111111111111111111111111111111111111111111111
1111111111111111111111111111111111111111111111111111111111111111111111
1111111111111111111111111111111111111111111111111111111111111111111111
1111111111111111111111111111111111111111111111111111111111111111111111
1111111111111111111111111111111111111111111111111111111111111111111111
1111111111111111111111111111111111111111111111111111111111111111111111
1111111111111111111111111111111111111111111111111111111111111111111111
1111111111111111111111111111111111111111111111111111111111111111111111
1111111111111111111111111111111111111111111111111111111111111111111111
1111111111111111111111111111111111111111111111111111111111111111111111
1111111111111111111111111111111111111111111111111111111111111111111111
1111111111111111111111111111111111111111111111111111111111111111111111
1111111111111111111111111111111111111111111111111111111111111111111111
1111111111111111111111111111111111111111111111111111111111111111111111
1111111111111111111111111111111111111111111111111111111111111111111111
1111111111111111111111111111111111111111111111111111111111111111111111
1111111111111111111111111111111111111111111111111111111111111111111111
1111111111111111111111111111111111111111111111111111111111111111111111
1111111111111111111111111111111111111111111111111111111111111111111111
1111111111111111111111111111111111111111111111111111111111111111111111
1111111111111111111111111111111111111111111111111111111111111111111111
1111111111111111111111111111111111111111111111111111111111111111111111
1111111111111111111111111111111111111111111111111111111111111111111111
1111111111111111111111111111111111111111111111111111111111111111111111
1111111111111111111111111111111111111111111111111111111111111111111111
1111111111111111111111111111111111111111111111111111111111111111111111
1111111111111111111111111111111111111111111111111111111111111111111111
1111111111111111111111111111111111111111111111111111111111111111111111
1111111111111111111111111111111111111111111111111111111111111111111111
1111111111111111111111111111111111111111111111111111111111111111111111
1111111111111111111111111111111111111111111111111111111111111111111111
1111111111111111111111111111111111111111111111111111111111111111111111
1111111111111111111111111111111111111111111111111111111111111111111111
1111111111111111111111111111111111111111111111111111111111111111111111
1111111111111111111111111111111111111111111111111111111111111111111111
1111111111111111111111111111111111111111111111111111111111111111111111
1111111111111111111111111111111111111111111111111111111111111111111111
1111111111111111111111111111111111111111111111111111111111111111111111
1111111111111111111111111111111111111111111111111111111111111111111111
1111111111111111111111111111111111111111111111111111111111111111111111
1111111111111111111111111111111111111111111111111111111111111111111111
1111111111111111111111111111111111111111111111111111111111111111111111
1111111111111111111111111111111111111111111111111111111111111111111111
1111111111111111111111111111111111111111111111111111111111111111111111
1111111111111111111111111111111111111111111111111111111111111111111111
1111111111111111111111111111111111111111111111111111111111111111111111
1111111111111111111111111111111111111111111111111111111111111111111111
1111111111111111111111111111111111111111111111111111111111111111111111
1111111111111111111111111111111111111111111111111111111111111111111111
1111111111111111111111111111111111111111111111111111111111111111111111
1111111111111111111111111111111111111111111111111111111111111111111111
1111111111111111111111111111111111111111111111111111111111111111111111
1111111111111111111111111111111111111111111111111111111111111111111111
1111111111111111111111111111111111111111111111111111111111111111111111
1111111111111111111111111111111111111111111111111111111111111111111111
1111111111111111111111111111111111111111111111111111111111111111111111
1111111111111111111111111111111111111111111111111111111111111111111111
1111111111111111111111111111111111111111111111111111111111111111111111
1111111111111111111111111111111111111111111111111111111111111111111111
1111111111111111111111111111111111111111111111111111111111111111111111
1111111111111111111111111111111111111111111111111111111111111111111111
1111111111111111111111111111111111111111111111111111111111111111111111
1111111111111111111111111111111111111111111111111111111111111111111111
1111111111111111111111111111111111111111111111111111111111111111111111
1111111111111111111111111111111111111111111111111111111111111111111111
1111111111111111111111111111111111111111111111111111111111111111111111
1111111111111111111111111111111111111111111111111111111111111111111111
1111111111111111111111111111111111111111111111111111111111111111111111
1111111111111111111111111111111111111111111111111111111111111111111111
1111111111111111111111111111111111111111111111111111111111111111111111
1111111111111111111111111111111111111111111111111111111111111111111111
1111111111111111111111111111111111111111111111111111111111111111111111
1111111111111111111111111111111111111111111111111111111111111111111111
1111111111111111111111111111111111111111111111111111111111111111111111
1111111111111111111111111111111111111111111111111111111111111111111111
1111111111111111111111111111111111111111111111111111111111111111111111
1111111111111111111111111111111111111111111111111111111111111111111111
1111111111111111111111111111111111111111111111111111111111111111111111
1111111111111111111111111111111111111111111111111111111111111111111111
1111111111111111111111111111111111111111111111111111111111111111111111
1111111111111111111111111111111111111111111111111111111111111111111111
1111111111111111111111111111111111111111111111111111111111111111111111
1111111111111111111111111111111111111111111111111111111111111111111111
1111111111111111111111111111111111111111111111111111111111111111111111
1111111111111111111111111111111111111111111111111111111111111111111111
1111111111111111111111111111111111111111111111111111111111111111111111
1111111111111111111111111111111111111111111111111111111111111111111111
1111111111111111111111111111111111111111111111111111111111111111111111
1111111111111111111111111111111111111111111111111111111111111111111111
1111111111111111111111111111111111111111111111111111111111111111111111
1111111111111111111111111111111111111111111111111111111111111111111111
1111111111111111111111111111111111111111111111111111111111111111111111
1111111111111111111111111111111111111111111111111111111111111111111111
1111111111111111111111111111111111111111111111111111111111111111111111
1111111111111111111111111111111111111111111111111111111111111111111111
1111111111111111111111111111111111111111111111111111111111111111111111
1111111111111111111111111111111111111111111111111111111111111111111111
1111111111111111111111111111111111111111111111111111111111111111111111
1111111111111111111111111111111111111111111111111111111111111111111111
1111111111111111111111111111111111111111111111111111111111111111111111
1111111111111111111111111111111111111111111111111111111111111111111111
1111111111111111111111111111111111111111111111111111111111111111111111
1111111111111111111111111111111111111111111111111111111111111111111111
1111111111111111111111111111111111111111111111111111111111111111111111
1111111111111111111111111111111111111111111111111111111111111111111111
1111111111111111111111111111111111111111111111111111111111111111111111
1111111111111111111111111111111111111111111111111111111111111111111111
1111111111111111111111111111111111111111111111111111111111111111111111
1111111111111111111111111111111111111111111111111111111111111111111111
1111111111111111111111111111111111111111111111111111111111111111111111
1111111111111111111111111111111111111111111111111111111111111111111111
1111111111111111111111111111111111111111111111111111111111111111111111
1111111111111111111111111111111111111111111111111111111111111111111111
1111111111111111111111111111111111111111111111111111111111111111111111
1111111111111111111111111111111111111111111111111111111111111111111111
1111111111111111111111111111111111111111111111111111111111111111111111
1111111111111111111111111111111111111111111111111111111111111111111111
1111111111111111111111111111111111111111111111111111111111111111111111
1111111111111111111111111111111111111111111111111111111111111111111111
1111111111111111111111111111111111111111111111111111111111111111111111
1111111111111111111111111111111111111111111111111111111111111111111111
1111111111111111111111111111111111111111111111111111111111111111111111
1111111111111111111111111111111111111111111111111111111111111111111111
1111111111111111111111111111111111111111111111111111111111111111111111
1111111111111111111111111111111111111111111111111111111111111111111111
1111111111111111111111111111111111111111111111111111111111111111111111
1111111111111111111111111111111111111111111111111111111111111111111111
1111111111111111111111111111111111111111111111111111111111111111111111
1111111111111111111111111111111111111111111111111111111111111111111111
1111111111111111111111111111111111111111111111111111111111111111111111
1111111111111111111111111111111111111111111111111111111111111111111111
1111111111111111111111111111111111111111111111111111111111111111111111
1111111111111111111111111111111111111111111111111111111111111111111111
1111111111111111111111111111111111111111111111111111111111111111111111
1111111111111111111111111111111111111111111111111111111111111111111111
1111111111111111111111111111111111111111111111111111111111111111111111
1111111111111111111111111111111111111111111111111111111111111111111111
1111111111111111111111111111111111111111111111111111111111111111111111
1111111111111111111111111111111111111111111111111111111111111111111111
1111111111111111111111111111111111111111111111111111111111111111111111
1111111111111111111111111111111111111111111111111111111111111111111111
