0111111111111111111111111111111111111111111111111111111111111111111110
0011111111111111111111111111111111111111111111111111111111111111111100
0001111111111111111111111111111111111111111111111111111111111111111010
0000111111111111111111111111111111111111111111111111111111111111110000
0000011111111111111111111111111111111111111111111111111111111111101000
0000001111111111111111111111111111111111111111111111111111111111000100
0000000111111111111111111111111111111111111111111111111111111110100010
0000000011111111111111111111111111111111111111111111111111111100010000
0000000001111111111111111111111111111111111111111111111111111010001000
0000000000111111111111111111111111111111111111111111111111110001000100
0000000000011111111111111111111111111111111111111111111111101000100010
0000000000001111111111111111111111111111111111111111111111000100010000
0000000000000111111111111111111111111111111111111111111110100010001000
0000000000000011111111111111111111111111111111111111111100010001000100
0000000000000001111111111111111111111111111111111111111010001000100010
0000000000000000111111111111111111111111111111111111110001000100010000
0000000000000000011111111111111111111111111111111111101000100010001000
0000000000000000001111111111111111111111111111111111000100010001000100
0000000000000000000111111111111111111111111111111110100010001000100010
0000000000000000000011111111111111111111111111111100010001000100010000
0000000000000000000001111111111111111111111111111010001000100010001000
0000000000000000000000111111111111111111111111110001000100010001000100
0000000000000000000000011111111111111111111111101000100010001000100010
0000000000000000000000001111111111111111111111000100010001000100010000
0000000000000000000000000111111111111111111110100010001000100010001000
0000000000000000000000000011111111111111111100010001000100010001000100
0000000000000000000000000001111111111111111010001000100010001000100010
0000000000000000000000000000111111111111110001000100010001000100010000
0000000000000000000000000000011111111111101000100010001000100010001000
0000000000000000000000000000001111111111000100010001000100010001000100
0000000000000000000000000000000111111110100010001000100010001000100010
0000000000000000000000000000000011111100010001000100010001000100010000
0000000000000000000000000000000001111010001000100010001000100010001000
0000000000000000000000000000000000110001000100010001000100010001000100
0000000000000000000000000000000000001000100010001000100010001000100010
0000000000000000000000000000000000000100010001000100010001000100010000
0000000000000000000000000000000000000010001000100010001000100010001000
0000000000000000000000000000000000000001000100010001000100010001000100
0000000000000000000000000000000000000000100010001000100010001000100010
0000000000000000000000000000000000000000010001000100010001000100010000
0000000000000000000000000000000000000000001000100010001000100010001000
0000000000000000000000000000000000000000000100010001000100010001000100
0000000000000000000000000000000000000000000010001000100010001000100010
0000000000000000000000000000000000000000000001000100010001000100010000
0000000000000000000000000000000000000000000000100010001000100010001000
0000000000000000000000000000000000000000000000010001000100010001000100
0000000000000000000000000000000000000000000000001000100010001000100010
0000000000000000000000000000000000000000000000000100010001000100010000
0000000000000000000000000000000000000000000000000010001000100010001000
0000000000000000000000000000000000000000000000000001000100010001000100
0000000000000000000000000000000000000000000000000000100010001000100010
0000000000000000000000000000000000000000000000000000010001000100010000
0000000000000000000000000000000000000000000000000000001000100010001000
0000000000000000000000000000000000000000000000000000000100010001000100
0000000000000000000000000000000000000000000000000000000010001000100010
0000000000000000000000000000000000000000000000000000000001000100010000
0000000000000000000000000000000000000000000000000000000000100010001000
0000000000000000000000000000000000000000000000000000000000010001000100
0000000000000000000000000000000000000000000000000000000000001000100010
0000000000000000000000000000000000000000000000000000000000000100010000
0000000000000000000000000000000000000000000000000000000000000010001000
0000000000000000000000000000000000000000000000000000000000000001000100
0000000000000000000000000000000000000000000000000000000000000000100010
0000000000000000000000000000000000000000000000000000000000000000010000
0000000000000000000000000000000000000000000000000000000000000000001000
0000000000000000000000000000000000000000000000000000000000000000000100
0000000000000000000000000000000000000000000000000000000000000000000010
0000000000000000000000000000000000000000000000000000000000000000000000
0000000000000000000000000000000000000000000000000000000000000000000000
0000000000000000000000000000000000000000000000000000000000000000000000
0000000000000000000000000000000000000000000000000000000000000000000000
0000000000000000000000000000000000000000000000000000000000000000000000
0000000000000000000000000000000000000000000000000000000000000000000000
0000000000000000000000000000000000000000000000000000000000000000000000
0000000000000000000000000000000000000000000000000000000000000000000000
0000000000000000000000000000000000000000000000000000000000000000000000
0000000000000000000000000000000000000000000000000000000000000000000000
0000000000000000000000000000000000000000000000000000000000000000000000
0000000000000000000000000000000000000000000000000000000000000000000000
0000000000000000000000000000000000000000000000000000000000000000000000
0000000000000000000000000000000000000000000000000000000000000000000000
0000000000000000000000000000000000000000000000000000000000000000000000
0000000000000000000000000000000000000000000000000000000000000000000000
0000000000000000000000000000000000000000000000000000000000000000000000
0000000000000000000000000000000000000000000000000000000000000000000000
0000000000000000000000000000000000000000000000000000000000000000000000
0000000000000000000000000000000000000000000000000000000000000000000000
0000000000000000000000000000000000000000000000000000000000000000000000
0000000000000000000000000000000000000000000000000000000000000000000000
0000000000000000000000000000000000000000000000000000000000000000000000
0000000000000000000000000000000000000000000000000000000000000000000000
0000000000000000000000000000000000000000000000000000000000000000000000
0000000000000000000000000000000000000000000000000000000000000000000000
0000000000000000000000000000000000000000000000000000000000000000000000
0000000000000000000000000000000000000000000000000000000000000000000000
0000000000000000000000000000000000000000000000000000000000000000000000
0000000000000000000000000000000000000000000000000000000000000000000000
0000000000000000000000000000000000000000000000000000000000000000000000
0000000000000000000000000000000000000000000000000000000000000000000000
0000000000000000000000000000000000000000000000000000000000000000000000
0000000000000000000000000000000000000000000000000000000000000000000000
0000000000000000000000000000000000000000000000000000000000000000000000
0000000000000000000000000000000000000000000000000000000000000000000000
0000000000000000000000000000000000000000000000000000000000000000000000
0000000000000000000000000000000000000000000000000000000000000000000000
0000000000000000000000000000000000000000000000000000000000000000000000
0000000000000000000000000000000000000000000000000000000000000000000000
0000000000000000000000000000000000000000000000000000000000000000000000
0000000000000000000000000000000000000000000000000000000000000000000000
0000000000000000000000000000000000000000000000000000000000000000000000
0000000000000000000000000000000000000000000000000000000000000000000000
0000000000000000000000000000000000000000000000000000000000000000000000
0000000000000000000000000000000000000000000000000000000000000000000000
0000000000000000000000000000000000000000000000000000000000000000000000
0000000000000000000000000000000000000000000000000000000000000000000000
0000000000000000000000000000000000000000000000000000000000000000000000
0000000000000000000000000000000000000000000000000000000000000000000000
0000000000000000000000000000000000000000000000000000000000000000000000
0000000000000000000000000000000000000000000000000000000000000000000000
0000000000000000000000000000000000000000000000000000000000000000000000
0000000000000000000000000000000000000000000000000000000000000000000000
0000000000000000000000000000000000000000000000000000000000000000000000
0000000000000000000000000000000000000000000000000000000000000000000000
0000000000000000000000000000000000000000000000000000000000000000000000
0000000000000000000000000000000000000000000000000000000000000000000000
0000000000000000000000000000000000000000000000000000000000000000000000
0000000000000000000000000000000000000000000000000000000000000000000000
0000000000000000000000000000000000000000000000000000000000000000000000
0000000000000000000000000000000000000000000000000000000000000000000000
0000000000000000000000000000000000000000000000000000000000000000000000
0000000000000000000000000000000000000000000000000000000000000000000000
0000000000000000000000000000000000000000000000000000000000000000000000
0000000000000000000000000000000000000000000000000000000000000000000000
0000000000000000000000000000000000000000000000000000000000000000000000
0000000000000000000000000000000000000000000000000000000000000000000000
0000000000000000000000000000000000000000000000000000000000000000000000
0000000000000000000000000000000000000000000000000000000000000000000000
0000000000000000000000000000000000000000000000000000000000000000000000
0000000000000000000000000000000000000000000000000000000000000000000000
0000000000000000000000000000000000000000000000000000000000000000000000
0000000000000000000000000000000000000000000000000000000000000000000000
0000000000000000000000000000000000000000000000000000000000000000000000
0000000000000000000000000000000000000000000000000000000000000000000000
0000000000000000000000000000000000000000000000000000000000000000000000
0000000000000000000000000000000000000000000000000000000000000000000000
0000000000000000000000000000000000000000000000000000000000000000000000
0000000000000000000000000000000000000000000000000000000000000000000000
0000000000000000000000000000000000000000000000000000000000000000000000
0000000000000000000000000000000000000000000000000000000000000000000000
0000000000000000000000000000000000000000000000000000000000000000000000
0000000000000000000000000000000000000000000000000000000000000000000000
0000000000000000000000000000000000000000000000000000000000000000000000
0000000000000000000000000000000000000000000000000000000000000000000000
0000000000000000000000000000000000000000000000000000000000000000000000
0000000000000000000000000000000000000000000000000000000000000000000000
0000000000000000000000000000000000000000000000000000000000000000000000
0000000000000000000000000000000000000000000000000000000000000000000000
0000000000000000000000000000000000000000000000000000000000000000000000
0000000000000000000000000000000000000000000000000000000000000000000000
0000000000000000000000000000000000000000000000000000000000000000000000
0000000000000000000000000000000000000000000000000000000000000000000000
0000000000000000000000000000000000000000000000000000000000000000000000
0000000000000000000000000000000000000000000000000000000000000000000000
0000000000000000000000000000000000000000000000000000000000000000000000
0000000000000000000000000000000000000000000000000000000000000000000000
0000000000000000000000000000000000000000000000000000000000000000000000
0000000000000000000000000000000000000000000000000000000000000000000000
0000000000000000000000000000000000000000000000000000000000000000000000
0000000000000000000000000000000000000000000000000000000000000000000000
0000000000000000000000000000000000000000000000000000000000000000000000
0000000000000000000000000000000000000000000000000000000000000000000000
0000000000000000000000000000000000000000000000000000000000000000000000
0000000000000000000000000000000000000000000000000000000000000000000000
0000000000000000000000000000000000000000000000000000000000000000000000
0000000000000000000000000000000000000000000000000000000000000000000000
0000000000000000000000000000000000000000000000000000000000000000000000
0000000000000000000000000000000000000000000000000000000000000000000000
0000000000000000000000000000000000000000000000000000000000000000000000
0000000000000000000000000000000000000000000000000000000000000000000000
0000000000000000000000000000000000000000000000000000000000000000000000
0000000000000000000000000000000000000000000000000000000000000000000000
0000000000000000000000000000000000000000000000000000000000000000000000
0000000000000000000000000000000000000000000000000000000000000000000000
0000000000000000000000000000000000000000000000000000000000000000000000
0000000000000000000000000000000000000000000000000000000000000000000000
0000000000000000000000000000000000000000000000000000000000000000000000
0000000000000000000000000000000000000000000000000000000000000000000000
0000000000000000000000000000000000000000000000000000000000000000000000
0000000000000000000000000000000000000000000000000000000000000000000000
0000000000000000000000000000000000000000000000000000000000000000000000
0000000000000000000000000000000000000000000000000000000000000000000000
0000000000000000000000000000000000000000000000000000000000000000000000
0000000000000000000000000000000000000000000000000000000000000000000000
0000000000000000000000000000000000000000000000000000000000000000000000
0000000000000000000000000000000000000000000000000000000000000000000000
0000000000000000000000000000000000000000000000000000000000000000000000
0000000000000000000000000000000000000000000000000000000000000000000000
0000000000000000000000000000000000000000000000000000000000000000000000
0000000000000000000000000000000000000000000000000000000000000000000000
0000000000000000000000000000000000000000000000000000000000000000000000
0000000000000000000000000000000000000000000000000000000000000000000000
0000000000000000000000000000000000000000000000000000000000000000000000
0000000000000000000000000000000000000000000000000000000000000000000000
0000000000000000000000000000000000000000000000000000000000000000000000
0000000000000000000000000000000000000000000000000000000000000000000000
0000000000000000000000000000000000000000000000000000000000000000000000
0000000000000000000000000000000000000000000000000000000000000000000000
0000000000000000000000000000000000000000000000000000000000000000000000
0000000000000000000000000000000000000000000000000000000000000000000000
0000000000000000000000000000000000000000000000000000000000000000000000
