1011011011011011011011011011011011011010010101100010010101100010010110
0000000000000000000000000000000000000001100000010101100000010101100000
0000000000000000000000000000000000000010010000100000010000100000010000
0000000000000000000000000000000000000101101001010000101001010000101000
0000000000000000000000000000000000001000000110001001000110001001000100
0000000000000000000000000000000000010100001001010110101001010110101010
0000000000000000000000000000000000100010010110000000000110000000000000
0000000000000000000000000000000001010101100001000000001001000000000000
0000000000000000000000000000000010000000010010100000010110100000000000
0000000000000000000000000000000101000000101100010000100000010000000000
0000000000000000000000000000001000100001000010101001010000101000000000
0000000000000000000000000000010101010010100100000110001001000100000000
0000000000000000000000000000100000001100011010001001010110101010000000
0000000000000000000000000001010000010010100001010110000000000001000000
0000000000000000000000000010001000101100010010000001000000000010100000
0000000000000000000000000101010101000010101101000010100000000100010000
0000000000000000000000001000000000100100000000100100010000001010101000
0000000000000000000000010100000001011010000001011010101000010000000100
0000000000000000000000100010000010000001000010000000000100101000001010
0000000000000000000001010101000101000010100101000000001011000100010000
0000000000000000000010000000101000100100011000100000010000101010101000
0000000000000000000101000001000101011010100101010000101001000000000100
0000000000000000001000100010101000000000011000001001000110100000001010
0000000000000000010101010100000100000000100100010110101000010000010000
0000000000000000100000000010001010000001011010100000000100101000101000
0000000000000001010000000101010001000010000000010000001011000101000100
0000000000000010001000001000001010100101000000101000010000101000101010
0000000000000101010100010100010000011000100001000100101001000101000000
0000000000001000000010100010101000100101010010101011000110101000100000
0000000000010100000100010100000101011000001100000000101000000101010000
0000000000100010001010100010001000000100010010000001000100001000001000
0000000001010101010000010101010100001010101101000010101010010100010100
0000000010000000001000100000000010010000000000100100000001100010100010
0000000101000000010101010000000101101000000001011010000010010100010100
0000001000100000100000001000001000000100000010000001000101100010100010
0000010101010001010000010100010100001010000101000010101000010100010100
0000100000001010001000100010100010010001001000100100000100100010100010
0001010000010001010101010100010101101010110101011010001011010100010100
0010001000101010000000000010100000000000000000000001010000000010100010
0101010101000001000000000100010000000000000000000010001000000100010100
1000000000100010100000001010101000000000000000000101010100001010100010
0100000001010100010000010000000100000000000000001000000010010000010100
1010000010000010101000101000001010000000000000010100000101101000100010
0001000101000100000101000100010001000000000000100010001000000101010100
0010101000101010001000101010101010100000000001010101010100001000000010
0100000101000001010101000000000000010000000010000000000010010100000100
1010001000100010000000100000000000101000000101000000000101100010001010
0001010101010101000001010000000001000100001000100000001000010101010000
0010000000000000100010001000000010101010010101010000010100100000001000
0101000000000001010101010100000100000001100000001000100011010000010100
1000100000000010000000000010001010000010010000010101010100001000100010
0101010000000101000000000101010001000101101000100000000010010101010100
1000001000001000100000001000001010101000000101010000000101100000000010
0100010100010101010000010100010000000100001000001000001000010000000100
1010100010100000001000100010101000001010010100010100010100101000001010
0000010100010000010101010100000100010001100010100010100011000100010000
0000100010101000100000000010001010101010010100010100010100101010101000
0001010100000101010000000101010000000001100010100010100011000000000100
0010000010001000001000001000001000000010010100010100010100100000001010
0101000101010100010100010100010100000101100010100010100011010000010000
1000101000000010100010100010100010001000010100010100010100001000101000
0101000100000100010100010100010101010100100010100010100010010101000100
1000101010001010100010100010100000000011010100010100010101100000101010
0101000001010000010100010100010000000100000010100010100000010001000000
1000100010001000100010100010101000001010000100010100010000101010100000
0101010101010101010100010100000100010001001010100010101001000000010000
1000000000000000000010100010001010101010110000010100000110100000101000
0100000000000000000100010101010000000000001000100010001000010001000100
1010000000000000001010100000001000000000010101010101010100101010101010
0001000000000000010000010000010100000000100000000000000011000000000000
0010100000000000101000101000100010000001010000000000000100100000000000
0100010000000001000101000101010101000010001000000000001011010000000000
1010101000000010101000101000000000100101010100000000010000001000000000
0000000100000100000101000100000001011000000010000000101000010100000000
0000001010001010001000101010000010000100000101000001000100100010000000
0000010001010001010101000001000101001010001000100010101011010101000000
0000101010001010000000100010101000110001010101010100000000000000100000
0001000001010001000001010100000101001010000000000010000000000001010000
0010100010001010100010000010001000110001000000000101000000000010001000
0100010101010000010101000101010101001010100000001000100000000101010100
1010100000001000100000101000000000110000010000010101010000001000000010
0000010000010101010001000100000001001000101000100000001000010100000100
0000101000100000001010101010000010110101000101010000010100100010001010
0001000101010000010000000001000100000000101000001000100011010101010000
0010101000001000101000000010101010000001000100010101010100000000001000
0100000100010101000100000100000001000010101010100000000010000000010100
1010001010100000101010001010000010100100000000010000000101000000100010
0001010000010001000001010001000100011010000000101000001000100001010100
0010001000101010100010001010101010100001000001000100010101010010000010
0101010101000000010101010000000000010010100010101010100000001101000100
1000000000100000100000001000000000101100010100000000010000010000101010
0100000001010001010000010100000001000010100010000000101000101001000000
1010000010001010001000100010000010100100010101000001000101000110100000
0001000101010001010101010101000100011010100000100010101000101000010000
0010101000001010000000000000101010100000010001010100000101000100101000
0100000100010001000000000001000000010000101010000010001000101011000100
1010001010101010100000000010100000101001000001000101010101000000101010
0001010000000000010000000100010001000110100010101000000000100001000000
0010001000000000101000001010101010101000010100000100000001010010100000
0101010100000001000100010000000000000100100010001010000010001100010000
1000000010000010101010101000000000001011010101010001000101010010101000
0100000101000100000000000100000000010000000000001010101000001100000100
1010001000101010000000001010000000101000000000010000000100010010001010
0001010101000001000000010001000001000100000000101000001010101101010000
0010000000100010100000101010100010101010000001000100010000000000001000
0101000001010100010001000000010100000001000010101010101000000000010100
1000100010000010101010100000100010000010100100000000000100000000100010
0101010101000100000000010001010101000100011010000000001010000001010100
1000000000101010000000101010000000101010100001000000010001000010000010
0100000001000001000001000001000001000000010010100000101010100101000100
1010000010100010100010100010100010100000101100010001000000011000101010
0001000100010100010100010100010100010001000010101010100000100101000000
0010101010100010100010100010100010101010100100000000010001011000100000
0100000000010100010100010100010100000000011010000000101010000101010000
1010000000100010100010100010100010000000100001000001000001001000001000
0001000001010100010100010100010101000001010010100010100010110100010100
0010100010000010100010100010100000100010001100010100010100000010100010
0100010101000100010100010100010001010101010010100010100010000100010100
1010100000101010100010100010101010000000001100010100010101001010100010
0000010001000000010100010100000001000000010010100010100000110000010100
0000101010100000100010100010000010100000101100010100010001001000100010
0001000000010001010100010101000100010001000010100010101010110101010100
0010100000101010000010100000101010101010100100010100000000000000000010
0100010001000001000100010001000000000000011010100010000000000000000100
1010101010100010101010101010100000000000100000010101000000000000001010
0000000000010100000000000000010000000001010000100000100000000000010000
0000000000100010000000000000101000000010001001010001010000000000101000
0000000001010101000000000001000100000101010110001010001000000001000100
0000000010000000100000000010101010001000000001010001010100000010101010
0000000101000001010000000100000001010100000010001010000010000100000000
0000001000100010001000001010000010000010000101010001000101001010000000
0000010101010101010100010001000101000101001000001010101000110001000000
0000100000000000000010101010101000101000110100010000000101001010100000
0001010000000000000100000000000101000101000010101000001000110000010000
0010001000000000001010000000001000101000100100000100010101001000101000
0101010100000000010001000000010101000101011010001010100000110101000100
1000000010000000101010100000100000101000000001010000010001000000101010
0100000101000001000000010001010001000100000010001000101010100001000000
1010001000100010100000101010001010101010000101010101000000010010100000
0001010101010100010001000001010000000001001000000000100000101100010000
0010000000000010101010100010001000000010110100000001010001000010101000
0101000000000100000000010101010100000100000010000010001010100100000100
1000100000001010000000100000000010001010000101000101010000011010001010
0101010000010001000001010000000101010001001000101000001000100001010000
1000001000101010100010001000001000001010110101000100010101010010001000
0100010101000000010101010100010100010000000000101010100000001101010100
1010100000100000100000000010100010101000000001000000010000010000000010
0000010001010001010000000100010100000100000010100000101000101000000100
0000101010001010001000001010100010001010000100010001000101000100001010
0001000001010001010100010000010101010001001010101010101000101010010000
0010100010001010000010101000100000001010110000000000000101000001101000
0100010101010001000100000101010000010000001000000000001000100010000100
1010100000001010101010001000001000101000010100000000010101010101001010
0000010000010000000001010100010101000100100010000000100000000000110000
0000101000101000000010000010100000101011010101000001010000000001001000
0001000101000100000101000100010001000000000000100010001000000010110100
0010101000101010001000101010101010100000000001010101010100000100000010
0100000101000001010101000000000000010000000010000000000010001010000100
1010001000100010000000100000000000101000000101000000000101010001001010
0001010101010101000001010000000001000100001000100000001000001010110000
0010000000000000100010001000000010101010010101010000010100010000001000
0101000000000001010101010100000100000001100000001000100010101000010100
1000100000000010000000000010001010000010010000010101010100000100100010
0101010000000101000000000101010001000101101000100000000010001011010100
1000001000001000100000001000001010101000000101010000000101010000000010
0100010100010101010000010100010000000100001000001000001000001000000100
1010100010100000001000100010101000001010010100010100010100010100001010
0000010100010000010101010100000100010001100010100010100010100010010000
0000100010101000100000000010001010101010010100010100010100010101101000
0001010100000101010000000101010000000001100010100010100010100000000100
0010000010001000001000001000001000000010010100010100010100010000001010
0101000101010100010100010100010100000101100010100010100010101000010000
1000101000000010100010100010100010001000010100010100010100000100101000
0101000100000100010100010100010101010100100010100010100010001011000100
1000101010001010100010100010100000000011010100010100010101010000101010
0101000001010000010100010100010000000100000010100010100000001001000000
1000100010001000100010100010101000001010000100010100010000010110100000
0101010101010101010100010100000100010001001010100010101000100000010000
1000000000000000000010100010001010101010110000010100000101010000101000
0100000000000000000100010101010000000000001000100010001000001001000100
1010000000000000001010100000001000000000010101010101010100010110101010
0001000000000000010000010000010100000000100000000000000010100000000000
0010100000000000101000101000100010000001010000000000000100010000000000
0100010000000001000101000101010101000010001000000000001010101000000000
1010101000000010101000101000000000100101010100000000010000000100000000
0000000100000100000101000100000001011000000010000000101000001010000000
0000001010001010001000101010000010000100000101000001000100010001000000
0000010001010001010101000001000101001010001000100010101010101010100000
0000101010001010000000100010101000110001010101010100000000000000010000
0001000001010001000001010100000101001010000000000010000000000000101000
0010100010001010100010000010001000110001000000000101000000000001000100
0100010101010000010101000101010101001010100000001000100000000010101010
1010100000001000100000101000000000110000010000010101010000000100000000
0000010000010101010001000100000001001000101000100000001000001010000000
0000101000100000001010101010000010110101000101010000010100010001000000
0001000101010000010000000001000100000000101000001000100010101010100000
0010101000001000101000000010101010000001000100010101010100000000010000
0100000100010101000100000100000001000010101010100000000010000000101000
1010001010100000101010001010000010100100000000010000000101000001000100
0001010000010001000001010001000100011010000000101000001000100010101010
0010001000101010100010001010101010100001000001000100010101010100000000
0101010101000000010101010000000000010010100010101010100000000010000000
1000000000100000100000001000000000101100010100000000010000000101000000
0100000001010001010000010100000001000010100010000000101000001000100000
1010000010001010001000100010000010100100010101000001000100010101010000
0001000101010001010101010101000100011010100000100010101010100000001000
0010101000001010000000000000101010100000010001010100000000010000010100
0100000100010001000000000001000000010000101010000010000000101000100010
1010001010101010100000000010100000101001000001000101000001000101010100
0001010000000000010000000100010001000110100010101000100010101000000010
