0001100110011001100110011001001010001001010010010100100101001001010011
0000010001000100010001000101101011001101011011010110110101101101011000
0000011001100110011001100100001000100001000000010000000100000001000100
0000000100010001000100010110001100110001100000011000000110000001100110
0000000110011001100110010001000010001000010000000100000001000000010001
0000000001000100010001011001100011001100011000000110000001100000011000
0000000001100110011001000100010000100010000100000001000000010000000100
0000000000010001000101100110011000110011000110000001100000011000000110
0000000000011001100100010001000100001000100001000000010000000100000001
0000000000000100010110011001100110001100110001100000011000000110000000
0000000000000110010001000100010001000010001000010000000100000001000000
0000000000000001011001100110011001100011001100011000000110000001100000
0000000000000001000100010001000100010000100010000100000001000000010000
0000000000000001100110011001100110011000110011000110000001100000011000
0000000000000000010001000100010001000100001000100001000000010000000100
0000000000000000011001100110011001100110001100110001100000011000000110
0000000000000000000100010001000100010001000010001000010000000100000001
0000000000000000000110011001100110011001100011001100011000000110000000
0000000000000000000001000100010001000100010000100010000100000001000000
0000000000000000000001100110011001100110011000110011000110000001100000
0000000000000000000000010001000100010001000100001000100001000000010000
0000000000000000000000011001100110011001100110001100110001100000011000
0000000000000000000000000100010001000100010001000010001000010000000100
0000000000000000000000000110011001100110011001100011001100011000000110
0000000000000000000000000001000100010001000100010000100010000100000001
0000000000000000000000000001100110011001100110011000110011000110000000
0000000000000000000000000000010001000100010001000100001000100001000000
0000000000000000000000000000011001100110011001100110001100110001100000
0000000000000000000000000000000100010001000100010001000010001000010000
0000000000000000000000000000000110011001100110011001100011001100011000
0000000000000000000000000000000001000100010001000100010000100010000100
0000000000000000000000000000000001100110011001100110011000110011000110
0000000000000000000000000000000000010001000100010001000100001000100001
0000000000000000000000000000000000011001100110011001100110001100110000
0000000000000000000000000000000000000100010001000100010001000010001000
0000000000000000000000000000000000000110011001100110011001100011001100
0000000000000000000000000000000000000001000100010001000100010000100010
0000000000000000000000000000000000000001100110011001100110011000110011
0000000000000000000000000000000000000000010001000100010001000100001000
0000000000000000000000000000000000000000011001100110011001100110001100
0000000000000000000000000000000000000000000100010001000100010001000010
0000000000000000000000000000000000000000000110011001100110011001100011
0000000000000000000000000000000000000000000001000100010001000100010000
0000000000000000000000000000000000000000000001100110011001100110011000
0000000000000000000000000000000000000000000000010001000100010001000100
0000000000000000000000000000000000000000000000011001100110011001100110
0000000000000000000000000000000000000000000000000100010001000100010001
0000000000000000000000000000000000000000000000000110011001100110011000
0000000000000000000000000000000000000000000000000001000100010001000100
0000000000000000000000000000000000000000000000000001100110011001100110
0000000000000000000000000000000000000000000000000000010001000100010001
0000000000000000000000000000000000000000000000000000011001100110011000
0000000000000000000000000000000000000000000000000000000100010001000100
0000000000000000000000000000000000000000000000000000000110011001100110
0000000000000000000000000000000000000000000000000000000001000100010001
0000000000000000000000000000000000000000000000000000000001100110011000
0000000000000000000000000000000000000000000000000000000000010001000100
0000000000000000000000000000000000000000000000000000000000011001100110
0000000000000000000000000000000000000000000000000000000000000100010001
0000000000000000000000000000000000000000000000000000000000000110011000
0000000000000000000000000000000000000000000000000000000000000001000100
0000000000000000000000000000000000000000000000000000000000000001100110
0000000000000000000000000000000000000000000000000000000000000000010001
0000000000000000000000000000000000000000000000000000000000000000011000
0000000000000000000000000000000000000000000000000000000000000000000100
0000000000000000000000000000000000000000000000000000000000000000000110
0000000000000000000000000000000000000000000000000000000000000000000001
0000000000000000000000000000000000000000000000000000000000000000000000
0000000000000000000000000000000000000000000000000000000000000000000000
0000000000000000000000000000000000000000000000000000000000000000000000
0000000000000000000000000000000000000000000000000000000000000000000000
0000000000000000000000000000000000000000000000000000000000000000000000
0000000000000000000000000000000000000000000000000000000000000000000000
0000000000000000000000000000000000000000000000000000000000000000000000
0000000000000000000000000000000000000000000000000000000000000000000000
0000000000000000000000000000000000000000000000000000000000000000000000
0000000000000000000000000000000000000000000000000000000000000000000000
0000000000000000000000000000000000000000000000000000000000000000000000
0000000000000000000000000000000000000000000000000000000000000000000000
0000000000000000000000000000000000000000000000000000000000000000000000
0000000000000000000000000000000000000000000000000000000000000000000000
0000000000000000000000000000000000000000000000000000000000000000000000
0000000000000000000000000000000000000000000000000000000000000000000000
0000000000000000000000000000000000000000000000000000000000000000000000
0000000000000000000000000000000000000000000000000000000000000000000000
0000000000000000000000000000000000000000000000000000000000000000000000
0000000000000000000000000000000000000000000000000000000000000000000000
0000000000000000000000000000000000000000000000000000000000000000000000
0000000000000000000000000000000000000000000000000000000000000000000000
0000000000000000000000000000000000000000000000000000000000000000000000
0000000000000000000000000000000000000000000000000000000000000000000000
0000000000000000000000000000000000000000000000000000000000000000000000
0000000000000000000000000000000000000000000000000000000000000000000000
0000000000000000000000000000000000000000000000000000000000000000000000
0000000000000000000000000000000000000000000000000000000000000000000000
0000000000000000000000000000000000000000000000000000000000000000000000
0000000000000000000000000000000000000000000000000000000000000000000000
0000000000000000000000000000000000000000000000000000000000000000000000
0000000000000000000000000000000000000000000000000000000000000000000000
0000000000000000000000000000000000000000000000000000000000000000000000
0000000000000000000000000000000000000000000000000000000000000000000000
0000000000000000000000000000000000000000000000000000000000000000000000
0000000000000000000000000000000000000000000000000000000000000000000000
0000000000000000000000000000000000000000000000000000000000000000000000
0000000000000000000000000000000000000000000000000000000000000000000000
0000000000000000000000000000000000000000000000000000000000000000000000
0000000000000000000000000000000000000000000000000000000000000000000000
0000000000000000000000000000000000000000000000000000000000000000000000
0000000000000000000000000000000000000000000000000000000000000000000000
0000000000000000000000000000000000000000000000000000000000000000000000
0000000000000000000000000000000000000000000000000000000000000000000000
0000000000000000000000000000000000000000000000000000000000000000000000
0000000000000000000000000000000000000000000000000000000000000000000000
0000000000000000000000000000000000000000000000000000000000000000000000
0000000000000000000000000000000000000000000000000000000000000000000000
0000000000000000000000000000000000000000000000000000000000000000000000
0000000000000000000000000000000000000000000000000000000000000000000000
0000000000000000000000000000000000000000000000000000000000000000000000
0000000000000000000000000000000000000000000000000000000000000000000000
0000000000000000000000000000000000000000000000000000000000000000000000
0000000000000000000000000000000000000000000000000000000000000000000000
0000000000000000000000000000000000000000000000000000000000000000000000
0000000000000000000000000000000000000000000000000000000000000000000000
0000000000000000000000000000000000000000000000000000000000000000000000
0000000000000000000000000000000000000000000000000000000000000000000000
0000000000000000000000000000000000000000000000000000000000000000000000
0000000000000000000000000000000000000000000000000000000000000000000000
0000000000000000000000000000000000000000000000000000000000000000000000
0000000000000000000000000000000000000000000000000000000000000000000000
0000000000000000000000000000000000000000000000000000000000000000000000
0000000000000000000000000000000000000000000000000000000000000000000000
0000000000000000000000000000000000000000000000000000000000000000000000
0000000000000000000000000000000000000000000000000000000000000000000000
0000000000000000000000000000000000000000000000000000000000000000000000
0000000000000000000000000000000000000000000000000000000000000000000000
0000000000000000000000000000000000000000000000000000000000000000000000
0000000000000000000000000000000000000000000000000000000000000000000000
0000000000000000000000000000000000000000000000000000000000000000000000
0000000000000000000000000000000000000000000000000000000000000000000000
0000000000000000000000000000000000000000000000000000000000000000000000
0000000000000000000000000000000000000000000000000000000000000000000000
0000000000000000000000000000000000000000000000000000000000000000000000
0000000000000000000000000000000000000000000000000000000000000000000000
0000000000000000000000000000000000000000000000000000000000000000000000
0000000000000000000000000000000000000000000000000000000000000000000000
0000000000000000000000000000000000000000000000000000000000000000000000
0000000000000000000000000000000000000000000000000000000000000000000000
0000000000000000000000000000000000000000000000000000000000000000000000
0000000000000000000000000000000000000000000000000000000000000000000000
0000000000000000000000000000000000000000000000000000000000000000000000
0000000000000000000000000000000000000000000000000000000000000000000000
0000000000000000000000000000000000000000000000000000000000000000000000
0000000000000000000000000000000000000000000000000000000000000000000000
0000000000000000000000000000000000000000000000000000000000000000000000
0000000000000000000000000000000000000000000000000000000000000000000000
0000000000000000000000000000000000000000000000000000000000000000000000
0000000000000000000000000000000000000000000000000000000000000000000000
0000000000000000000000000000000000000000000000000000000000000000000000
0000000000000000000000000000000000000000000000000000000000000000000000
0000000000000000000000000000000000000000000000000000000000000000000000
0000000000000000000000000000000000000000000000000000000000000000000000
0000000000000000000000000000000000000000000000000000000000000000000000
0000000000000000000000000000000000000000000000000000000000000000000000
0000000000000000000000000000000000000000000000000000000000000000000000
0000000000000000000000000000000000000000000000000000000000000000000000
0000000000000000000000000000000000000000000000000000000000000000000000
0000000000000000000000000000000000000000000000000000000000000000000000
0000000000000000000000000000000000000000000000000000000000000000000000
0000000000000000000000000000000000000000000000000000000000000000000000
0000000000000000000000000000000000000000000000000000000000000000000000
0000000000000000000000000000000000000000000000000000000000000000000000
0000000000000000000000000000000000000000000000000000000000000000000000
0000000000000000000000000000000000000000000000000000000000000000000000
0000000000000000000000000000000000000000000000000000000000000000000000
0000000000000000000000000000000000000000000000000000000000000000000000
0000000000000000000000000000000000000000000000000000000000000000000000
0000000000000000000000000000000000000000000000000000000000000000000000
0000000000000000000000000000000000000000000000000000000000000000000000
0000000000000000000000000000000000000000000000000000000000000000000000
0000000000000000000000000000000000000000000000000000000000000000000000
0000000000000000000000000000000000000000000000000000000000000000000000
0000000000000000000000000000000000000000000000000000000000000000000000
0000000000000000000000000000000000000000000000000000000000000000000000
0000000000000000000000000000000000000000000000000000000000000000000000
0000000000000000000000000000000000000000000000000000000000000000000000
0000000000000000000000000000000000000000000000000000000000000000000000
0000000000000000000000000000000000000000000000000000000000000000000000
0000000000000000000000000000000000000000000000000000000000000000000000
0000000000000000000000000000000000000000000000000000000000000000000000
0000000000000000000000000000000000000000000000000000000000000000000000
0000000000000000000000000000000000000000000000000000000000000000000000
0000000000000000000000000000000000000000000000000000000000000000000000
0000000000000000000000000000000000000000000000000000000000000000000000
0000000000000000000000000000000000000000000000000000000000000000000000
0000000000000000000000000000000000000000000000000000000000000000000000
0000000000000000000000000000000000000000000000000000000000000000000000
0000000000000000000000000000000000000000000000000000000000000000000000
0000000000000000000000000000000000000000000000000000000000000000000000
0000000000000000000000000000000000000000000000000000000000000000000000
0000000000000000000000000000000000000000000000000000000000000000000000
0000000000000000000000000000000000000000000000000000000000000000000000
0000000000000000000000000000000000000000000000000000000000000000000000
0000000000000000000000000000000000000000000000000000000000000000000000
0000000000000000000000000000000000000000000000000000000000000000000000
0000000000000000000000000000000000000000000000000000000000000000000000
0000000000000000000000000000000000000000000000000000000000000000000000
0000000000000000000000000000000000000000000000000000000000000000000000
0000000000000000000000000000000000000000000000000000000000000000000000
0000000000000000000000000000000000000000000000000000000000000000000000
0000000000000000000000000000000000000000000000000000000000000000000000
