1111111111111111111111111111111111111111111111111111111111111111111111
0111111111111111111111111111111111111111111111111111111111111111111110
0011111111111111111111111111111111111111111111111111111111111111111101
1001111111111111111111111111111111111111111111111111111111111111111000
1100111111111111111111111111111111111111111111111111111111111111110111
0010011111111111111111111111111111111111111111111111111111111111100010
1011001111111111111111111111111111111111111111111111111111111111011011
1000100111111111111111111111111111111111111111111111111111111110000000
1110110011111111111111111111111111111111111111111111111111111101111111
0100001001111111111111111111111111111111111111111111111111111000111110
0111101100111111111111111111111111111111111111111111111111110110011101
0011000010011111111111111111111111111111111111111111111111100001001000
1000111011001111111111111111111111111111111111111111111111011101101111
1110010000100111111111111111111111111111111111111111111110001000000110
0101011110110011111111111111111111111111111111111111111101101111110001
0101001100001001111111111111111111111111111111111111111000000111101100
0101100011101100111111111111111111111111111111111111110111110011000011
0100011001000010011111111111111111111111111111111111100011101000111000
0111000101111011001111111111111111111111111111111111011001001110010111
0010110100110000100111111111111111111111111111111110000101100101010010
1010000110001110110011111111111111111111111111111101110100010101011011
1011110001100100001001111111111111111111111111111000100111010101000000
1001101100010111101100111111111111111111111111110110110010010101111111
1100000011010011000010011111111111111111111111100000001011010100111110
0011111000011000111011001111111111111111111111011111101000010110011101
1001110111000110010000100111111111111111111110001111001111010001001000
1100100010110001011110110011111111111111111101100110100110011101101111
0010111010001101001100001001111111111111111000010000110001001000000110
1010010011100001100011101100111111111111110111011110001101101111110001
1011011001011100011001000010011111111111100010001101100000000111101100
1000000101001011000101111011001111111111011011100000011111110011000011
1111110101101000110100110000100111111110000001011111001111101000111000
0111100100001110000110001110110011111101111101001110100111001110010111
0011010111100101110001100100001001111000111001100100110010100101010010
1000010011010100101100010111101100110110010100010110001010110101011011
1111011000010110100011010011000010000001010111010001101010000101000000
0110000111010000111000011000111011111101010010011100001011110101111111
0001110010011110010111000110010001111001011011001011101001100100111110
1100101011001101010010110001011100110101000000101001001100010110011101
0010101000100001011010001101001010000101111110101101100011010001001000
1010101110111101000011100001101011110100111100100000011000011101101111
1010100100011001111001011100001001100110011010111111000111001000000110
1010110111000100110101001011101100010001000010011110110010101111110001
1010000010110110000101101001000011011101111011001100001010100111101100
1011111010000001110100001101111000001000110000100011101010110011000011
1001110011111100100111100000110111101110001110111001001010001000111000
1100101001111010110011011110000011000101100100010101101011101110010111
0010101100110010001000001101111000110100010111010100001001000101010010
1010100010001011101111100000110110000111010010010111101101110101011011
1010111011101001000111011110000001110010011011010011000000100101000000
1010010001001101110010001101111100101011000000011000111110110101111111
1011011101100000101011100000111010101000111111000110011100000100111110
1000001000011110101001011110010010101110011110110001001011110110011101
1111101111001100101101001101011010100101001100001101101001100001001000
0111000110100010100001100001000010110101100011100000001100011101101111
0010110000111010111100011101111010000100011001011111100011001000000110
1010001110010010011011001000110011110111000101001111011000101111110001
1011100101011011000000101110001001100010110101100110000110100111101100
1001010101000000111110100101101100011010000100010001110000110011000011
1101010101111110011100110100000011000011110111011100101110001000111000
0001010100111101001010000111111000111001100010001010100101101110010111
1101010110011001101011110011110110010100011011101010110100000101010010
0001010001000100001001101001100001010111000001001010000111110101011011
1101011101110111101100001100011101010010111101101011110011100101000000
0001001000100011000011100011001001011010011000001001101001010101111111
1101101110111000111001011000101101000011000111101100001101010100111110
0000000100010110010101000110100001111000110011000011100001010110011101
1111110111010001010101110000111100110110001000111001011101010001001000
0111100010011101010100101110011010000001101110010101001001011101101111
0011011011001001010110100101000011111100000101010101101101001000000110
1000000000101101010000110101111001111011110101010100000001101111110001
1111111110100001011110000100110100110001100101010111111100000111101100
0111111100111101001101110110000110001100010101010011111011110011000011
0011111010011001100000100001110001100011010101011001110001101000111000
1001110011000100011110111100101100011000010101000100101100001110010111
1100101000110111001100011010100011000111010101110110100011100101010010
0010101110000010100011000010111000110010010100100000111001010101011011
1010100101111010111000111010010110001011010110111110010101010101000000
1010110100110010010110010011010001101000010000011101010101010101111111
1010000110001011010001011000011100001111011111001001010101010100111110
1011110001101000011101000111001011100110001110101101010101010110011101
1001101100001111001001110010101001010001100100100001010101010001001000
1100000011100110101100101010101101011100010110111101010101011101101111
0011111001010000100010101010100001001011010000011001010101001000000110
1001110101011110111010101010111101101000011111000101010101101111110001
1100100101001100010010101010011000001111001110110101010100000111101100
0010110101100011011010101011000111100110100100000101010111110011000011
1010000100011000000010101000110011010000110111110101010011101000111000
1011110111000111111010101110001000011110000011100101011001001110010111
1001100010110011110010100101101111001101111001010101000101100101010010
1100011010001001101010110100000110100000110101010101110100010101011011
0011000011101100001010000111110000111110000101010100100111010101000000
1000111001000011101011110011101110011101110101010110110010010101111111
1110010101111001001001101001000101001000100101010000001011010100111110
0101010100110101101100001101110101101110110101011111101000010110011101
0101010110000100000011100000100100000100000101001111001111010001001000
0101010001110111111001011110110111110111110101100110100110011101101111
0101011100100011110101001100000011100011100100010000110001001000000110
0101001010111001100101100011111001011001010111011110001101101111110001
0101101010010100010100011001110101000101010010001101100000000111101100
0100001011010111010111000100100101110101011011100000011111110011000011
0111101000010010010010110110110100100101000001011111001111101000111000
0011001111011011011010000000000110110101111101001110100111001110010111
1000100110000000000011111111110000000100111001100100110010100101010010
1110110001111111111001111111101111110110010100010110001010110101011011
0100001100111111110100111111000111100001010111010001101010000101000000
0111100010011111100110011110110011011101010010011100001011110101111111
0011011011001111010001001100001000001001011011001011101001100100111110
1000000000100110011101100011101111101101000000101001001100010110011101
1111111110110001001000011001000111000001111110101101100011010001001000
0111111100001101101111000101110010111100111100100000011000011101101111
0011111011100000000110110100101010011010011010111111000111001000000110
1001110001011111110000000110101011000011000010011110110010101111110001
1100101101001111101111110000101000111000111011001100001010100111101100
0010100001100111000111101110101110010110010000100011101010110011000011
1010111100010010110011000100100101010001011110111001001010001000111000
1010011011011010001000110110110101011101001100010101101011101110010111
1011000000000011101110000000000101001001100011010100001001000101010010
1000111111111001000101111111110101101100011000010111101101110101011011
1110011111110101110100111111100100000011000111010011000000100101000000
0101001111100100100110011111010111111000110010011000111110110101111111
0101100111010110110001001110010011110110001011000110011100000100111110
0100010010010000001101100101011001100001101000110001001011110110011101
0111011011011111100000010101000100011100001110001101101001100001001000
0010000000001111011111010101110111001011100101100000001100011101101111
1011111111100110001110010100100010101001010100011111100011001000000110
1001111111010001100101010110111010101101010111001111011000101111110001
1100111110011100010101010000010010100001010010100110000110100111101100
0010011101001011010101011111011010111101011010110001110000110011000011
1011001001101000010101001110000010011001000010001100101110001000111000
1000101100001111010101100101111011000101111011100010100101101110010111
1110100011100110010100010100110000110100110001011010110100000101010010
0100111001010001010111010110001110000110001101000010000111110101011011
0110010101011101010010010001100101110001100001111011110011100101000000
0001010101001001011011011100010100101100011100110001101001010101111111
1101010101101101000000001011010110100011001010001100001101010100111110
0001010100000001111111101000010000111000101011100011100001010110011101
1101010111111100111111001111011110010110101001011001011101010001001000
0001010011111010011110100110001101010000101101000101001001011101101111
1101011001110011001100110001100001011110100001110101101101001000000110
0001000100101000100010001100011101001100111100100100000001101111110001
1101110110101110111011100011001001100010011010110111111100000111101100
0000100000100100010001011000101100011011000010000011111011110011000011
1110111110110111011101000110100011000000111011111001110001101000111000
0100011100000010001001110000111000111110010001110100101100001110010111
0111001011111011101100101110010110011101011100100110100011100101010010
0010101001110001000010100101010001001001001010110000111001010101011011
1010101100101101111010110101011101101101101010001110010101010101000000
1010100010100000110010000101001000000000001011100101010101010101111111
1010111010111110001011110101101111111111101001010101010101010100111110
1010010010011101101001100100000111111111001101010101010101010110011101
1011011011001000001100010111110011111110100001010101010101010001001000
1000000000101111100011010011101001111100111101010101010101011101101111
1111111110100111011000011001001100111010011001010101010101001000000110
0111111100110010000111000101100010010011000101010101010101101111110001
0011111010001011110010110100011011011000110101010101010100000111101100
1001110011101001101010000111000000000110000101010101010111110011000011
1100101001001100001011110010111111110001110101010101010011101000111000
0010101101100011101001101010011111101100100101010101011001001110010111
1010100000011001001100001011001111000010110101010101000101100101010010
1010111111000101100011101000100110111010000101010101110100010101011011
1010011110110100011001001110110000010011110101010100100111010101000000
1011001100000111000101100100001111011001100101010110110010010101111111
1000100011110010110100010111100110000100010101010000001011010100111110
1110111001101010000111010011010001110111010101011111101000010110011101
0100010100001011110010011000011100100010010101001111001111010001001000
0111010111101001101011000111001010111011010101100110100110011101101111
0010010011001100001000110010101010010000010100010000110001001000000110
1011011000100011101110001010101011011111010111011110001101101111110001
1000000110111001000101101010101000001110010010001101100000000111101100
1111110000010101110100001010101111100101011011100000011111110011000011
0111101111010100100111101010100111010101000001011111001111101000111000
0011000110010110110011001010110010010101111101001110100111001110010111
1000110001010000001000101010001011010100111001100100110010100101010010
1110001101011111101110101011101000010110010100010110001010110101011011
0101100001001111000100101001001111010001010111010001101010000101000000
0100011101100110110110101101100110011101010010011100001011110101111111
0111001000010000000000100000010001001001011011001011101001100100111110
0010101111011111111110111111011101101101000000101001001100010110011101
1010100110001111111100011110001000000001111110101101100011010001001000
1010110001100111111011001101101111111100111100100000011000011101101111
1010001100010011110000100000000111111010011010111111000111001000000110
1011100011011001101110111111110011110011000010011110110010101111110001
1001011000000100000100011111101001101000111011001100001010100111101100
1101000111110111110111001111001100001110010000100011101010110011000011
0001110011100011100010100110100011100101011110111001001010001000111000
1100101001011001011010110000111001010101001100010101101011101110010111
0010101101000101000010001110010101010101100011010100001001000101010010
1010100001110101111011100101010101010100011000010111101101110101011011
1010111100100100110001010101010101010111000111010011000000100101000000
1010011010110110001101010101010101010010110010011000111110110101111111
1011000010000001100001010101010101011010001011000110011100000100111110
1000111011111100011101010101010101000011101000110001001011110110011101
1110010001111011001001010101010101111001001110001101101001100001001000
0101011100110000101101010101010100110101100101100000001100011101101111
0101001010001110100001010101010110000100010100011111100011001000000110
0101101011100100111101010101010001110111010111001111011000101111110001
0100001001010110011001010101011100100010010010100110000110100111101100
0111101101010001000101010101001010111011011010110001110000110011000011
0011000001011101110101010101101010010000000010001100101110001000111000
1000111101001000100101010100001011011111111011100010100101101110010111
1110011001101110110101010111101000001111110001011010110100000101010010
0101000100000100000101010011001111100111101101000010000111110101011011
0101110111110111110101011000100111010011000001111011110011100101000000
0100100011100011100101000110110010011000111100110001101001010101111111
0110111001011001010101110000001011000110011010001100001101010100111110
0000010101000101010100101111101000110001000011100011100001010110011101
1111010101110101010110100111001110001101111001011001011101010001001000
0110010100100101010000110010100101100000110101000101001001011101101111
0001010110110101011110001010110100011110000101110101101101001000000110
