0011010000000101001101011010000110101101001100100100000001111100001001
0100011000001101110001000011001000100001110011111110000010111010011111
1110100100010000101011100100111101110010101101111101000110010011101110
0100111110111001101001011111011000101110100000111001101001111101000101
1111011100010110001111001110000101100100110001010110001110111001101101
0110001010110001010110110101001100011111001011010001010100010110000001
1001011010001011010000000101110010101110111000011011010110110001000011
1111000011011000011000001100101110100100010100100000010000001011100100
0110100100000100100100010011100100111110110111110000111000011001011110
1000111110001111111110111101011111011100000011101001010100100111001101
1101011101010111111100011001001110001010000101001111010111111010110001
0001001001010011111010100111110101011011001101110110010011110010001011
0011111111011101110010111011100101000000110000100001111101101111011000
0101111110001000101110010001011101100001001001110010111000000110000100
1100111101011101100101111011001000010011111110101110010100001001001110
0011011001001000011100110000111100111101111100100101110110011111110101
0100000111111100101011001001011011011000111011111100100001101111100101
1110001011111011101000111111000000000101010001111011110010000111011101
0101011001110001001101011110100000001101011010110001101111001010001001
1101000110101011110001001100110000010001000010001010000110111011011111
0001101000101001101011110011001000111011100111011011001000010000001110
0010001101101110001001101100111101010001011010000000111100111000010101
0111010000000101011110000011011001011011000011000001011011010100110101
1010011000001101001101000100000111000000100100100011000000010111000101
1011100100010001110001101110001010100001111111110100100000110010101101
1001011110111010101010000101011010110010111111100111110001001110100001
1111001100010010101011001101000010001110011111011011101011110100110011
0110110010111110101000110001100111010101101110000001001001100111001100
1000001110011100101101001010011010010100000101000011111110011010110010
1100010101101011100001111011100011110110001101100101111101100010001111
0010110100001001010010110001010101100001010000011100111000010111010110
0110000110011111011110001011010100010011011000101011010100110010010001
1001001001101110001101011000010110111100000101101000010111001111111011
1111111110000101010001000100110000011010001100001100110010110111110000
0111111101001101011011101111001000100011010010010011001110000011101000
1011111001110001000001000110111101110100011111111100110101000101001100
1001110110101011100011101000011000100110101111111011000101101101110010
1110100000101001010101001100100101111000100111110000101100000000101111
0100110001101111010101110011111100110101111011101001100010000001100110
1111001010000110010100101101111011000100110001001110010111000010011001
0110111011001001110111100000110000101111001011110101110010100111100111
1000010000111110100011010001001001100110111001100100101110111011011010
1100111001011100110100011011111110011000010110011111100100010000000011
0011010111001011000110100001111101100100110001101111011110111000000100
0100010010111000101000110010111000011111001010000110001100010100001110
1110111110010101101101001110010100101110111011001001010010110110010101
0100011101110100000001110101110111100100010000111111011110000001110101
1110101000100110000010100100100011011110111001011110001101000010100101
0100101101111001000110111111110100001100010111001101010001100110111101
1111100000110111101000011111100110010010110010110001011010011000011001
0111010001000011001100101111011001111110001110001011000011100100100111
1010011011100100110011100110000110111101010101011000100101011111111010
1011100001011111001101011001001000011001010101000101111101001111110011
1001010011001110110001000111111100100111010101101100111001110111101100
1111011100110100001011101011111011111010010100000011010110100011000010
0110001011000110011001001001110001110011110110000100010000110100100111
1001011000101001100111111110101010101101100001001110111001000111111010
1111000101101110011011111100101010100000010011110100010111101011110011
0110101100000101100001111011101010110000111101100110110011001001101100
1000100010001100010010110001001010001001011000011000001100111110000010
1101110111010010111110001011111011011111000100100100010011011101000111
0000100010011110011101011001110000001110101111111110111100001001101010
0001110111101101101001000110101000010100100111111100011010011110001011
0010100011000000001111101000101100110111111011111010100011101101011000
0110110100100000010111001101100011000011110001110010110101000001000100
1000000111110000110010110000010100100101101010101110000101100011101110
1100001011101001001110001000110111111100001010100101001100010101000101
0010011001001111110101011101000011111010011010111101110010110101101101
0111100111110111100101001001100101110011100010011000101110000100000001
1011011011100011011101111110011100101101010111100101100101001110000011
1000000001010100001000111101101011100001010011011100011101110101000100
1100000011010110011101011000001001010011011100001010101000100101101110
0010000100010001101001000100011111011100001010011010101101111100000101
0111001110111010001111101110101110001010011011100010100000111010001101
1010110100010011010111000100100101011011100001010110110001010011010001
1010000110111100010010101111111101000001010011010000001011011100011011
1011001000011010111110100111111001100011011100011000011000001010100000
1000111100100010011100111011110110010100001010100100100100011010110000
1101011011110111101011010001100001110110011010111111111110100010001000
0001000001100011001000011010010010100001100010011111111100110111011100
0011100010010100111100100011111110110010010111101111111011000010001010
0101010111110111011011110101111100001111110011000111110000100111011011
1101010011100010000001100100111010010111101100101011101001111010000000
0001011101010111000010011111010011110011000011101001001110110011000000
0011001001010010100111101110011101101100100101001111110100001100100000
0100111111011110111011000101101000000011111101110111100110010011110000
1111011110001100010000101100001100000101111000100011011001111101101000
0110001101010010111001100010010010001100110101110100000110111000001100
1001010001011110010110010111111111010011000100100110001000010100010010
1111011011001101110001110011111110011100101111111001011100110110111111
0110000000110000101010101101111101101011100111110111001011000000011110
1001000001001001101010100000111000001001011011100010111000100000101101
1111100011111110001010110001010100011111000001010110010101110001100001
0111010101111101011010001011010110101110100011010001110100101010010011
1010010100111001000011011000010000100100110100011010100111101011111100
1011110111010111100100000100111001111111000110100010111011001001111010
1001100010010011011110001111010110111110101000110110010000111110110011
1110010111111100001101010110010000011100101101000001111001011100001100
0101110011111010010001010001111000101011100001100010110111001010010010
1100101101110011111011011010110101101001010010010110000010111011111111
0011100000101101110000000010000100001111011111110001000110010001111110
0101010001100000101000000111001110010110001111101011101001111010111101
1101011010010001101100001010110101110001010111001001001110110010011001
0001000011111010000010011010000100101011010010111111110100001111100111
0011100101110011000111100011001111101000011110011111100110010111011010
0101011100101100101011010100110111001100101101101111011001110010000011
1101001011100011101000010111000010110011100000000110000110101111000100
0001111001010101001100110010100110001101010000001001001000100110101110
0010110111010101110011001110111001010001011000011111111101111000100101
0110000010010100101100110100010111011011000100101111111000110101111101
1001000111110111100011000110110010000000101111100111110101000100111001
1111101011100011010100101000001111000001100111011011100101101111010111
0111001001010100010111101100010110100010011010000001011100000110010010
1010111111010110110011000010110000110111100011000011001010001001111111
1010011110010000001100100110001001000011010100100100111011011110111110
1011101101111000010011111001011111100100010111111111010000001100011101
1001000000110100111101110111001111011110110011111110011000010010101001
1111100001000111011000100010110110001100001101111101100100111110101111
0111010011101010000101110110000001010010010000111000011111011100100110
1010011101001011001100100001000011011111111001010100101110001011111001
1011101001111000110011110011100100001111110111010111100101011001110111
1001001110110101001101101101011110010111100010010011011101000110100010
1111110100000101110000000001001101110011010111111100001001101000110111
0111100110001100101000000011110000101100010011111010011110001101000010
1011011001010011101100000101101001100010111101110011101101010001100111
1000000111011101000010001100001110010110011000101101000001011010011010
1100001010001001100111010010010101110001100101100001100011000011100011
0010011011011110011010011111110100101010011100010010010100100101010100
0111100000001101100011101111100111101011101010111111110111111101010110
1011010000010000010101000111011011001001001010011111100011111001010001
1000011000111000110101101010000000111111111011101111010101110111011011
1100100101010101000100001011000001011111110001000110010100100010000000
0011111101010101101110011000100011001111101011101001110111110111000000
0101111001010100000101100101110100110111001001001110100011100010100000
1100110111010110001100011100100111000010111111110100110101010110110000
0011000010010001010010101011111010100110011111100111000101010000001000
0100100111111011011110101001110010111001101111011010101101011000011100
1111111011110000001100101110101110010110000110000010100001000100101010
0111110001101000010011100100100101110001001001000110110011101111101011
1011101010001100111101011111111100101011111111101000001101000111001000
1001001011010011011001001111111011101001111111001100010001101010111100
1111111000011100000111110111110001001110111110110010111010001010011010
0111110100101010001011100011101011110100011100001110010011011011100011
1011100111101011011001010101001001100110101010010101111100000001010100
1001011011001000000111010101111110011000101011110100111010000011010110
1111000000111100001010010100111101100101101001100111010011000100010001
0110100001011010011011110111011000011100001110011010011100101110111011
1000110011000011100001100010000100101010010101100011101011100100010000
1101001100100101010010010111001111101011110100010101001001011110111000
0001110011111101011111110010110111001001100110110101111111001100010100
0010101101111001001111101110000010111110011000000100111110110010110110
0110100000110111110111000101000110011101100100001111011100001110000001
1000110001000011100010101101101001101000011110010110001010010101000011
1101001011100101010110100000001110001100101101110001011011110101100100
0001111001011101010000110000010101010011100000101011000001100100011110
0010110111001001011001001000110101011101010001101000100010011110101101
0110000010111111000111111101000101001001011010001101110111101100100001
1001000110011110101011111001101101111111000011010000100011000011110011
1111101001101100101001110110000000111110100100011001110100100101101100
0111001110000011101110100001000001011100111110100110100111111100000010
1010110101000101000100110011100011001011011100111000111011111010000111
1010000101101101101111001101010100111000001011010101010001110011001010
1011001100000000000110110001010111010100011000010101011010101100111011
1000110010000000001000001011010010010110100100110101000010100011010000
1101001111000000011100011000011111110000111111000101100110110100011000
0001110110100000101010100100101111101001011110101100011000000110100100
0010100000110001101010111111100111001111001100100010100100001000111110
0110110001001010001010011111011010110110110011110110111110011101011101
1000001011111011011011101110000010000000001101100000011101101001001001
1100011001110000000001000101000111000000010000010000101000001111111111
0010100110101000000011101101101010100000111000111001101100010111111110
0110111000101100000101000000001010110001010101010110000010110011111101
1000010101100010001101100000011010001011010101010001000110001101111001
1100110100010111010000010000100011011000010101011011101001010000110111
0011000110110010011000111001110100000100110101000001001111011001000010
0100101000001111100101010110100110001111000101100011110110000111100111
1111101100010111011101010000111001010110101100010101100001001011011010
0111000010110010001001011001010111010000100010110100010011111000000011
1010100110001111011111000111010010011001110110000110111101110100000100
1010111001010110001110101010011111100110100001001000011000100110001110
1010010111010001010100101011101111011000110011111100100101111001010101
1011110010011011010111101001000110000101001101111011111100110111010101
1001101111100000010011001111101001001101110000110001111011000010010101
1110000111010000111100110111001111110000101001001010110000100111110101
0101001010011001011011000010110111101001101111111010001001111011100101
1101111011100111000000100110000011001110000111110011011110110001011101
0000110001011010100001111001000100110101001011101100001100001011001001
0001001011000010110010110111101111000101111001000010010010011000111111
0011111000100110001110000011000110101100110111100111111111100101011110
0101110101111001010101000100101000100011000011011011111111011101001101
1100100100110111010101101111101101110100100100000001111110001001110001
0011111111000010010100000111000000100111111110000010111101011110101011
0101111110100111110110001010100001111011111101000110011001001100101000
1100111100111011100001011010110010110001111001101001100111110011101100
0011011011010001010011000010001110001010110110001110011011101101000010
0100000000011011011100100111010101011010000001010101100001000001100111
1110000000100000001011111010010101000011000011010100010011100010011010
0101000001110000011001110011110101100100100100010110111101010111100011
1101100010101000100110101101100100011111111110110000011001010011010100
0000010110101101111000100000011110101111111100001000100111011100010110
0000110000100000110101110000101100100111111010011101111010001010110001
0001001001110001000100101001100011111011110011101000110011011010001011
0011111110101011101111101110010101110001101101001101001100000011011000
0101111100101001000111000101110100101010000001110001110010000100000100
1100111011101111101010101100100111101011000010101010101111001110001110
0011010001000111001010100011111011001000100110101010100110110101010101
0100011011101010111010110101110000111101111000101010111000000101010101
1110100001001010010010000100101001011000110101101010010100001101010101
0100110011111011111111001111101111000101000100001011110110010001010101
1111001101110001111110110111000110101101101110011001100001111011010101
