1111111111111111111111111111111111111111111111111111111111111111111111
0111111111111111111111111111111111111111111111111111111111111111111110
0011111111111111111111111111111111111111111111111111111111111111111100
1001111111111111111111111111111111111111111111111111111111111111111001
0000111111111111111111111111111111111111111111111111111111111111110000
1110011111111111111111111111111111111111111111111111111111111111100111
0100001111111111111111111111111111111111111111111111111111111111000010
0001100111111111111111111111111111111111111111111111111111111110011000
1100000011111111111111111111111111111111111111111111111111111100000011
0001111001111111111111111111111111111111111111111111111111111001111000
1100110000111111111111111111111111111111111111111111111111110000110011
0000000110011111111111111111111111111111111111111111111111100110000000
1111110000001111111111111111111111111111111111111111111111000000111111
0111100111100111111111111111111111111111111111111111111110011110011110
0011000011000011111111111111111111111111111111111111111100001100001100
1000011000011001111111111111111111111111111111111111111001100001100001
0011000011000000111111111111111111111111111111111111110000001100001100
1000011000011110011111111111111111111111111111111111100111100001100001
0011000011001100001111111111111111111111111111111111000011001100001100
1000011000000001100111111111111111111111111111111110011000000001100001
0011000011111100000011111111111111111111111111111100000011111100001100
1000011001111001111001111111111111111111111111111001111001111001100001
0011000000110000110000111111111111111111111111110000110000110000001100
1000011110000110000110011111111111111111111111100110000110000111100001
0011001100110000110000001111111111111111111111000000110000110011001100
1000000000000110000111100111111111111111111110011110000110000000000001
0011111111110000110011000011111111111111111100001100110000111111111100
1001111111100110000000011001111111111111111001100000000110011111111001
0000111111000000111111000000111111111111110000001111110000001111110000
1110011110011110011110011110011111111111100111100111100111100111100111
0100001100001100001100001100001111111111000011000011000011000011000010
0001100001100001100001100001100111111110011000011000011000011000011000
1100001100001100001100001100000011111100000011000011000011000011000011
0001100001100001100001100001111001111001111000011000011000011000011000
1100001100001100001100001100110000110000110011000011000011000011000011
0001100001100001100001100000000110000110000000011000011000011000011000
1100001100001100001100001111110000110000111111000011000011000011000011
0001100001100001100001100111100110000110011110011000011000011000011000
1100001100001100001100000011000000110000001100000011000011000011000011
0001100001100001100001111000011110000111100001111000011000011000011000
1100001100001100001100110011001100110011001100110011000011000011000011
0001100001100001100000000000000000000000000000000000011000011000011000
1100001100001100001111111111111111111111111111111111000011000011000011
0001100001100001100111111111111111111111111111111110011000011000011000
1100001100001100000011111111111111111111111111111100000011000011000011
0001100001100001111001111111111111111111111111111001111000011000011000
1100001100001100110000111111111111111111111111110000110011000011000011
0001100001100000000110011111111111111111111111100110000000011000011000
1100001100001111110000001111111111111111111111000000111111000011000011
0001100001100111100111100111111111111111111110011110011110011000011000
1100001100000011000011000011111111111111111100001100001100000011000011
0001100001111000011000011001111111111111111001100001100001111000011000
1100001100110011000011000000111111111111110000001100001100110011000011
0001100000000000011000011110011111111111100111100001100000000000011000
1100001111111111000011001100001111111111000011001100001111111111000011
0001100111111110011000000001100111111110011000000001100111111110011000
1100000011111100000011111100000011111100000011111100000011111100000011
0001111001111001111001111001111001111001111001111001111001111001111000
1100110000110000110000110000110000110000110000110000110000110000110011
0000000110000110000110000110000110000110000110000110000110000110000000
1111110000110000110000110000110000110000110000110000110000110000111111
0111100110000110000110000110000110000110000110000110000110000110011110
0011000000110000110000110000110000110000110000110000110000110000001100
1000011110000110000110000110000110000110000110000110000110000111100001
0011001100110000110000110000110000110000110000110000110000110011001100
1000000000000110000110000110000110000110000110000110000110000000000001
0011111111110000110000110000110000110000110000110000110000111111111100
1001111111100110000110000110000110000110000110000110000110011111111001
0000111111000000110000110000110000110000110000110000110000001111110000
1110011110011110000110000110000110000110000110000110000111100111100111
0100001100001100110000110000110000110000110000110000110011000011000010
0001100001100000000110000110000110000110000110000110000000011000011000
1100001100001111110000110000110000110000110000110000111111000011000011
0001100001100111100110000110000110000110000110000110011110011000011000
1100001100000011000000110000110000110000110000110000001100000011000011
0001100001111000011110000110000110000110000110000111100001111000011000
1100001100110011001100110000110000110000110000110011001100110011000011
0001100000000000000000000110000110000110000110000000000000000000011000
1100001111111111111111110000110000110000110000111111111111111111000011
0001100111111111111111100110000110000110000110011111111111111110011000
1100000011111111111111000000110000110000110000001111111111111100000011
0001111001111111111110011110000110000110000111100111111111111001111000
1100110000111111111100001100110000110000110011000011111111110000110011
0000000110011111111001100000000110000110000000011001111111100110000000
1111110000001111110000001111110000110000111111000000111111000000111111
0111100111100111100111100111100110000110011110011110011110011110011110
0011000011000011000011000011000000110000001100001100001100001100001100
1000011000011000011000011000011110000111100001100001100001100001100001
0011000011000011000011000011001100110011001100001100001100001100001100
1000011000011000011000011000000000000000000001100001100001100001100001
0011000011000011000011000011111111111111111100001100001100001100001100
1000011000011000011000011001111111111111111001100001100001100001100001
0011000011000011000011000000111111111111110000001100001100001100001100
1000011000011000011000011110011111111111100111100001100001100001100001
0011000011000011000011001100001111111111000011001100001100001100001100
1000011000011000011000000001100111111110011000000001100001100001100001
0011000011000011000011111100000011111100000011111100001100001100001100
1000011000011000011001111001111001111001111001111001100001100001100001
0011000011000011000000110000110000110000110000110000001100001100001100
1000011000011000011110000110000110000110000110000111100001100001100001
0011000011000011001100110000110000110000110000110011001100001100001100
1000011000011000000000000110000110000110000110000000000001100001100001
0011000011000011111111110000110000110000110000111111111100001100001100
1000011000011001111111100110000110000110000110011111111001100001100001
0011000011000000111111000000110000110000110000001111110000001100001100
1000011000011110011110011110000110000110000111100111100111100001100001
0011000011001100001100001100110000110000110011000011000011001100001100
1000011000000001100001100000000110000110000000011000011000000001100001
0011000011111100001100001111110000110000111111000011000011111100001100
1000011001111001100001100111100110000110011110011000011001111001100001
0011000000110000001100000011000000110000001100000011000000110000001100
1000011110000111100001111000011110000111100001111000011110000111100001
0011001100110011001100110011001100110011001100110011001100110011001100
1000000000000000000000000000000000000000000000000000000000000000000001
0011111111111111111111111111111111111111111111111111111111111111111100
1001111111111111111111111111111111111111111111111111111111111111111001
0000111111111111111111111111111111111111111111111111111111111111110000
1110011111111111111111111111111111111111111111111111111111111111100111
0100001111111111111111111111111111111111111111111111111111111111000010
0001100111111111111111111111111111111111111111111111111111111110011000
1100000011111111111111111111111111111111111111111111111111111100000011
0001111001111111111111111111111111111111111111111111111111111001111000
1100110000111111111111111111111111111111111111111111111111110000110011
0000000110011111111111111111111111111111111111111111111111100110000000
1111110000001111111111111111111111111111111111111111111111000000111111
0111100111100111111111111111111111111111111111111111111110011110011110
0011000011000011111111111111111111111111111111111111111100001100001100
1000011000011001111111111111111111111111111111111111111001100001100001
0011000011000000111111111111111111111111111111111111110000001100001100
1000011000011110011111111111111111111111111111111111100111100001100001
0011000011001100001111111111111111111111111111111111000011001100001100
1000011000000001100111111111111111111111111111111110011000000001100001
0011000011111100000011111111111111111111111111111100000011111100001100
1000011001111001111001111111111111111111111111111001111001111001100001
0011000000110000110000111111111111111111111111110000110000110000001100
1000011110000110000110011111111111111111111111100110000110000111100001
0011001100110000110000001111111111111111111111000000110000110011001100
1000000000000110000111100111111111111111111110011110000110000000000001
0011111111110000110011000011111111111111111100001100110000111111111100
1001111111100110000000011001111111111111111001100000000110011111111001
0000111111000000111111000000111111111111110000001111110000001111110000
1110011110011110011110011110011111111111100111100111100111100111100111
0100001100001100001100001100001111111111000011000011000011000011000010
0001100001100001100001100001100111111110011000011000011000011000011000
1100001100001100001100001100000011111100000011000011000011000011000011
0001100001100001100001100001111001111001111000011000011000011000011000
1100001100001100001100001100110000110000110011000011000011000011000011
0001100001100001100001100000000110000110000000011000011000011000011000
1100001100001100001100001111110000110000111111000011000011000011000011
0001100001100001100001100111100110000110011110011000011000011000011000
1100001100001100001100000011000000110000001100000011000011000011000011
0001100001100001100001111000011110000111100001111000011000011000011000
1100001100001100001100110011001100110011001100110011000011000011000011
0001100001100001100000000000000000000000000000000000011000011000011000
1100001100001100001111111111111111111111111111111111000011000011000011
0001100001100001100111111111111111111111111111111110011000011000011000
1100001100001100000011111111111111111111111111111100000011000011000011
0001100001100001111001111111111111111111111111111001111000011000011000
1100001100001100110000111111111111111111111111110000110011000011000011
0001100001100000000110011111111111111111111111100110000000011000011000
1100001100001111110000001111111111111111111111000000111111000011000011
0001100001100111100111100111111111111111111110011110011110011000011000
1100001100000011000011000011111111111111111100001100001100000011000011
0001100001111000011000011001111111111111111001100001100001111000011000
1100001100110011000011000000111111111111110000001100001100110011000011
0001100000000000011000011110011111111111100111100001100000000000011000
1100001111111111000011001100001111111111000011001100001111111111000011
0001100111111110011000000001100111111110011000000001100111111110011000
1100000011111100000011111100000011111100000011111100000011111100000011
0001111001111001111001111001111001111001111001111001111001111001111000
1100110000110000110000110000110000110000110000110000110000110000110011
0000000110000110000110000110000110000110000110000110000110000110000000
1111110000110000110000110000110000110000110000110000110000110000111111
0111100110000110000110000110000110000110000110000110000110000110011110
0011000000110000110000110000110000110000110000110000110000110000001100
1000011110000110000110000110000110000110000110000110000110000111100001
0011001100110000110000110000110000110000110000110000110000110011001100
1000000000000110000110000110000110000110000110000110000110000000000001
0011111111110000110000110000110000110000110000110000110000111111111100
1001111111100110000110000110000110000110000110000110000110011111111001
0000111111000000110000110000110000110000110000110000110000001111110000
1110011110011110000110000110000110000110000110000110000111100111100111
0100001100001100110000110000110000110000110000110000110011000011000010
0001100001100000000110000110000110000110000110000110000000011000011000
1100001100001111110000110000110000110000110000110000111111000011000011
0001100001100111100110000110000110000110000110000110011110011000011000
1100001100000011000000110000110000110000110000110000001100000011000011
0001100001111000011110000110000110000110000110000111100001111000011000
1100001100110011001100110000110000110000110000110011001100110011000011
0001100000000000000000000110000110000110000110000000000000000000011000
1100001111111111111111110000110000110000110000111111111111111111000011
0001100111111111111111100110000110000110000110011111111111111110011000
1100000011111111111111000000110000110000110000001111111111111100000011
0001111001111111111110011110000110000110000111100111111111111001111000
1100110000111111111100001100110000110000110011000011111111110000110011
0000000110011111111001100000000110000110000000011001111111100110000000
1111110000001111110000001111110000110000111111000000111111000000111111
0111100111100111100111100111100110000110011110011110011110011110011110
0011000011000011000011000011000000110000001100001100001100001100001100
1000011000011000011000011000011110000111100001100001100001100001100001
0011000011000011000011000011001100110011001100001100001100001100001100
1000011000011000011000011000000000000000000001100001100001100001100001
0011000011000011000011000011111111111111111100001100001100001100001100
1000011000011000011000011001111111111111111001100001100001100001100001
0011000011000011000011000000111111111111110000001100001100001100001100
1000011000011000011000011110011111111111100111100001100001100001100001
0011000011000011000011001100001111111111000011001100001100001100001100
1000011000011000011000000001100111111110011000000001100001100001100001
0011000011000011000011111100000011111100000011111100001100001100001100
1000011000011000011001111001111001111001111001111001100001100001100001
