1111111111111111111111111111111111111111111111111111111111111111111111
0111111111111111111111111111111111111111111111111111111111111111111110
1011111111111111111111111111111111111111111111111111111111111111111100
0101111111111111111111111111111111111111111111111111111111111111111001
1010111111111111111111111111111111111111111111111111111111111111110011
0101011111111111111111111111111111111111111111111111111111111111100100
1010101111111111111111111111111111111111111111111111111111111111001001
0101010111111111111111111111111111111111111111111111111111111110010011
1010101011111111111111111111111111111111111111111111111111111100100100
0101010101111111111111111111111111111111111111111111111111111001001001
1010101010111111111111111111111111111111111111111111111111110010010011
0101010101011111111111111111111111111111111111111111111111100100100100
1010101010101111111111111111111111111111111111111111111111001001001001
0101010101010111111111111111111111111111111111111111111110010010010011
1010101010101011111111111111111111111111111111111111111100100100100100
0101010101010101111111111111111111111111111111111111111001001001001001
1010101010101010111111111111111111111111111111111111110010010010010011
0101010101010101011111111111111111111111111111111111100100100100100100
1010101010101010101111111111111111111111111111111111001001001001001001
0101010101010101010111111111111111111111111111111110010010010010010011
1010101010101010101011111111111111111111111111111100100100100100100100
0101010101010101010101111111111111111111111111111001001001001001001001
1010101010101010101010111111111111111111111111110010010010010010010011
0101010101010101010101011111111111111111111111100100100100100100100100
1010101010101010101010101111111111111111111111001001001001001001001001
0101010101010101010101010111111111111111111110010010010010010010010011
1010101010101010101010101011111111111111111100100100100100100100100100
0101010101010101010101010101111111111111111001001001001001001001001001
1010101010101010101010101010111111111111110010010010010010010010010011
0101010101010101010101010101011111111111100100100100100100100100100100
1010101010101010101010101010101111111111001001001001001001001001001001
0101010101010101010101010101010111111110010010010010010010010010010011
1010101010101010101010101010101011111100100100100100100100100100100100
0101010101010101010101010101010101111001001001001001001001001001001001
1010101010101010101010101010101010110010010010010010010010010010010011
0101010101010101010101010101010101000100100100100100100100100100100100
1010101010101010101010101010101010011001001001001001001001001001001001
0101010101010101010101010101010100100010010010010010010010010010010011
1010101010101010101010101010101001001100100100100100100100100100100100
0101010101010101010101010101010010010001001001001001001001001001001001
1010101010101010101010101010100100100110010010010010010010010010010011
0101010101010101010101010101001001001000100100100100100100100100100100
1010101010101010101010101010010010010011001001001001001001001001001001
0101010101010101010101010100100100100100010010010010010010010010010011
1010101010101010101010101001001001001001100100100100100100100100100100
0101010101010101010101010010010010010010001001001001001001001001001001
1010101010101010101010100100100100100100110010010010010010010010010011
0101010101010101010101001001001001001001000100100100100100100100100100
1010101010101010101010010010010010010010011001001001001001001001001001
0101010101010101010100100100100100100100100010010010010010010010010011
1010101010101010101001001001001001001001001100100100100100100100100100
0101010101010101010010010010010010010010010001001001001001001001001001
1010101010101010100100100100100100100100100110010010010010010010010011
0101010101010101001001001001001001001001001000100100100100100100100100
1010101010101010010010010010010010010010010011001001001001001001001001
0101010101010100100100100100100100100100100100010010010010010010010011
1010101010101001001001001001001001001001001001100100100100100100100100
0101010101010010010010010010010010010010010010001001001001001001001001
1010101010100100100100100100100100100100100100110010010010010010010011
0101010101001001001001001001001001001001001001000100100100100100100100
1010101010010010010010010010010010010010010010011001001001001001001001
0101010100100100100100100100100100100100100100100010010010010010010011
1010101001001001001001001001001001001001001001001100100100100100100100
0101010010010010010010010010010010010010010010010001001001001001001001
1010100100100100100100100100100100100100100100100110010010010010010011
0101001001001001001001001001001001001001001001001000100100100100100100
1010010010010010010010010010010010010010010010010011001001001001001001
0100100100100100100100100100100100100100100100100100010010010010010011
1001001001001001001001001001001001001001001001001001100100100100100100
0010010010010010010010010010010010010010010010010010001001001001001001
1100100100100100100100100100100100100100100100100100110010010010010011
0001001001001001001001001001001001001001001001001001000100100100100100
1110010010010010010010010010010010010010010010010010011001001001001001
0100100100100100100100100100100100100100100100100100100010010010010011
1001001001001001001001001001001001001001001001001001001100100100100100
0010010010010010010010010010010010010010010010010010010001001001001001
1100100100100100100100100100100100100100100100100100100110010010010011
0001001001001001001001001001001001001001001001001001001000100100100100
1110010010010010010010010010010010010010010010010010010011001001001001
0100100100100100100100100100100100100100100100100100100100010010010011
1001001001001001001001001001001001001001001001001001001001100100100100
0010010010010010010010010010010010010010010010010010010010001001001001
1100100100100100100100100100100100100100100100100100100100110010010011
0001001001001001001001001001001001001001001001001001001001000100100100
1110010010010010010010010010010010010010010010010010010010011001001001
0100100100100100100100100100100100100100100100100100100100100010010011
1001001001001001001001001001001001001001001001001001001001001100100100
0010010010010010010010010010010010010010010010010010010010010001001001
1100100100100100100100100100100100100100100100100100100100100110010011
0001001001001001001001001001001001001001001001001001001001001000100100
1110010010010010010010010010010010010010010010010010010010010011001001
0100100100100100100100100100100100100100100100100100100100100100010011
1001001001001001001001001001001001001001001001001001001001001001100100
0010010010010010010010010010010010010010010010010010010010010010001001
1100100100100100100100100100100100100100100100100100100100100100110011
0001001001001001001001001001001001001001001001001001001001001001000100
1110010010010010010010010010010010010010010010010010010010010010011001
0100100100100100100100100100100100100100100100100100100100100100100011
1001001001001001001001001001001001001001001001001001001001001001001100
0010010010010010010010010010010010010010010010010010010010010010010001
1100100100100100100100100100100100100100100100100100100100100100100111
0001001001001001001001001001001001001001001001001001001001001001001010
1110010010010010010010010010010010010010010010010010010010010010010100
0100100100100100100100100100100100100100100100100100100100100100101001
1001001001001001001001001001001001001001001001001001001001001001010011
0010010010010010010010010010010010010010010010010010010010010010100100
1100100100100100100100100100100100100100100100100100100100100101001001
0001001001001001001001001001001001001001001001001001001001001010010011
1110010010010010010010010010010010010010010010010010010010010100100100
0100100100100100100100100100100100100100100100100100100100101001001001
1001001001001001001001001001001001001001001001001001001001010010010011
0010010010010010010010010010010010010010010010010010010010100100100100
1100100100100100100100100100100100100100100100100100100101001001001001
0001001001001001001001001001001001001001001001001001001010010010010011
1110010010010010010010010010010010010010010010010010010100100100100100
0100100100100100100100100100100100100100100100100100101001001001001001
1001001001001001001001001001001001001001001001001001010010010010010011
0010010010010010010010010010010010010010010010010010100100100100100100
1100100100100100100100100100100100100100100100100101001001001001001001
0001001001001001001001001001001001001001001001001010010010010010010011
1110010010010010010010010010010010010010010010010100100100100100100100
0100100100100100100100100100100100100100100100101001001001001001001001
1001001001001001001001001001001001001001001001010010010010010010010011
0010010010010010010010010010010010010010010010100100100100100100100100
1100100100100100100100100100100100100100100101001001001001001001001001
0001001001001001001001001001001001001001001010010010010010010010010011
1110010010010010010010010010010010010010010100100100100100100100100100
0100100100100100100100100100100100100100101001001001001001001001001001
1001001001001001001001001001001001001001010010010010010010010010010011
0010010010010010010010010010010010010010100100100100100100100100100100
1100100100100100100100100100100100100101001001001001001001001001001001
0001001001001001001001001001001001001010010010010010010010010010010011
1110010010010010010010010010010010010100100100100100100100100100100100
0100100100100100100100100100100100101001001001001001001001001001001001
1001001001001001001001001001001001010010010010010010010010010010010011
0010010010010010010010010010010010100100100100100100100100100100100100
1100100100100100100100100100100101001001001001001001001001001001001001
0001001001001001001001001001001010010010010010010010010010010010010011
1110010010010010010010010010010100100100100100100100100100100100100100
0100100100100100100100100100101001001001001001001001001001001001001001
1001001001001001001001001001010010010010010010010010010010010010010011
0010010010010010010010010010100100100100100100100100100100100100100100
1100100100100100100100100101001001001001001001001001001001001001001001
0001001001001001001001001010010010010010010010010010010010010010010011
1110010010010010010010010100100100100100100100100100100100100100100100
0100100100100100100100101001001001001001001001001001001001001001001001
1001001001001001001001010010010010010010010010010010010010010010010011
0010010010010010010010100100100100100100100100100100100100100100100100
1100100100100100100101001001001001001001001001001001001001001001001001
0001001001001001001010010010010010010010010010010010010010010010010011
1110010010010010010100100100100100100100100100100100100100100100100100
0100100100100100101001001001001001001001001001001001001001001001001001
1001001001001001010010010010010010010010010010010010010010010010010011
0010010010010010100100100100100100100100100100100100100100100100100100
1100100100100101001001001001001001001001001001001001001001001001001001
0001001001001010010010010010010010010010010010010010010010010010010011
1110010010010100100100100100100100100100100100100100100100100100100100
0100100100101001001001001001001001001001001001001001001001001001001001
1001001001010010010010010010010010010010010010010010010010010010010011
0010010010100100100100100100100100100100100100100100100100100100100100
1100100101001001001001001001001001001001001001001001001001001001001001
0001001010010010010010010010010010010010010010010010010010010010010011
1110010100100100100100100100100100100100100100100100100100100100100100
0100101001001001001001001001001001001001001001001001001001001001001001
1001010010010010010010010010010010010010010010010010010010010010010011
0010100100100100100100100100100100100100100100100100100100100100100100
1101001001001001001001001001001001001001001001001001001001001001001001
0010010010010010010010010010010010010010010010010010010010010010010011
1100100100100100100100100100100100100100100100100100100100100100100100
0001001001001001001001001001001001001001001001001001001001001001001001
1110010010010010010010010010010010010010010010010010010010010010010011
0100100100100100100100100100100100100100100100100100100100100100100100
1001001001001001001001001001001001001001001001001001001001001001001001
0010010010010010010010010010010010010010010010010010010010010010010011
1100100100100100100100100100100100100100100100100100100100100100100100
0001001001001001001001001001001001001001001001001001001001001001001001
1110010010010010010010010010010010010010010010010010010010010010010011
0100100100100100100100100100100100100100100100100100100100100100100100
1001001001001001001001001001001001001001001001001001001001001001001001
0010010010010010010010010010010010010010010010010010010010010010010011
1100100100100100100100100100100100100100100100100100100100100100100100
0001001001001001001001001001001001001001001001001001001001001001001001
1110010010010010010010010010010010010010010010010010010010010010010011
0100100100100100100100100100100100100100100100100100100100100100100100
1001001001001001001001001001001001001001001001001001001001001001001001
0010010010010010010010010010010010010010010010010010010010010010010011
1100100100100100100100100100100100100100100100100100100100100100100100
0001001001001001001001001001001001001001001001001001001001001001001001
1110010010010010010010010010010010010010010010010010010010010010010011
0100100100100100100100100100100100100100100100100100100100100100100100
1001001001001001001001001001001001001001001001001001001001001001001001
0010010010010010010010010010010010010010010010010010010010010010010011
1100100100100100100100100100100100100100100100100100100100100100100100
0001001001001001001001001001001001001001001001001001001001001001001001
1110010010010010010010010010010010010010010010010010010010010010010011
0100100100100100100100100100100100100100100100100100100100100100100100
1001001001001001001001001001001001001001001001001001001001001001001001
0010010010010010010010010010010010010010010010010010010010010010010011
1100100100100100100100100100100100100100100100100100100100100100100100
0001001001001001001001001001001001001001001001001001001001001001001001
1110010010010010010010010010010010010010010010010010010010010010010011
0100100100100100100100100100100100100100100100100100100100100100100100
1001001001001001001001001001001001001001001001001001001001001001001001
0010010010010010010010010010010010010010010010010010010010010010010011
1100100100100100100100100100100100100100100100100100100100100100100100
0001001001001001001001001001001001001001001001001001001001001001001001
1110010010010010010010010010010010010010010010010010010010010010010011
0100100100100100100100100100100100100100100100100100100100100100100100
1001001001001001001001001001001001001001001001001001001001001001001001
0010010010010010010010010010010010010010010010010010010010010010010011
