1111111111111111111111111111111111111111111111111111111111111111111111
0111111111111111111111111111111111111111111111111111111111111111111110
1011111111111111111111111111111111111111111111111111111111111111111101
1101111111111111111111111111111111111111111111111111111111111111111011
0010111111111111111111111111111111111111111111111111111111111111110100
1111011111111111111111111111111111111111111111111111111111111111101101
0110101111111111111111111111111111111111111111111111111111111111010011
1001110111111111111111111111111111111111111111111111111111111110110100
1010101011111111111111111111111111111111111111111111111111111101001101
1111111101111111111111111111111111111111111111111111111111111011010011
0111111010111111111111111111111111111111111111111111111111110100110100
1011110111011111111111111111111111111111111111111111111111101101001101
1101101010101111111111111111111111111111111111111111111111010011010011
0010011111110111111111111111111111111111111111111111111110110100110100
1110101111101011111111111111111111111111111111111111111101001101001101
0101110111011101111111111111111111111111111111111111111011010011010011
1110101010101010111111111111111111111111111111111111110100110100110100
0101111111111111011111111111111111111111111111111111101101001101001101
1110111111111110101111111111111111111111111111111111010011010011010011
0101011111111101110111111111111111111111111111111110110100110100110100
1111101111111010101011111111111111111111111111111101001101001101001101
0111010111110111111101111111111111111111111111111011010011010011010011
1010111011101011111010111111111111111111111111110100110100110100110100
1111010101011101110111011111111111111111111111101101001101001101001101
0110111111101010101010101111111111111111111111010011010011010011010011
1001011111011111111111110111111111111111111110110100110100110100110100
1011101110101111111111101011111111111111111101001101001101001101001101
1101010101110111111111011101111111111111111011010011010011010011010011
0011111110101011111110101010111111111111110100110100110100110100110100
1101111101111101111101111111011111111111101101001101001101001101001101
0010111010111010111010111110101111111111010011010011010011010011010011
1111010111010111010111011101110111111110110100110100110100110100110100
0110111010111010111010101010101011111101001101001101001101001101001101
1001010111010111010111111111111101111011010011010011010011010011010011
1011111010111010111011111111111010110100110100110100110100110100110100
1101110111010111010101111111110111001101001101001101001101001101001101
0010101010111010111110111111101010010011010011010011010011010011010011
1111111111010111011101011111011110110100110100110100110100110100110100
0111111110111010101011101110101101001101001101001101001101001101001101
1011111101010111111101010101110011010011010011010011010011010011010011
1101111011111011111011111110100100110100110100110100110100110100110100
0010110101110101110101111101101101001101001101001101001101001101001101
1111001110101110101110111010010011010011010011010011010011010011010011
0110010101110101110101010110110100110100110100110100110100110100110100
1000111110101110101111111001001101001101001101001101001101001101001101
1011011101110101110111110011010011010011010011010011010011010011010011
1100101010101110101011100100110100110100110100110100110100110100110100
0001111111110101111101001101001101001101001101001101001101001101001101
1110111111101110111011010011010011010011010011010011010011010011010011
0101011111010101010100110100110100110100110100110100110100110100110100
1111101110111111111101001101001101001101001101001101001101001101001101
0111010101011111111011010011010011010011010011010011010011010011010011
1010111111101111110100110100110100110100110100110100110100110100110100
1111011111010111101101001101001101001101001101001101001101001101001101
0110101110111011010011010011010011010011010011010011010011010011010011
1001110101010100110100110100110100110100110100110100110100110100110100
1010101111111101001101001101001101001101001101001101001101001101001101
1111110111111011010011010011010011010011010011010011010011010011010011
0111101011110100110100110100110100110100110100110100110100110100110100
1011011101101101001101001101001101001101001101001101001101001101001101
1100101010010011010011010011010011010011010011010011010011010011010011
0001111110110100110100110100110100110100110100110100110100110100110100
1110111101001101001101001101001101001101001101001101001101001101001101
0101011011010011010011010011010011010011010011010011010011010011010011
1111100100110100110100110100110100110100110100110100110100110100110100
0111001101001101001101001101001101001101001101001101001101001101001101
1010010011010011010011010011010011010011010011010011010011010011010011
1110110100110100110100110100110100110100110100110100110100110100110100
0101001101001101001101001101001101001101001101001101001101001101001101
1111010011010011010011010011010011010011010011010011010011010011010011
0110110100110100110100110100110100110100110100110100110100110100110100
1001001101001101001101001101001101001101001101001101001101001101001101
1011010011010011010011010011010011010011010011010011010011010011010011
1100110100110100110100110100110100110100110100110100110100110100110100
0001001101001101001101001101001101001101001101001101001101001101001101
1111010011010011010011010011010011010011010011010011010011010011010011
0110110100110100110100110100110100110100110100110100110100110100110100
1001001101001101001101001101001101001101001101001101001101001101001101
1011010011010011010011010011010011010011010011010011010011010011010011
1100110100110100110100110100110100110100110100110100110100110100110100
0001001101001101001101001101001101001101001101001101001101001101001101
1111010011010011010011010011010011010011010011010011010011010011010011
0110110100110100110100110100110100110100110100110100110100110100110100
1001001101001101001101001101001101001101001101001101001101001101001101
1011010011010011010011010011010011010011010011010011010011010011010011
1100110100110100110100110100110100110100110100110100110100110100110100
0001001101001101001101001101001101001101001101001101001101001101001101
1111010011010011010011010011010011010011010011010011010011010011010011
0110110100110100110100110100110100110100110100110100110100110100110100
1001001101001101001101001101001101001101001101001101001101001101001101
1011010011010011010011010011010011010011010011010011010011010011010011
1100110100110100110100110100110100110100110100110100110100110100110100
0001001101001101001101001101001101001101001101001101001101001101001101
1111010011010011010011010011010011010011010011010011010011010011010011
0110110100110100110100110100110100110100110100110100110100110100110100
1001001101001101001101001101001101001101001101001101001101001101001101
1011010011010011010011010011010011010011010011010011010011010011010011
1100110100110100110100110100110100110100110100110100110100110100110100
0001001101001101001101001101001101001101001101001101001101001101001101
1111010011010011010011010011010011010011010011010011010011010011010011
0110110100110100110100110100110100110100110100110100110100110100110100
1001001101001101001101001101001101001101001101001101001101001101001101
1011010011010011010011010011010011010011010011010011010011010011010011
1100110100110100110100110100110100110100110100110100110100110100110100
0001001101001101001101001101001101001101001101001101001101001101001101
1111010011010011010011010011010011010011010011010011010011010011010011
0110110100110100110100110100110100110100110100110100110100110100110100
1001001101001101001101001101001101001101001101001101001101001101001101
1011010011010011010011010011010011010011010011010011010011010011010011
1100110100110100110100110100110100110100110100110100110100110100110100
0001001101001101001101001101001101001101001101001101001101001101001101
1111010011010011010011010011010011010011010011010011010011010011010011
0110110100110100110100110100110100110100110100110100110100110100110100
1001001101001101001101001101001101001101001101001101001101001101001101
1011010011010011010011010011010011010011010011010011010011010011010011
1100110100110100110100110100110100110100110100110100110100110100110100
0001001101001101001101001101001101001101001101001101001101001101001101
1111010011010011010011010011010011010011010011010011010011010011010011
0110110100110100110100110100110100110100110100110100110100110100110100
1001001101001101001101001101001101001101001101001101001101001101001101
1011010011010011010011010011010011010011010011010011010011010011010011
1100110100110100110100110100110100110100110100110100110100110100110100
0001001101001101001101001101001101001101001101001101001101001101001101
1111010011010011010011010011010011010011010011010011010011010011010011
0110110100110100110100110100110100110100110100110100110100110100110100
1001001101001101001101001101001101001101001101001101001101001101001101
1011010011010011010011010011010011010011010011010011010011010011010011
1100110100110100110100110100110100110100110100110100110100110100110100
0001001101001101001101001101001101001101001101001101001101001101001101
1111010011010011010011010011010011010011010011010011010011010011010011
0110110100110100110100110100110100110100110100110100110100110100110100
1001001101001101001101001101001101001101001101001101001101001101001101
1011010011010011010011010011010011010011010011010011010011010011010011
1100110100110100110100110100110100110100110100110100110100110100110100
0001001101001101001101001101001101001101001101001101001101001101001101
1111010011010011010011010011010011010011010011010011010011010011010011
0110110100110100110100110100110100110100110100110100110100110100110100
1001001101001101001101001101001101001101001101001101001101001101001101
1011010011010011010011010011010011010011010011010011010011010011010011
1100110100110100110100110100110100110100110100110100110100110100110100
0001001101001101001101001101001101001101001101001101001101001101001101
1111010011010011010011010011010011010011010011010011010011010011010011
0110110100110100110100110100110100110100110100110100110100110100110100
1001001101001101001101001101001101001101001101001101001101001101001101
1011010011010011010011010011010011010011010011010011010011010011010011
1100110100110100110100110100110100110100110100110100110100110100110100
0001001101001101001101001101001101001101001101001101001101001101001101
1111010011010011010011010011010011010011010011010011010011010011010011
0110110100110100110100110100110100110100110100110100110100110100110100
1001001101001101001101001101001101001101001101001101001101001101001101
1011010011010011010011010011010011010011010011010011010011010011010011
1100110100110100110100110100110100110100110100110100110100110100110100
0001001101001101001101001101001101001101001101001101001101001101001101
1111010011010011010011010011010011010011010011010011010011010011010011
0110110100110100110100110100110100110100110100110100110100110100110100
1001001101001101001101001101001101001101001101001101001101001101001101
1011010011010011010011010011010011010011010011010011010011010011010011
1100110100110100110100110100110100110100110100110100110100110100110100
0001001101001101001101001101001101001101001101001101001101001101001101
1111010011010011010011010011010011010011010011010011010011010011010011
0110110100110100110100110100110100110100110100110100110100110100110100
1001001101001101001101001101001101001101001101001101001101001101001101
1011010011010011010011010011010011010011010011010011010011010011010011
1100110100110100110100110100110100110100110100110100110100110100110100
0001001101001101001101001101001101001101001101001101001101001101001101
1111010011010011010011010011010011010011010011010011010011010011010011
0110110100110100110100110100110100110100110100110100110100110100110100
1001001101001101001101001101001101001101001101001101001101001101001101
1011010011010011010011010011010011010011010011010011010011010011010011
1100110100110100110100110100110100110100110100110100110100110100110100
0001001101001101001101001101001101001101001101001101001101001101001101
1111010011010011010011010011010011010011010011010011010011010011010011
0110110100110100110100110100110100110100110100110100110100110100110100
1001001101001101001101001101001101001101001101001101001101001101001101
1011010011010011010011010011010011010011010011010011010011010011010011
1100110100110100110100110100110100110100110100110100110100110100110100
0001001101001101001101001101001101001101001101001101001101001101001101
1111010011010011010011010011010011010011010011010011010011010011010011
0110110100110100110100110100110100110100110100110100110100110100110100
1001001101001101001101001101001101001101001101001101001101001101001101
1011010011010011010011010011010011010011010011010011010011010011010011
1100110100110100110100110100110100110100110100110100110100110100110100
0001001101001101001101001101001101001101001101001101001101001101001101
1111010011010011010011010011010011010011010011010011010011010011010011
0110110100110100110100110100110100110100110100110100110100110100110100
1001001101001101001101001101001101001101001101001101001101001101001101
1011010011010011010011010011010011010011010011010011010011010011010011
1100110100110100110100110100110100110100110100110100110100110100110100
0001001101001101001101001101001101001101001101001101001101001101001101
1111010011010011010011010011010011010011010011010011010011010011010011
0110110100110100110100110100110100110100110100110100110100110100110100
1001001101001101001101001101001101001101001101001101001101001101001101
1011010011010011010011010011010011010011010011010011010011010011010011
1100110100110100110100110100110100110100110100110100110100110100110100
0001001101001101001101001101001101001101001101001101001101001101001101
1111010011010011010011010011010011010011010011010011010011010011010011
0110110100110100110100110100110100110100110100110100110100110100110100
1001001101001101001101001101001101001101001101001101001101001101001101
1011010011010011010011010011010011010011010011010011010011010011010011
1100110100110100110100110100110100110100110100110100110100110100110100
0001001101001101001101001101001101001101001101001101001101001101001101
1111010011010011010011010011010011010011010011010011010011010011010011
0110110100110100110100110100110100110100110100110100110100110100110100
1001001101001101001101001101001101001101001101001101001101001101001101
1011010011010011010011010011010011010011010011010011010011010011010011
1100110100110100110100110100110100110100110100110100110100110100110100
0001001101001101001101001101001101001101001101001101001101001101001101
1111010011010011010011010011010011010011010011010011010011010011010011
0110110100110100110100110100110100110100110100110100110100110100110100
1001001101001101001101001101001101001101001101001101001101001101001101
