0111111111111111111111111111111111111111111111111111111111111111111110
0011111111111111111111111111111111111111111111111111111111111111111100
0001111111111111111111111111111111111111111111111111111111111111111010
0000111111111111111111111111111111111111111111111111111111111111110100
0000011111111111111111111111111111111111111111111111111111111111101010
0000001111111111111111111111111111111111111111111111111111111111010100
0000000111111111111111111111111111111111111111111111111111111110101010
0000000011111111111111111111111111111111111111111111111111111101010100
0000000001111111111111111111111111111111111111111111111111111010101010
0000000000111111111111111111111111111111111111111111111111110101010100
0000000000011111111111111111111111111111111111111111111111101010101010
0000000000001111111111111111111111111111111111111111111111010101010100
0000000000000111111111111111111111111111111111111111111110101010101010
0000000000000011111111111111111111111111111111111111111101010101010100
0000000000000001111111111111111111111111111111111111111010101010101010
0000000000000000111111111111111111111111111111111111110101010101010100
0000000000000000011111111111111111111111111111111111101010101010101010
0000000000000000001111111111111111111111111111111111010101010101010100
0000000000000000000111111111111111111111111111111110101010101010101010
0000000000000000000011111111111111111111111111111101010101010101010100
0000000000000000000001111111111111111111111111111010101010101010101010
0000000000000000000000111111111111111111111111110101010101010101010100
0000000000000000000000011111111111111111111111101010101010101010101010
0000000000000000000000001111111111111111111111010101010101010101010100
0000000000000000000000000111111111111111111110101010101010101010101010
0000000000000000000000000011111111111111111101010101010101010101010100
0000000000000000000000000001111111111111111010101010101010101010101010
0000000000000000000000000000111111111111110101010101010101010101010100
0000000000000000000000000000011111111111101010101010101010101010101010
0000000000000000000000000000001111111111010101010101010101010101010100
0000000000000000000000000000000111111110101010101010101010101010101010
0000000000000000000000000000000011111101010101010101010101010101010100
0000000000000000000000000000000001111010101010101010101010101010101010
0000000000000000000000000000000000110101010101010101010101010101010100
0000000000000000000000000000000000001010101010101010101010101010101010
0000000000000000000000000000000000000101010101010101010101010101010100
0000000000000000000000000000000000000010101010101010101010101010101010
0000000000000000000000000000000000000001010101010101010101010101010100
0000000000000000000000000000000000000000101010101010101010101010101010
0000000000000000000000000000000000000000010101010101010101010101010100
0000000000000000000000000000000000000000001010101010101010101010101010
0000000000000000000000000000000000000000000101010101010101010101010100
0000000000000000000000000000000000000000000010101010101010101010101010
0000000000000000000000000000000000000000000001010101010101010101010100
0000000000000000000000000000000000000000000000101010101010101010101010
0000000000000000000000000000000000000000000000010101010101010101010100
0000000000000000000000000000000000000000000000001010101010101010101010
0000000000000000000000000000000000000000000000000101010101010101010100
0000000000000000000000000000000000000000000000000010101010101010101010
0000000000000000000000000000000000000000000000000001010101010101010100
0000000000000000000000000000000000000000000000000000101010101010101010
0000000000000000000000000000000000000000000000000000010101010101010100
0000000000000000000000000000000000000000000000000000001010101010101010
0000000000000000000000000000000000000000000000000000000101010101010100
0000000000000000000000000000000000000000000000000000000010101010101010
0000000000000000000000000000000000000000000000000000000001010101010100
0000000000000000000000000000000000000000000000000000000000101010101010
0000000000000000000000000000000000000000000000000000000000010101010100
0000000000000000000000000000000000000000000000000000000000001010101010
0000000000000000000000000000000000000000000000000000000000000101010100
0000000000000000000000000000000000000000000000000000000000000010101010
0000000000000000000000000000000000000000000000000000000000000001010100
0000000000000000000000000000000000000000000000000000000000000000101010
0000000000000000000000000000000000000000000000000000000000000000010100
0000000000000000000000000000000000000000000000000000000000000000001010
0000000000000000000000000000000000000000000000000000000000000000000100
0000000000000000000000000000000000000000000000000000000000000000000010
0000000000000000000000000000000000000000000000000000000000000000000000
0000000000000000000000000000000000000000000000000000000000000000000000
0000000000000000000000000000000000000000000000000000000000000000000000
0000000000000000000000000000000000000000000000000000000000000000000000
0000000000000000000000000000000000000000000000000000000000000000000000
0000000000000000000000000000000000000000000000000000000000000000000000
0000000000000000000000000000000000000000000000000000000000000000000000
0000000000000000000000000000000000000000000000000000000000000000000000
0000000000000000000000000000000000000000000000000000000000000000000000
0000000000000000000000000000000000000000000000000000000000000000000000
0000000000000000000000000000000000000000000000000000000000000000000000
0000000000000000000000000000000000000000000000000000000000000000000000
0000000000000000000000000000000000000000000000000000000000000000000000
0000000000000000000000000000000000000000000000000000000000000000000000
0000000000000000000000000000000000000000000000000000000000000000000000
0000000000000000000000000000000000000000000000000000000000000000000000
0000000000000000000000000000000000000000000000000000000000000000000000
0000000000000000000000000000000000000000000000000000000000000000000000
0000000000000000000000000000000000000000000000000000000000000000000000
0000000000000000000000000000000000000000000000000000000000000000000000
0000000000000000000000000000000000000000000000000000000000000000000000
0000000000000000000000000000000000000000000000000000000000000000000000
0000000000000000000000000000000000000000000000000000000000000000000000
0000000000000000000000000000000000000000000000000000000000000000000000
0000000000000000000000000000000000000000000000000000000000000000000000
0000000000000000000000000000000000000000000000000000000000000000000000
0000000000000000000000000000000000000000000000000000000000000000000000
0000000000000000000000000000000000000000000000000000000000000000000000
0000000000000000000000000000000000000000000000000000000000000000000000
0000000000000000000000000000000000000000000000000000000000000000000000
0000000000000000000000000000000000000000000000000000000000000000000000
0000000000000000000000000000000000000000000000000000000000000000000000
0000000000000000000000000000000000000000000000000000000000000000000000
0000000000000000000000000000000000000000000000000000000000000000000000
0000000000000000000000000000000000000000000000000000000000000000000000
0000000000000000000000000000000000000000000000000000000000000000000000
0000000000000000000000000000000000000000000000000000000000000000000000
0000000000000000000000000000000000000000000000000000000000000000000000
0000000000000000000000000000000000000000000000000000000000000000000000
0000000000000000000000000000000000000000000000000000000000000000000000
0000000000000000000000000000000000000000000000000000000000000000000000
0000000000000000000000000000000000000000000000000000000000000000000000
0000000000000000000000000000000000000000000000000000000000000000000000
0000000000000000000000000000000000000000000000000000000000000000000000
0000000000000000000000000000000000000000000000000000000000000000000000
0000000000000000000000000000000000000000000000000000000000000000000000
0000000000000000000000000000000000000000000000000000000000000000000000
0000000000000000000000000000000000000000000000000000000000000000000000
0000000000000000000000000000000000000000000000000000000000000000000000
0000000000000000000000000000000000000000000000000000000000000000000000
0000000000000000000000000000000000000000000000000000000000000000000000
0000000000000000000000000000000000000000000000000000000000000000000000
0000000000000000000000000000000000000000000000000000000000000000000000
0000000000000000000000000000000000000000000000000000000000000000000000
0000000000000000000000000000000000000000000000000000000000000000000000
0000000000000000000000000000000000000000000000000000000000000000000000
0000000000000000000000000000000000000000000000000000000000000000000000
0000000000000000000000000000000000000000000000000000000000000000000000
0000000000000000000000000000000000000000000000000000000000000000000000
0000000000000000000000000000000000000000000000000000000000000000000000
0000000000000000000000000000000000000000000000000000000000000000000000
0000000000000000000000000000000000000000000000000000000000000000000000
0000000000000000000000000000000000000000000000000000000000000000000000
0000000000000000000000000000000000000000000000000000000000000000000000
0000000000000000000000000000000000000000000000000000000000000000000000
0000000000000000000000000000000000000000000000000000000000000000000000
0000000000000000000000000000000000000000000000000000000000000000000000
0000000000000000000000000000000000000000000000000000000000000000000000
0000000000000000000000000000000000000000000000000000000000000000000000
0000000000000000000000000000000000000000000000000000000000000000000000
0000000000000000000000000000000000000000000000000000000000000000000000
0000000000000000000000000000000000000000000000000000000000000000000000
0000000000000000000000000000000000000000000000000000000000000000000000
0000000000000000000000000000000000000000000000000000000000000000000000
0000000000000000000000000000000000000000000000000000000000000000000000
0000000000000000000000000000000000000000000000000000000000000000000000
0000000000000000000000000000000000000000000000000000000000000000000000
0000000000000000000000000000000000000000000000000000000000000000000000
0000000000000000000000000000000000000000000000000000000000000000000000
0000000000000000000000000000000000000000000000000000000000000000000000
0000000000000000000000000000000000000000000000000000000000000000000000
0000000000000000000000000000000000000000000000000000000000000000000000
0000000000000000000000000000000000000000000000000000000000000000000000
0000000000000000000000000000000000000000000000000000000000000000000000
0000000000000000000000000000000000000000000000000000000000000000000000
0000000000000000000000000000000000000000000000000000000000000000000000
0000000000000000000000000000000000000000000000000000000000000000000000
0000000000000000000000000000000000000000000000000000000000000000000000
0000000000000000000000000000000000000000000000000000000000000000000000
0000000000000000000000000000000000000000000000000000000000000000000000
0000000000000000000000000000000000000000000000000000000000000000000000
0000000000000000000000000000000000000000000000000000000000000000000000
0000000000000000000000000000000000000000000000000000000000000000000000
0000000000000000000000000000000000000000000000000000000000000000000000
0000000000000000000000000000000000000000000000000000000000000000000000
0000000000000000000000000000000000000000000000000000000000000000000000
0000000000000000000000000000000000000000000000000000000000000000000000
0000000000000000000000000000000000000000000000000000000000000000000000
0000000000000000000000000000000000000000000000000000000000000000000000
0000000000000000000000000000000000000000000000000000000000000000000000
0000000000000000000000000000000000000000000000000000000000000000000000
0000000000000000000000000000000000000000000000000000000000000000000000
0000000000000000000000000000000000000000000000000000000000000000000000
0000000000000000000000000000000000000000000000000000000000000000000000
0000000000000000000000000000000000000000000000000000000000000000000000
0000000000000000000000000000000000000000000000000000000000000000000000
0000000000000000000000000000000000000000000000000000000000000000000000
0000000000000000000000000000000000000000000000000000000000000000000000
0000000000000000000000000000000000000000000000000000000000000000000000
0000000000000000000000000000000000000000000000000000000000000000000000
0000000000000000000000000000000000000000000000000000000000000000000000
0000000000000000000000000000000000000000000000000000000000000000000000
0000000000000000000000000000000000000000000000000000000000000000000000
0000000000000000000000000000000000000000000000000000000000000000000000
0000000000000000000000000000000000000000000000000000000000000000000000
0000000000000000000000000000000000000000000000000000000000000000000000
0000000000000000000000000000000000000000000000000000000000000000000000
0000000000000000000000000000000000000000000000000000000000000000000000
0000000000000000000000000000000000000000000000000000000000000000000000
0000000000000000000000000000000000000000000000000000000000000000000000
0000000000000000000000000000000000000000000000000000000000000000000000
0000000000000000000000000000000000000000000000000000000000000000000000
0000000000000000000000000000000000000000000000000000000000000000000000
0000000000000000000000000000000000000000000000000000000000000000000000
0000000000000000000000000000000000000000000000000000000000000000000000
0000000000000000000000000000000000000000000000000000000000000000000000
0000000000000000000000000000000000000000000000000000000000000000000000
0000000000000000000000000000000000000000000000000000000000000000000000
0000000000000000000000000000000000000000000000000000000000000000000000
0000000000000000000000000000000000000000000000000000000000000000000000
0000000000000000000000000000000000000000000000000000000000000000000000
0000000000000000000000000000000000000000000000000000000000000000000000
0000000000000000000000000000000000000000000000000000000000000000000000
0000000000000000000000000000000000000000000000000000000000000000000000
0000000000000000000000000000000000000000000000000000000000000000000000
0000000000000000000000000000000000000000000000000000000000000000000000
0000000000000000000000000000000000000000000000000000000000000000000000
0000000000000000000000000000000000000000000000000000000000000000000000
0000000000000000000000000000000000000000000000000000000000000000000000
0000000000000000000000000000000000000000000000000000000000000000000000
0000000000000000000000000000000000000000000000000000000000000000000000
0000000000000000000000000000000000000000000000000000000000000000000000
0000000000000000000000000000000000000000000000000000000000000000000000
