1101101101101101101101101101101101101101101101101101101101101101101100
0010010010010010010010010010010010010010010010010010010010010010010010
0011011011011011011011011011011011011011011011011011011011011011011011
0000100100100100100100100100100100100100100100100100100100100100100100
0000110110110110110110110110110110110110110110110110110110110110110110
0000001001001001001001001001001001001001001001001001001001001001001001
0000001101101101101101101101101101101101101101101101101101101101101100
0000000010010010010010010010010010010010010010010010010010010010010010
0000000011011011011011011011011011011011011011011011011011011011011011
0000000000100100100100100100100100100100100100100100100100100100100100
0000000000110110110110110110110110110110110110110110110110110110110110
0000000000001001001001001001001001001001001001001001001001001001001001
0000000000001101101101101101101101101101101101101101101101101101101100
0000000000000010010010010010010010010010010010010010010010010010010010
0000000000000011011011011011011011011011011011011011011011011011011011
0000000000000000100100100100100100100100100100100100100100100100100100
0000000000000000110110110110110110110110110110110110110110110110110110
0000000000000000001001001001001001001001001001001001001001001001001001
0000000000000000001101101101101101101101101101101101101101101101101100
0000000000000000000010010010010010010010010010010010010010010010010010
0000000000000000000011011011011011011011011011011011011011011011011011
0000000000000000000000100100100100100100100100100100100100100100100100
0000000000000000000000110110110110110110110110110110110110110110110110
0000000000000000000000001001001001001001001001001001001001001001001001
0000000000000000000000001101101101101101101101101101101101101101101100
0000000000000000000000000010010010010010010010010010010010010010010010
0000000000000000000000000011011011011011011011011011011011011011011011
0000000000000000000000000000100100100100100100100100100100100100100100
0000000000000000000000000000110110110110110110110110110110110110110110
0000000000000000000000000000001001001001001001001001001001001001001001
0000000000000000000000000000001101101101101101101101101101101101101100
0000000000000000000000000000000010010010010010010010010010010010010010
0000000000000000000000000000000011011011011011011011011011011011011011
0000000000000000000000000000000000100100100100100100100100100100100100
0000000000000000000000000000000000110110110110110110110110110110110110
0000000000000000000000000000000000001001001001001001001001001001001001
0000000000000000000000000000000000001101101101101101101101101101101100
0000000000000000000000000000000000000010010010010010010010010010010010
0000000000000000000000000000000000000011011011011011011011011011011011
0000000000000000000000000000000000000000100100100100100100100100100100
0000000000000000000000000000000000000000110110110110110110110110110110
0000000000000000000000000000000000000000001001001001001001001001001001
0000000000000000000000000000000000000000001101101101101101101101101100
0000000000000000000000000000000000000000000010010010010010010010010010
0000000000000000000000000000000000000000000011011011011011011011011011
0000000000000000000000000000000000000000000000100100100100100100100100
0000000000000000000000000000000000000000000000110110110110110110110110
0000000000000000000000000000000000000000000000001001001001001001001001
0000000000000000000000000000000000000000000000001101101101101101101100
0000000000000000000000000000000000000000000000000010010010010010010010
0000000000000000000000000000000000000000000000000011011011011011011011
0000000000000000000000000000000000000000000000000000100100100100100100
0000000000000000000000000000000000000000000000000000110110110110110110
0000000000000000000000000000000000000000000000000000001001001001001001
0000000000000000000000000000000000000000000000000000001101101101101100
0000000000000000000000000000000000000000000000000000000010010010010010
0000000000000000000000000000000000000000000000000000000011011011011011
0000000000000000000000000000000000000000000000000000000000100100100100
0000000000000000000000000000000000000000000000000000000000110110110110
0000000000000000000000000000000000000000000000000000000000001001001001
0000000000000000000000000000000000000000000000000000000000001101101100
0000000000000000000000000000000000000000000000000000000000000010010010
0000000000000000000000000000000000000000000000000000000000000011011011
0000000000000000000000000000000000000000000000000000000000000000100100
0000000000000000000000000000000000000000000000000000000000000000110110
0000000000000000000000000000000000000000000000000000000000000000001001
0000000000000000000000000000000000000000000000000000000000000000001100
0000000000000000000000000000000000000000000000000000000000000000000010
0000000000000000000000000000000000000000000000000000000000000000000011
0000000000000000000000000000000000000000000000000000000000000000000000
0000000000000000000000000000000000000000000000000000000000000000000000
0000000000000000000000000000000000000000000000000000000000000000000000
0000000000000000000000000000000000000000000000000000000000000000000000
0000000000000000000000000000000000000000000000000000000000000000000000
0000000000000000000000000000000000000000000000000000000000000000000000
0000000000000000000000000000000000000000000000000000000000000000000000
0000000000000000000000000000000000000000000000000000000000000000000000
0000000000000000000000000000000000000000000000000000000000000000000000
0000000000000000000000000000000000000000000000000000000000000000000000
0000000000000000000000000000000000000000000000000000000000000000000000
0000000000000000000000000000000000000000000000000000000000000000000000
0000000000000000000000000000000000000000000000000000000000000000000000
0000000000000000000000000000000000000000000000000000000000000000000000
0000000000000000000000000000000000000000000000000000000000000000000000
0000000000000000000000000000000000000000000000000000000000000000000000
0000000000000000000000000000000000000000000000000000000000000000000000
0000000000000000000000000000000000000000000000000000000000000000000000
0000000000000000000000000000000000000000000000000000000000000000000000
0000000000000000000000000000000000000000000000000000000000000000000000
0000000000000000000000000000000000000000000000000000000000000000000000
0000000000000000000000000000000000000000000000000000000000000000000000
0000000000000000000000000000000000000000000000000000000000000000000000
0000000000000000000000000000000000000000000000000000000000000000000000
0000000000000000000000000000000000000000000000000000000000000000000000
0000000000000000000000000000000000000000000000000000000000000000000000
0000000000000000000000000000000000000000000000000000000000000000000000
0000000000000000000000000000000000000000000000000000000000000000000000
0000000000000000000000000000000000000000000000000000000000000000000000
0000000000000000000000000000000000000000000000000000000000000000000000
0000000000000000000000000000000000000000000000000000000000000000000000
0000000000000000000000000000000000000000000000000000000000000000000000
0000000000000000000000000000000000000000000000000000000000000000000000
0000000000000000000000000000000000000000000000000000000000000000000000
0000000000000000000000000000000000000000000000000000000000000000000000
0000000000000000000000000000000000000000000000000000000000000000000000
0000000000000000000000000000000000000000000000000000000000000000000000
0000000000000000000000000000000000000000000000000000000000000000000000
0000000000000000000000000000000000000000000000000000000000000000000000
0000000000000000000000000000000000000000000000000000000000000000000000
0000000000000000000000000000000000000000000000000000000000000000000000
0000000000000000000000000000000000000000000000000000000000000000000000
0000000000000000000000000000000000000000000000000000000000000000000000
0000000000000000000000000000000000000000000000000000000000000000000000
0000000000000000000000000000000000000000000000000000000000000000000000
0000000000000000000000000000000000000000000000000000000000000000000000
0000000000000000000000000000000000000000000000000000000000000000000000
0000000000000000000000000000000000000000000000000000000000000000000000
0000000000000000000000000000000000000000000000000000000000000000000000
0000000000000000000000000000000000000000000000000000000000000000000000
0000000000000000000000000000000000000000000000000000000000000000000000
0000000000000000000000000000000000000000000000000000000000000000000000
0000000000000000000000000000000000000000000000000000000000000000000000
0000000000000000000000000000000000000000000000000000000000000000000000
0000000000000000000000000000000000000000000000000000000000000000000000
0000000000000000000000000000000000000000000000000000000000000000000000
0000000000000000000000000000000000000000000000000000000000000000000000
0000000000000000000000000000000000000000000000000000000000000000000000
0000000000000000000000000000000000000000000000000000000000000000000000
0000000000000000000000000000000000000000000000000000000000000000000000
0000000000000000000000000000000000000000000000000000000000000000000000
0000000000000000000000000000000000000000000000000000000000000000000000
0000000000000000000000000000000000000000000000000000000000000000000000
0000000000000000000000000000000000000000000000000000000000000000000000
0000000000000000000000000000000000000000000000000000000000000000000000
0000000000000000000000000000000000000000000000000000000000000000000000
0000000000000000000000000000000000000000000000000000000000000000000000
0000000000000000000000000000000000000000000000000000000000000000000000
0000000000000000000000000000000000000000000000000000000000000000000000
0000000000000000000000000000000000000000000000000000000000000000000000
0000000000000000000000000000000000000000000000000000000000000000000000
0000000000000000000000000000000000000000000000000000000000000000000000
0000000000000000000000000000000000000000000000000000000000000000000000
0000000000000000000000000000000000000000000000000000000000000000000000
0000000000000000000000000000000000000000000000000000000000000000000000
0000000000000000000000000000000000000000000000000000000000000000000000
0000000000000000000000000000000000000000000000000000000000000000000000
0000000000000000000000000000000000000000000000000000000000000000000000
0000000000000000000000000000000000000000000000000000000000000000000000
0000000000000000000000000000000000000000000000000000000000000000000000
0000000000000000000000000000000000000000000000000000000000000000000000
0000000000000000000000000000000000000000000000000000000000000000000000
0000000000000000000000000000000000000000000000000000000000000000000000
0000000000000000000000000000000000000000000000000000000000000000000000
0000000000000000000000000000000000000000000000000000000000000000000000
0000000000000000000000000000000000000000000000000000000000000000000000
0000000000000000000000000000000000000000000000000000000000000000000000
0000000000000000000000000000000000000000000000000000000000000000000000
0000000000000000000000000000000000000000000000000000000000000000000000
0000000000000000000000000000000000000000000000000000000000000000000000
0000000000000000000000000000000000000000000000000000000000000000000000
0000000000000000000000000000000000000000000000000000000000000000000000
0000000000000000000000000000000000000000000000000000000000000000000000
0000000000000000000000000000000000000000000000000000000000000000000000
0000000000000000000000000000000000000000000000000000000000000000000000
0000000000000000000000000000000000000000000000000000000000000000000000
0000000000000000000000000000000000000000000000000000000000000000000000
0000000000000000000000000000000000000000000000000000000000000000000000
0000000000000000000000000000000000000000000000000000000000000000000000
0000000000000000000000000000000000000000000000000000000000000000000000
0000000000000000000000000000000000000000000000000000000000000000000000
0000000000000000000000000000000000000000000000000000000000000000000000
0000000000000000000000000000000000000000000000000000000000000000000000
0000000000000000000000000000000000000000000000000000000000000000000000
0000000000000000000000000000000000000000000000000000000000000000000000
0000000000000000000000000000000000000000000000000000000000000000000000
0000000000000000000000000000000000000000000000000000000000000000000000
0000000000000000000000000000000000000000000000000000000000000000000000
0000000000000000000000000000000000000000000000000000000000000000000000
0000000000000000000000000000000000000000000000000000000000000000000000
0000000000000000000000000000000000000000000000000000000000000000000000
0000000000000000000000000000000000000000000000000000000000000000000000
0000000000000000000000000000000000000000000000000000000000000000000000
0000000000000000000000000000000000000000000000000000000000000000000000
0000000000000000000000000000000000000000000000000000000000000000000000
0000000000000000000000000000000000000000000000000000000000000000000000
0000000000000000000000000000000000000000000000000000000000000000000000
0000000000000000000000000000000000000000000000000000000000000000000000
0000000000000000000000000000000000000000000000000000000000000000000000
0000000000000000000000000000000000000000000000000000000000000000000000
0000000000000000000000000000000000000000000000000000000000000000000000
0000000000000000000000000000000000000000000000000000000000000000000000
0000000000000000000000000000000000000000000000000000000000000000000000
0000000000000000000000000000000000000000000000000000000000000000000000
0000000000000000000000000000000000000000000000000000000000000000000000
0000000000000000000000000000000000000000000000000000000000000000000000
0000000000000000000000000000000000000000000000000000000000000000000000
0000000000000000000000000000000000000000000000000000000000000000000000
0000000000000000000000000000000000000000000000000000000000000000000000
0000000000000000000000000000000000000000000000000000000000000000000000
0000000000000000000000000000000000000000000000000000000000000000000000
0000000000000000000000000000000000000000000000000000000000000000000000
0000000000000000000000000000000000000000000000000000000000000000000000
0000000000000000000000000000000000000000000000000000000000000000000000
0000000000000000000000000000000000000000000000000000000000000000000000
0000000000000000000000000000000000000000000000000000000000000000000000
0000000000000000000000000000000000000000000000000000000000000000000000
0000000000000000000000000000000000000000000000000000000000000000000000
0000000000000000000000000000000000000000000000000000000000000000000000
0000000000000000000000000000000000000000000000000000000000000000000000
0000000000000000000000000000000000000000000000000000000000000000000000
