0011111011101010111010101010111110111111101110111111111111101010101111
0011110111010101110101010101111101111111011101111111111111010101011111
0011101110101011101010101011111011111110111011111111111110101010111111
0011011101010111010101010111110111111101110111111111111101010101111111
0010111010101110101010101111101111111011101111111111111010101011111111
0001110101011101010101011111011111110111011111111111110101010111111111
0001101010111010101010111110111111101110111111111111101010101111111111
0001010101110101010101111101111111011101111111111111010101011111111111
0000101011101010101011111011111110111011111111111110101010111111111111
0000010111010101010111110111111101110111111111111101010101111111111111
0000001110101010101111101111111011101111111111111010101011111111111111
0000001101010101011111011111110111011111111111110101010111111111111111
0000001010101010111110111111101110111111111111101010101111111111111111
0000000101010101111101111111011101111111111111010101011111111111111111
0000000010101011111011111110111011111111111110101010111111111111111111
0000000001010111110111111101110111111111111101010101111111111111111111
0000000000101111101111111011101111111111111010101011111111111111111111
0000000000011111011111110111011111111111110101010111111111111111111111
0000000000011110111111101110111111111111101010101111111111111111111111
0000000000011101111111011101111111111111010101011111111111111111111111
0000000000011011111110111011111111111110101010111111111111111111111111
0000000000010111111101110111111111111101010101111111111111111111111111
0000000000001111111011101111111111111010101011111111111111111111111111
0000000000001111110111011111111111110101010111111111111111111111111111
0000000000001111101110111111111111101010101111111111111111111111111111
0000000000001111011101111111111111010101011111111111111111111111111111
0000000000001110111011111111111110101010111111111111111111111111111111
0000000000001101110111111111111101010101111111111111111111111111111111
0000000000001011101111111111111010101011111111111111111111111111111111
0000000000000111011111111111110101010111111111111111111111111111111111
0000000000000110111111111111101010101111111111111111111111111111111111
0000000000000101111111111111010101011111111111111111111111111111111111
0000000000000011111111111110101010111111111111111111111111111111111111
0000000000000011111111111101010101111111111111111111111111111111111111
0000000000000011111111111010101011111111111111111111111111111111111111
0000000000000011111111110101010111111111111111111111111111111111111111
0000000000000011111111101010101111111111111111111111111111111111111111
0000000000000011111111010101011111111111111111111111111111111111111111
0000000000000011111110101010111111111111111111111111111111111111111111
0000000000000011111101010101111111111111111111111111111111111111111111
0000000000000011111010101011111111111111111111111111111111111111111111
0000000000000011110101010111111111111111111111111111111111111111111111
0000000000000011101010101111111111111111111111111111111111111111111111
0000000000000011010101011111111111111111111111111111111111111111111111
0000000000000010101010111111111111111111111111111111111111111111111111
0000000000000001010101111111111111111111111111111111111111111111111111
0000000000000000101011111111111111111111111111111111111111111111111111
0000000000000000010111111111111111111111111111111111111111111111111111
0000000000000000001111111111111111111111111111111111111111111111111111
0000000000000000001111111111111111111111111111111111111111111111111111
0000000000000000001111111111111111111111111111111111111111111111111111
0000000000000000001111111111111111111111111111111111111111111111111111
0000000000000000001111111111111111111111111111111111111111111111111111
0000000000000000001111111111111111111111111111111111111111111111111111
0000000000000000001111111111111111111111111111111111111111111111111111
0000000000000000001111111111111111111111111111111111111111111111111111
0000000000000000001111111111111111111111111111111111111111111111111111
0000000000000000001111111111111111111111111111111111111111111111111111
0000000000000000001111111111111111111111111111111111111111111111111111
0000000000000000001111111111111111111111111111111111111111111111111111
0000000000000000001111111111111111111111111111111111111111111111111111
0000000000000000001111111111111111111111111111111111111111111111111111
0000000000000000001111111111111111111111111111111111111111111111111111
0000000000000000001111111111111111111111111111111111111111111111111111
0000000000000000001111111111111111111111111111111111111111111111111111
0000000000000000001111111111111111111111111111111111111111111111111111
0000000000000000001111111111111111111111111111111111111111111111111111
0000000000000000001111111111111111111111111111111111111111111111111111
0000000000000000001111111111111111111111111111111111111111111111111111
0000000000000000001111111111111111111111111111111111111111111111111111
0000000000000000001111111111111111111111111111111111111111111111111111
0000000000000000001111111111111111111111111111111111111111111111111111
0000000000000000001111111111111111111111111111111111111111111111111111
0000000000000000001111111111111111111111111111111111111111111111111111
0000000000000000001111111111111111111111111111111111111111111111111111
0000000000000000001111111111111111111111111111111111111111111111111111
0000000000000000001111111111111111111111111111111111111111111111111111
0000000000000000001111111111111111111111111111111111111111111111111111
0000000000000000001111111111111111111111111111111111111111111111111111
0000000000000000001111111111111111111111111111111111111111111111111111
0000000000000000001111111111111111111111111111111111111111111111111111
0000000000000000001111111111111111111111111111111111111111111111111111
0000000000000000001111111111111111111111111111111111111111111111111111
0000000000000000001111111111111111111111111111111111111111111111111111
0000000000000000001111111111111111111111111111111111111111111111111111
0000000000000000001111111111111111111111111111111111111111111111111111
0000000000000000001111111111111111111111111111111111111111111111111111
0000000000000000001111111111111111111111111111111111111111111111111111
0000000000000000001111111111111111111111111111111111111111111111111111
0000000000000000001111111111111111111111111111111111111111111111111111
0000000000000000001111111111111111111111111111111111111111111111111111
0000000000000000001111111111111111111111111111111111111111111111111111
0000000000000000001111111111111111111111111111111111111111111111111111
0000000000000000001111111111111111111111111111111111111111111111111111
0000000000000000001111111111111111111111111111111111111111111111111111
0000000000000000001111111111111111111111111111111111111111111111111111
0000000000000000001111111111111111111111111111111111111111111111111111
0000000000000000001111111111111111111111111111111111111111111111111111
0000000000000000001111111111111111111111111111111111111111111111111111
0000000000000000001111111111111111111111111111111111111111111111111111
0000000000000000001111111111111111111111111111111111111111111111111111
0000000000000000001111111111111111111111111111111111111111111111111111
0000000000000000001111111111111111111111111111111111111111111111111111
0000000000000000001111111111111111111111111111111111111111111111111111
0000000000000000001111111111111111111111111111111111111111111111111111
0000000000000000001111111111111111111111111111111111111111111111111111
0000000000000000001111111111111111111111111111111111111111111111111111
0000000000000000001111111111111111111111111111111111111111111111111111
0000000000000000001111111111111111111111111111111111111111111111111111
0000000000000000001111111111111111111111111111111111111111111111111111
0000000000000000001111111111111111111111111111111111111111111111111111
0000000000000000001111111111111111111111111111111111111111111111111111
0000000000000000001111111111111111111111111111111111111111111111111111
0000000000000000001111111111111111111111111111111111111111111111111111
0000000000000000001111111111111111111111111111111111111111111111111111
0000000000000000001111111111111111111111111111111111111111111111111111
0000000000000000001111111111111111111111111111111111111111111111111111
0000000000000000001111111111111111111111111111111111111111111111111111
0000000000000000001111111111111111111111111111111111111111111111111111
0000000000000000001111111111111111111111111111111111111111111111111111
0000000000000000001111111111111111111111111111111111111111111111111111
0000000000000000001111111111111111111111111111111111111111111111111111
0000000000000000001111111111111111111111111111111111111111111111111111
0000000000000000001111111111111111111111111111111111111111111111111111
0000000000000000001111111111111111111111111111111111111111111111111111
0000000000000000001111111111111111111111111111111111111111111111111111
0000000000000000001111111111111111111111111111111111111111111111111111
0000000000000000001111111111111111111111111111111111111111111111111111
0000000000000000001111111111111111111111111111111111111111111111111111
0000000000000000001111111111111111111111111111111111111111111111111111
0000000000000000001111111111111111111111111111111111111111111111111111
0000000000000000001111111111111111111111111111111111111111111111111111
0000000000000000001111111111111111111111111111111111111111111111111111
0000000000000000001111111111111111111111111111111111111111111111111111
0000000000000000001111111111111111111111111111111111111111111111111111
0000000000000000001111111111111111111111111111111111111111111111111111
0000000000000000001111111111111111111111111111111111111111111111111111
0000000000000000001111111111111111111111111111111111111111111111111111
0000000000000000001111111111111111111111111111111111111111111111111111
0000000000000000001111111111111111111111111111111111111111111111111111
0000000000000000001111111111111111111111111111111111111111111111111111
0000000000000000001111111111111111111111111111111111111111111111111111
0000000000000000001111111111111111111111111111111111111111111111111111
0000000000000000001111111111111111111111111111111111111111111111111111
0000000000000000001111111111111111111111111111111111111111111111111111
0000000000000000001111111111111111111111111111111111111111111111111111
0000000000000000001111111111111111111111111111111111111111111111111111
0000000000000000001111111111111111111111111111111111111111111111111111
0000000000000000001111111111111111111111111111111111111111111111111111
0000000000000000001111111111111111111111111111111111111111111111111111
0000000000000000001111111111111111111111111111111111111111111111111111
0000000000000000001111111111111111111111111111111111111111111111111111
0000000000000000001111111111111111111111111111111111111111111111111111
0000000000000000001111111111111111111111111111111111111111111111111111
0000000000000000001111111111111111111111111111111111111111111111111111
0000000000000000001111111111111111111111111111111111111111111111111111
0000000000000000001111111111111111111111111111111111111111111111111111
0000000000000000001111111111111111111111111111111111111111111111111111
0000000000000000001111111111111111111111111111111111111111111111111111
0000000000000000001111111111111111111111111111111111111111111111111111
0000000000000000001111111111111111111111111111111111111111111111111111
0000000000000000001111111111111111111111111111111111111111111111111111
0000000000000000001111111111111111111111111111111111111111111111111111
0000000000000000001111111111111111111111111111111111111111111111111111
0000000000000000001111111111111111111111111111111111111111111111111111
0000000000000000001111111111111111111111111111111111111111111111111111
0000000000000000001111111111111111111111111111111111111111111111111111
0000000000000000001111111111111111111111111111111111111111111111111111
0000000000000000001111111111111111111111111111111111111111111111111111
0000000000000000001111111111111111111111111111111111111111111111111111
0000000000000000001111111111111111111111111111111111111111111111111111
0000000000000000001111111111111111111111111111111111111111111111111111
0000000000000000001111111111111111111111111111111111111111111111111111
0000000000000000001111111111111111111111111111111111111111111111111111
0000000000000000001111111111111111111111111111111111111111111111111111
0000000000000000001111111111111111111111111111111111111111111111111111
0000000000000000001111111111111111111111111111111111111111111111111111
0000000000000000001111111111111111111111111111111111111111111111111111
0000000000000000001111111111111111111111111111111111111111111111111111
0000000000000000001111111111111111111111111111111111111111111111111111
0000000000000000001111111111111111111111111111111111111111111111111111
0000000000000000001111111111111111111111111111111111111111111111111111
0000000000000000001111111111111111111111111111111111111111111111111111
0000000000000000001111111111111111111111111111111111111111111111111111
0000000000000000001111111111111111111111111111111111111111111111111111
0000000000000000001111111111111111111111111111111111111111111111111111
0000000000000000001111111111111111111111111111111111111111111111111111
0000000000000000001111111111111111111111111111111111111111111111111111
0000000000000000001111111111111111111111111111111111111111111111111111
0000000000000000001111111111111111111111111111111111111111111111111111
0000000000000000001111111111111111111111111111111111111111111111111111
0000000000000000001111111111111111111111111111111111111111111111111111
0000000000000000001111111111111111111111111111111111111111111111111111
0000000000000000001111111111111111111111111111111111111111111111111111
0000000000000000001111111111111111111111111111111111111111111111111111
0000000000000000001111111111111111111111111111111111111111111111111111
0000000000000000001111111111111111111111111111111111111111111111111111
0000000000000000001111111111111111111111111111111111111111111111111111
0000000000000000001111111111111111111111111111111111111111111111111111
0000000000000000001111111111111111111111111111111111111111111111111111
0000000000000000001111111111111111111111111111111111111111111111111111
0000000000000000001111111111111111111111111111111111111111111111111111
0000000000000000001111111111111111111111111111111111111111111111111111
0000000000000000001111111111111111111111111111111111111111111111111111
0000000000000000001111111111111111111111111111111111111111111111111111
0000000000000000001111111111111111111111111111111111111111111111111111
0000000000000000001111111111111111111111111111111111111111111111111111
0000000000000000001111111111111111111111111111111111111111111111111111
0000000000000000001111111111111111111111111111111111111111111111111111
0000000000000000001111111111111111111111111111111111111111111111111111
