1111111111111111111111111111111111111111111111111111111111111111111111
0111111111111111111111111111111111111111111111111111111111111111111110
0011111111111111111111111111111111111111111111111111111111111111111110
1001111111111111111111111111111111111111111111111111111111111111111110
0000111111111111111111111111111111111111111111111111111111111111111110
1110011111111111111111111111111111111111111111111111111111111111111110
0110001111111111111111111111111111111111111111111111111111111111111110
0010100111111111111111111111111111111111111111111111111111111111111110
1000000011111111111111111111111111111111111111111111111111111111111110
0011111001111111111111111111111111111111111111111111111111111111111110
1001111000111111111111111111111111111111111111111111111111111111111110
0000111010011111111111111111111111111111111111111111111111111111111110
1110011000001111111111111111111111111111111111111111111111111111111110
0110001011100111111111111111111111111111111111111111111111111111111110
0010100001100011111111111111111111111111111111111111111111111111111110
1000001100101001111111111111111111111111111111111111111111111111111110
0011100100000000111111111111111111111111111111111111111111111111111110
1001100001111110011111111111111111111111111111111111111111111111111110
0000101100111110001111111111111111111111111111111111111111111111111110
1110000100011110100111111111111111111111111111111111111111111111111110
0110110001001110000011111111111111111111111111111111111111111111111110
0010010100000110111001111111111111111111111111111111111111111111111110
1000000001110010011000111111111111111111111111111111111111111111111110
0011111100110000001010011111111111111111111111111111111111111111111110
1001111100010111100000001111111111111111111111111111111111111111111110
0000111101000011101111100111111111111111111111111111111111111111111110
1110011100011001100111100011111111111111111111111111111111111111111110
0110001101001000100011101001111111111111111111111111111111111111111110
0010100100000010001001100000111111111111111111111111111111111111111110
1000000001111000100000101110011111111111111111111111111111111111111110
0011111100111010001110000110001111111111111111111111111111111111111110
1001111100011000100110110010100111111111111111111111111111111111111110
0000111101001010000010010000000011111111111111111111111111111111111110
1110011100000000111000000111111001111111111111111111111111111111111110
0110001101111110011011110011111000111111111111111111111111111111111110
0010100100111110001001110001111010011111111111111111111111111111111110
1000000000011110100000110100111000001111111111111111111111111111111110
0011111111001110001110010000011011100111111111111111111111111111111110
1001111111000110100110000111001001100011111111111111111111111111111110
0000111111010010000010110011000000101001111111111111111111111111111110
1110011111000000111000010001011110000000111111111111111111111111111110
0110001111011110011011000100001110111110011111111111111111111111111110
0010100111001110001001010001100110011110001111111111111111111111111110
1000000011000110100000000100100010001110100111111111111111111111111110
0011111001010010001111110000001000100110000011111111111111111111111110
1001111000000000100111110111100010000010111001111111111111111111111110
0000111011111110000011110011101000111000011000111111111111111111111110
1110011001111110111001110001100010011011001010011111111111111111111110
0110001000111110011000110100101000001001000000001111111111111111111110
0010100010011110001010010000000011100000011111100111111111111111111110
1000001000001110100000000111111001101111001111100011111111111111111110
0011100011100110001111110011111000100111000111101001111111111111111110
1001101001100010100111110001111010000011010011100000111111111111111110
0000100000101000000011110100111000111001000001101110011111111111111110
1110001110000011111001110000011010011000011100100110001111111111111110
0110100110111001111000110111001000001011001100000010100111111111111110
0010000010011000111010010011000011100001000101111000000011111111111110
1000111000001010011000000001011001101100010000111011111001111111111110
0010011011100000001011111100001000100101000110011001111000111111111110
1000001001101111100001111101100010000000010010001000111010011111111110
0011100000100111101100111100101000111111000000100010011000001111111110
1001101110000011100100011100000010011111011110001000001011100111111110
0000100110111001100001001101111000001111001110100011100001100011111110
1110000010011000101100000100111011100111000110001001101100101001111110
0110111000001010000101110000011001100011010010100000100100000000111110
0010011011100000110000110111001000101001000000001110000001111110011110
1000001001101110010110010011000010000000011111100110111100111110001110
0011100000100110000010000001011000111111001111100010011100011110100110
1001101110000010111000111100001010011111000111101000001101001110000010
0000100110111000011010011101100000001111010011100011100100000110111000
1110000010011011001000001100101111100111000001101001100001110010011011
0110111000001001000011100100000111100011011100100000101100110000001000
0010011011100000011001100001110011101001001100001110000100010111100011
1000001001101111001000101100110001100000000101100110110001000011101000
0011100000100111000010000100010100101111110000100010010100011001100011
1001101110000011011000110001000000000111110110001000000001001000101000
0000100110111001001010010100011111110011110010100011111100000010000011
1110000010011000000000000001001111110001110000001001111101111000111000
0110111000001011111111111100000111110100110111100000111100111010011011
0010011011100001111111111101110011110000010011101110011100011000001000
1000001001101100111111111100110001110111000001100110001101001011100011
0011100000100100011111111100010100110011011100100010100100000001101000
1001101110000001001111111101000000010001001100001000000001111100100011
0000100110111100000111111100011111000100000101100011111100111100001000
1110000010011101110011111101001111010001110000101001111100011101100011
0110111000001100110001111100000111000100110110000000111101001100101000
0010011011100100010100111101110011010000010010111110011100000100000011
1000001001100001000000011100110001000111000000011110001101110001111000
0011100000101100011111001100010100010011011111001110100100110100111011
1001101110000101001111000101000001000001001111000110000000010000011000
0000100110110000000111010000011100011100000111010010111111000111001011
1110000010010111110011000111001101001101110011000000011111010011000000
0110111000000011110001010011000100000100110001011111001111000001011111
0010011011111001110100000001010001110000010100001111000111011100001110
1000001001111000110001111100000100110111000001100111010011001101100110
0011100000111010010100111101110000010011011100100011000001000100100010
1001101110011000000000011100110111000001001100001001011100010000001000
0000100110001011111111001100010011011100000101100000001101000111100011
1110000010100001111111000101000001001101110000101111100100010011101000
0110111000001100111111010000011100000100110110000111100001000001100011
0010011011100100011111000111001101110000010010110011101100011100101000
1000001001100001001111010011000100110111000000010001100101001100000011
0011100000101100000111000001010000010011011111000100100000000101111000
1001101110000101110011011100000111000001001111010000001111110000111011
0000100110110000110001001101110011011100000111000111100111110110011000
1110000010010110010100000100110001001101110011010011100011110010001011
0110111000000010000001110000010100000100110001000001101001110000100000
0010011011111000111100110111000001110000010100011100100000110110001111
1000001001111010011100010011011100110111000001001100001110010010100110
0011100000111000001101000001001100010011011100000101100110000000000010
1001101110011011100100011100000101000001001101110000100010111111111000
0000100110001001100001001101110000011100000100110110001000011111111011
1110000010100000101100000100110111001101110000010010100011001111111000
0110111000001110000101110000010011000100110111000000001001000111111011
0010011011100110110000110111000001010000010011011111100000010011111000
1000001001100010010110010011011100000111000001001111101111000001111011
0011100000101000000010000001001101110011011100000111100111011100111000
1001101110000011111000111100000100110001001101110011100011001100011011
0000100110111001111010011101110000010100000100110001101001000101001000
1110000010011000111000001100110111000001110000010100100000010000000011
0110111000001010011011100100010011011100110111000000001111000111111000
0010011011100000001001100001000001001100010011011111100111010011111011
1000001001101111100000101100011100000101000001001111100011000001111000
0011100000100111101110000101001101110000011100000111101001011100111011
1001101110000011100110110000000100110111001101110011100000001100011000
0000100110111001100010010111110000010011000100110001101111100101001011
1110000010011000101000000011110111000001010000010100100111100000000000
0110111000001010000011111001110011011100000111000000000011101111111111
0010011011100000111001111000110001001101110011011111111001100111111110
1000001001101110011000111010010100000100110001001111111000100011111110
0011100000100110001010011000000001110000010100000111111010001001111110
1001101110000010100000001011111100110111000001110011111000100000111110
0000100110111000001111100001111100010011011100110001111010001110011110
1110000010011011100111101100111101000001001100010100111000100110001110
0110111000001001100011100100011100011100000101000000011010000010100110
0010011011100000101001100001001101001101110000011111001000111000000010
1000001001101110000000101100000100000100110111001111000010011011111000
0011100000100110111110000101110001110000010011000111011000001001111011
1001101110000010011110110000110100110111000001010011001011100000111000
0000100110111000001110010110010000010011011100000001000001101110011011
1110000010011011100110000010000111000001001101111100011100100110001000
0110111000001001100010111000110011011100000100111101001100000010100011
0010011011100000101000011010010001001101110000011100000101111000001000
1000001001101110000011001000000100000100110111001101110000111011100011
0011100000100110111001000011110001110000010011000100110110011001101000
1001101110000010011000011001110100110111000001010000010010001000100011
0000100110111000001011001000110000010011011100000111000000100010001000
1110000010011011100001000010010111000001001101110011011110001000100011
0110111000001001101100011000000011011100000100110001001110100010001000
0010011011100000100101001011111001001101110000010100000110001000100011
1000001001101110000000000001111000000100110111000001110010100010001000
0011100000100110111111111100111011110000010011011100110000001000100011
1001101110000010011111111100011001110111000001001100010111100010001000
0000100110111000001111111101001000110011011100000101000011101000100011
1110000010011011100111111100000010010001001101110000011001100010001000
0110111000001001100011111101111000000100000100110111001000101000100011
0010011011100000101001111100111011110001110000010011000010000010001000
1000001001101110000000111100011001110100110111000001011000111000100011
0011100000100110111110011101001000110000010011011100001010011010001000
1001101110000010011110001100000010010111000001001101100000001000100011
0000100110111000001110100101111000000011011100000100101111100010001000
1110000010011011100110000000111011111001001101110000000111101000100011
0110111000001001100010111110011001111000000100110111110011100010001000
0010011011100000101000011110001000111011110000010011110001101000100011
1000001001101110000011001110100010011001110111000001110100100010001000
0011100000100110111001000110001000001000110011011100110000001000100011
1001101110000010011000010010100011100010010001001100010111100010001000
0000100110111000001011000000001001101000000100000101000011101000100011
1110000010011011100001011111100000100011110001110000011001100010001000
0110111000001001101100001111101110001001110100110111001000101000100011
0010011011100000100101100111100110100000110000010011000010000010001000
1000001001101110000000100011100010001110010111000001011000111000100011
0011100000100110111110001001101000100110000011011100001010011010001000
1001101110000010011110100000100010000010111001001101100000001000100011
0000100110111000001110001110001000111000011000000100101111100010001000
1110000010011011100110100110100010011011001011110000000111101000100011
0110111000001001100010000010001000001001000001110111110011100010001000
0010011011100000101000111000100011100000011100110011110001101000100011
1000001001101110000010011010001001101111001100010001110100100010001000
0011100000100110111000001000100000100111000101000100110000001000100011
1001101110000010011011100010001110000011010000010000010111100010001000
0000100110111000001001101000100110111001000111000111000011101000100011
1110000010011011100000100010000010011000010011010011011001100010001000
0110111000001001101110001000111000001011000001000001001000101000100011
0010011011100000100110100010011011100001011100011100000010000010001000
1000001001101110000010001000001001101100001101001101111000111000100011
0011100000100110111000100011100000100101100100000100111010011010001000
1001101110000010011010001001101110000000100001110000011000001000100011
0000100110111000001000100000100110111110001100110111001011100010001000
1110000010011011100010001110000010011110100100010011000001101000100011
0110111000001001101000100110111000001110000001000001011100100010001000
0010011011100000100010000010011011100110111100011100001100001000100011
1000001001101110001000111000001001100010011101001101100101100010001000
0011100000100110100010011011100000101000001100000100100000101000100011
1001101110000010001000001001101110000011100101110000001110000010001000
0000100110111000100011100000100110111001100000110111100110111000100011
1110000010011010001001101110000010011000101110010011100010011010001000
0110111000001000100000100110111000001010000110000001101000001000100011
0010011011100010001110000010011011100000110010111100100011100010001000
1000001001101000100110111000001001101110010000011100001001101000100011
0011100000100010000010011011100000100110000111001101100000100010001000
1001101110001000111000001001101110000010110011000100101110001000100011
0000100110100010011011100000100110111000010001010000000110100010001000
1110000010001000001001101110000010011011000100000111110010001000100011
0110111000100011100000100110111000001001010001110011110000100010001000
0010011010001001101110000010011011100000000100110001110110001000100011
1000001000100000100110111000001001101111110000010100110010100010001000
0011100010001110000010011011100000100111110111000000010000001000100011
1001101000100110111000001001101110000011110011011111000111100010001000
0000100010000010011011100000100110111001110001001111010011101000100011
