1111111111111111111111111111111111111111111111111111111111111111111111
0111111111111111111111111111111111111111111111111111111111111111111110
1011111111111111111111111111111111111111111111111111111111111111111110
0001111111111111111111111111111111111111111111111111111111111111111110
1110111111111111111111111111111111111111111111111111111111111111111110
0110011111111111111111111111111111111111111111111111111111111111111110
1010101111111111111111111111111111111111111111111111111111111111111110
0000000111111111111111111111111111111111111111111111111111111111111110
1111111011111111111111111111111111111111111111111111111111111111111110
0111111001111111111111111111111111111111111111111111111111111111111110
1011111010111111111111111111111111111111111111111111111111111111111110
0001111000011111111111111111111111111111111111111111111111111111111110
1110111011101111111111111111111111111111111111111111111111111111111110
0110011001100111111111111111111111111111111111111111111111111111111110
1010101010101011111111111111111111111111111111111111111111111111111110
0000000000000001111111111111111111111111111111111111111111111111111110
1111111111111110111111111111111111111111111111111111111111111111111110
0111111111111110011111111111111111111111111111111111111111111111111110
1011111111111110101111111111111111111111111111111111111111111111111110
0001111111111110000111111111111111111111111111111111111111111111111110
1110111111111110111011111111111111111111111111111111111111111111111110
0110011111111110011001111111111111111111111111111111111111111111111110
1010101111111110101010111111111111111111111111111111111111111111111110
0000000111111110000000011111111111111111111111111111111111111111111110
1111111011111110111111101111111111111111111111111111111111111111111110
0111111001111110011111100111111111111111111111111111111111111111111110
1011111010111110101111101011111111111111111111111111111111111111111110
0001111000011110000111100001111111111111111111111111111111111111111110
1110111011101110111011101110111111111111111111111111111111111111111110
0110011001100110011001100110011111111111111111111111111111111111111110
1010101010101010101010101010101111111111111111111111111111111111111110
0000000000000000000000000000000111111111111111111111111111111111111110
1111111111111111111111111111111011111111111111111111111111111111111110
0111111111111111111111111111111001111111111111111111111111111111111110
1011111111111111111111111111111010111111111111111111111111111111111110
0001111111111111111111111111111000011111111111111111111111111111111110
1110111111111111111111111111111011101111111111111111111111111111111110
0110011111111111111111111111111001100111111111111111111111111111111110
1010101111111111111111111111111010101011111111111111111111111111111110
0000000111111111111111111111111000000001111111111111111111111111111110
1111111011111111111111111111111011111110111111111111111111111111111110
0111111001111111111111111111111001111110011111111111111111111111111110
1011111010111111111111111111111010111110101111111111111111111111111110
0001111000011111111111111111111000011110000111111111111111111111111110
1110111011101111111111111111111011101110111011111111111111111111111110
0110011001100111111111111111111001100110011001111111111111111111111110
1010101010101011111111111111111010101010101010111111111111111111111110
0000000000000001111111111111111000000000000000011111111111111111111110
1111111111111110111111111111111011111111111111101111111111111111111110
0111111111111110011111111111111001111111111111100111111111111111111110
1011111111111110101111111111111010111111111111101011111111111111111110
0001111111111110000111111111111000011111111111100001111111111111111110
1110111111111110111011111111111011101111111111101110111111111111111110
0110011111111110011001111111111001100111111111100110011111111111111110
1010101111111110101010111111111010101011111111101010101111111111111110
0000000111111110000000011111111000000001111111100000000111111111111110
1111111011111110111111101111111011111110111111101111111011111111111110
0111111001111110011111100111111001111110011111100111111001111111111110
1011111010111110101111101011111010111110101111101011111010111111111110
0001111000011110000111100001111000011110000111100001111000011111111110
1110111011101110111011101110111011101110111011101110111011101111111110
0110011001100110011001100110011001100110011001100110011001100111111110
1010101010101010101010101010101010101010101010101010101010101011111110
0000000000000000000000000000000000000000000000000000000000000001111110
1111111111111111111111111111111111111111111111111111111111111110111110
0111111111111111111111111111111111111111111111111111111111111110011110
1011111111111111111111111111111111111111111111111111111111111110101110
0001111111111111111111111111111111111111111111111111111111111110000110
1110111111111111111111111111111111111111111111111111111111111110111010
0110011111111111111111111111111111111111111111111111111111111110011000
1010101111111111111111111111111111111111111111111111111111111110101011
0000000111111111111111111111111111111111111111111111111111111110000000
1111111011111111111111111111111111111111111111111111111111111110111111
0111111001111111111111111111111111111111111111111111111111111110011110
1011111010111111111111111111111111111111111111111111111111111110101110
0001111000011111111111111111111111111111111111111111111111111110000110
1110111011101111111111111111111111111111111111111111111111111110111010
0110011001100111111111111111111111111111111111111111111111111110011000
1010101010101011111111111111111111111111111111111111111111111110101011
0000000000000001111111111111111111111111111111111111111111111110000000
1111111111111110111111111111111111111111111111111111111111111110111111
0111111111111110011111111111111111111111111111111111111111111110011110
1011111111111110101111111111111111111111111111111111111111111110101110
0001111111111110000111111111111111111111111111111111111111111110000110
1110111111111110111011111111111111111111111111111111111111111110111010
0110011111111110011001111111111111111111111111111111111111111110011000
1010101111111110101010111111111111111111111111111111111111111110101011
0000000111111110000000011111111111111111111111111111111111111110000000
1111111011111110111111101111111111111111111111111111111111111110111111
0111111001111110011111100111111111111111111111111111111111111110011110
1011111010111110101111101011111111111111111111111111111111111110101110
0001111000011110000111100001111111111111111111111111111111111110000110
1110111011101110111011101110111111111111111111111111111111111110111010
0110011001100110011001100110011111111111111111111111111111111110011000
1010101010101010101010101010101111111111111111111111111111111110101011
0000000000000000000000000000000111111111111111111111111111111110000000
1111111111111111111111111111111011111111111111111111111111111110111111
0111111111111111111111111111111001111111111111111111111111111110011110
1011111111111111111111111111111010111111111111111111111111111110101110
0001111111111111111111111111111000011111111111111111111111111110000110
1110111111111111111111111111111011101111111111111111111111111110111010
0110011111111111111111111111111001100111111111111111111111111110011000
1010101111111111111111111111111010101011111111111111111111111110101011
0000000111111111111111111111111000000001111111111111111111111110000000
1111111011111111111111111111111011111110111111111111111111111110111111
0111111001111111111111111111111001111110011111111111111111111110011110
1011111010111111111111111111111010111110101111111111111111111110101110
0001111000011111111111111111111000011110000111111111111111111110000110
1110111011101111111111111111111011101110111011111111111111111110111010
0110011001100111111111111111111001100110011001111111111111111110011000
1010101010101011111111111111111010101010101010111111111111111110101011
0000000000000001111111111111111000000000000000011111111111111110000000
1111111111111110111111111111111011111111111111101111111111111110111111
0111111111111110011111111111111001111111111111100111111111111110011110
1011111111111110101111111111111010111111111111101011111111111110101110
0001111111111110000111111111111000011111111111100001111111111110000110
1110111111111110111011111111111011101111111111101110111111111110111010
0110011111111110011001111111111001100111111111100110011111111110011000
1010101111111110101010111111111010101011111111101010101111111110101011
0000000111111110000000011111111000000001111111100000000111111110000000
1111111011111110111111101111111011111110111111101111111011111110111111
0111111001111110011111100111111001111110011111100111111001111110011110
1011111010111110101111101011111010111110101111101011111010111110101110
0001111000011110000111100001111000011110000111100001111000011110000110
1110111011101110111011101110111011101110111011101110111011101110111010
0110011001100110011001100110011001100110011001100110011001100110011000
1010101010101010101010101010101010101010101010101010101010101010101011
0000000000000000000000000000000000000000000000000000000000000000000000
1111111111111111111111111111111111111111111111111111111111111111111111
0111111111111111111111111111111111111111111111111111111111111111111110
1011111111111111111111111111111111111111111111111111111111111111111110
0001111111111111111111111111111111111111111111111111111111111111111110
1110111111111111111111111111111111111111111111111111111111111111111110
0110011111111111111111111111111111111111111111111111111111111111111110
1010101111111111111111111111111111111111111111111111111111111111111110
0000000111111111111111111111111111111111111111111111111111111111111110
1111111011111111111111111111111111111111111111111111111111111111111110
0111111001111111111111111111111111111111111111111111111111111111111110
1011111010111111111111111111111111111111111111111111111111111111111110
0001111000011111111111111111111111111111111111111111111111111111111110
1110111011101111111111111111111111111111111111111111111111111111111110
0110011001100111111111111111111111111111111111111111111111111111111110
1010101010101011111111111111111111111111111111111111111111111111111110
0000000000000001111111111111111111111111111111111111111111111111111110
1111111111111110111111111111111111111111111111111111111111111111111110
0111111111111110011111111111111111111111111111111111111111111111111110
1011111111111110101111111111111111111111111111111111111111111111111110
0001111111111110000111111111111111111111111111111111111111111111111110
1110111111111110111011111111111111111111111111111111111111111111111110
0110011111111110011001111111111111111111111111111111111111111111111110
1010101111111110101010111111111111111111111111111111111111111111111110
0000000111111110000000011111111111111111111111111111111111111111111110
1111111011111110111111101111111111111111111111111111111111111111111110
0111111001111110011111100111111111111111111111111111111111111111111110
1011111010111110101111101011111111111111111111111111111111111111111110
0001111000011110000111100001111111111111111111111111111111111111111110
1110111011101110111011101110111111111111111111111111111111111111111110
0110011001100110011001100110011111111111111111111111111111111111111110
1010101010101010101010101010101111111111111111111111111111111111111110
0000000000000000000000000000000111111111111111111111111111111111111110
1111111111111111111111111111111011111111111111111111111111111111111110
0111111111111111111111111111111001111111111111111111111111111111111110
1011111111111111111111111111111010111111111111111111111111111111111110
0001111111111111111111111111111000011111111111111111111111111111111110
1110111111111111111111111111111011101111111111111111111111111111111110
0110011111111111111111111111111001100111111111111111111111111111111110
1010101111111111111111111111111010101011111111111111111111111111111110
0000000111111111111111111111111000000001111111111111111111111111111110
1111111011111111111111111111111011111110111111111111111111111111111110
0111111001111111111111111111111001111110011111111111111111111111111110
1011111010111111111111111111111010111110101111111111111111111111111110
0001111000011111111111111111111000011110000111111111111111111111111110
1110111011101111111111111111111011101110111011111111111111111111111110
0110011001100111111111111111111001100110011001111111111111111111111110
1010101010101011111111111111111010101010101010111111111111111111111110
0000000000000001111111111111111000000000000000011111111111111111111110
1111111111111110111111111111111011111111111111101111111111111111111110
0111111111111110011111111111111001111111111111100111111111111111111110
1011111111111110101111111111111010111111111111101011111111111111111110
0001111111111110000111111111111000011111111111100001111111111111111110
1110111111111110111011111111111011101111111111101110111111111111111110
0110011111111110011001111111111001100111111111100110011111111111111110
1010101111111110101010111111111010101011111111101010101111111111111110
0000000111111110000000011111111000000001111111100000000111111111111110
1111111011111110111111101111111011111110111111101111111011111111111110
0111111001111110011111100111111001111110011111100111111001111111111110
1011111010111110101111101011111010111110101111101011111010111111111110
0001111000011110000111100001111000011110000111100001111000011111111110
1110111011101110111011101110111011101110111011101110111011101111111110
0110011001100110011001100110011001100110011001100110011001100111111110
1010101010101010101010101010101010101010101010101010101010101011111110
0000000000000000000000000000000000000000000000000000000000000001111110
1111111111111111111111111111111111111111111111111111111111111110111110
0111111111111111111111111111111111111111111111111111111111111110011110
1011111111111111111111111111111111111111111111111111111111111110101110
0001111111111111111111111111111111111111111111111111111111111110000110
1110111111111111111111111111111111111111111111111111111111111110111010
0110011111111111111111111111111111111111111111111111111111111110011000
1010101111111111111111111111111111111111111111111111111111111110101011
0000000111111111111111111111111111111111111111111111111111111110000000
1111111011111111111111111111111111111111111111111111111111111110111111
0111111001111111111111111111111111111111111111111111111111111110011110
1011111010111111111111111111111111111111111111111111111111111110101110
0001111000011111111111111111111111111111111111111111111111111110000110
1110111011101111111111111111111111111111111111111111111111111110111010
0110011001100111111111111111111111111111111111111111111111111110011000
1010101010101011111111111111111111111111111111111111111111111110101011
0000000000000001111111111111111111111111111111111111111111111110000000
1111111111111110111111111111111111111111111111111111111111111110111111
0111111111111110011111111111111111111111111111111111111111111110011110
