1111111111111010111111111111111111111111111111111111111111111010111111
0111111111111010011111111111111111111111111111111111111111111010011110
0011111111111010001111111111111111111111111111111111111111111010001111
1001111111111010100111111111111111111111111111111111111111111010100110
1000111111111010100011111111111111111111111111111111111111111010100011
1010011111111010101001111111111111111111111111111111111111111010101000
1010001111111010101000111111111111111111111111111111111111111010101011
1010100111111010101010011111111111111111111111111111111111111010101000
1010100011111010101010001111111111111111111111111111111111111010101011
1010101001111010101010100111111111111111111111111111111111111010101000
1010101000111010101010100011111111111111111111111111111111111010101011
1010101010011010101010101001111111111111111111111111111111111010101000
1010101010001010101010101000111111111111111111111111111111111010101011
1010101010101010101010101010011111111111111111111111111111111010101000
1010101010101010101010101010001111111111111111111111111111111010101011
1010101010101010101010101010100111111111111111111111111111111010101000
1010101010101010101010101010100011111111111111111111111111111010101011
1010101010101010101010101010101001111111111111111111111111111010101000
1010101010101010101010101010101000111111111111111111111111111010101011
1010101010101010101010101010101010011111111111111111111111111010101000
1010101010101010101010101010101010001111111111111111111111111010101011
1010101010101010101010101010101010100111111111111111111111111010101000
1010101010101010101010101010101010100011111111111111111111111010101011
1010101010101010101010101010101010101001111111111111111111111010101000
1010101010101010101010101010101010101000111111111111111111111010101011
1010101010101010101010101010101010101010011111111111111111111010101000
1010101010101010101010101010101010101010001111111111111111111010101011
1010101010101010101010101010101010101010100111111111111111111010101000
1010101010101010101010101010101010101010100011111111111111111010101011
1010101010101010101010101010101010101010101001111111111111111010101000
1010101010101010101010101010101010101010101000111111111111111010101011
1010101010101010101010101010101010101010101010011111111111111010101000
1010101010101010101010101010101010101010101010001111111111111010101011
1010101010101010101010101010101010101010101010100111111111111010101000
1010101010101010101010101010101010101010101010100011111111111010101011
1010101010101010101010101010101010101010101010101001111111111010101000
1010101010101010101010101010101010101010101010101000111111111010101011
1010101010101010101010101010101010101010101010101010011111111010101000
1010101010101010101010101010101010101010101010101010001111111010101011
1010101010101010101010101010101010101010101010101010100111111010101000
1010101010101010101010101010101010101010101010101010100011111010101011
1010101010101010101010101010101010101010101010101010101001111010101000
1010101010101010101010101010101010101010101010101010101000111010101011
1010101010101010101010101010101010101010101010101010101010011010101000
1010101010101010101010101010101010101010101010101010101010001010101011
1010101010101010101010101010101010101010101010101010101010101010101000
1010101010101010101010101010101010101010101010101010101010101010101011
1010101010101010101010101010101010101010101010101010101010101010101000
1010101010101010101010101010101010101010101010101010101010101010101011
1010101010101010101010101010101010101010101010101010101010101010101000
1010101010101010101010101010101010101010101010101010101010101010101011
1010101010101010101010101010101010101010101010101010101010101010101000
1010101010101010101010101010101010101010101010101010101010101010101011
1010101010101010101010101010101010101010101010101010101010101010101000
1010101010101010101010101010101010101010101010101010101010101010101011
1010101010101010101010101010101010101010101010101010101010101010101000
1010101010101010101010101010101010101010101010101010101010101010101011
1010101010101010101010101010101010101010101010101010101010101010101000
1010101010101010101010101010101010101010101010101010101010101010101011
1010101010101010101010101010101010101010101010101010101010101010101000
1010101010101010101010101010101010101010101010101010101010101010101011
1010101010101010101010101010101010101010101010101010101010101010101000
1010101010101010101010101010101010101010101010101010101010101010101011
1010101010101010101010101010101010101010101010101010101010101010101000
1010101010101010101010101010101010101010101010101010101010101010101011
1010101010101010101010101010101010101010101010101010101010101010101000
1010101010101010101010101010101010101010101010101010101010101010101011
1010101010101010101010101010101010101010101010101010101010101010101000
1010101010101010101010101010101010101010101010101010101010101010101011
1010101010101010101010101010101010101010101010101010101010101010101000
1010101010101010101010101010101010101010101010101010101010101010101011
1010101010101010101010101010101010101010101010101010101010101010101000
1010101010101010101010101010101010101010101010101010101010101010101011
1010101010101010101010101010101010101010101010101010101010101010101000
1010101010101010101010101010101010101010101010101010101010101010101011
1010101010101010101010101010101010101010101010101010101010101010101000
1010101010101010101010101010101010101010101010101010101010101010101011
1010101010101010101010101010101010101010101010101010101010101010101000
1010101010101010101010101010101010101010101010101010101010101010101011
1010101010101010101010101010101010101010101010101010101010101010101000
1010101010101010101010101010101010101010101010101010101010101010101011
1010101010101010101010101010101010101010101010101010101010101010101000
1010101010101010101010101010101010101010101010101010101010101010101011
1010101010101010101010101010101010101010101010101010101010101010101000
1010101010101010101010101010101010101010101010101010101010101010101011
1010101010101010101010101010101010101010101010101010101010101010101000
1010101010101010101010101010101010101010101010101010101010101010101011
1010101010101010101010101010101010101010101010101010101010101010101000
1010101010101010101010101010101010101010101010101010101010101010101011
1010101010101010101010101010101010101010101010101010101010101010101000
1010101010101010101010101010101010101010101010101010101010101010101011
1010101010101010101010101010101010101010101010101010101010101010101000
1010101010101010101010101010101010101010101010101010101010101010101011
1010101010101010101010101010101010101010101010101010101010101010101000
1010101010101010101010101010101010101010101010101010101010101010101011
1010101010101010101010101010101010101010101010101010101010101010101000
1010101010101010101010101010101010101010101010101010101010101010101011
1010101010101010101010101010101010101010101010101010101010101010101000
1010101010101010101010101010101010101010101010101010101010101010101011
1010101010101010101010101010101010101010101010101010101010101010101000
1010101010101010101010101010101010101010101010101010101010101010101011
1010101010101010101010101010101010101010101010101010101010101010101000
1010101010101010101010101010101010101010101010101010101010101010101011
1010101010101010101010101010101010101010101010101010101010101010101000
1010101010101010101010101010101010101010101010101010101010101010101011
1010101010101010101010101010101010101010101010101010101010101010101000
1010101010101010101010101010101010101010101010101010101010101010101011
1010101010101010101010101010101010101010101010101010101010101010101000
1010101010101010101010101010101010101010101010101010101010101010101011
1010101010101010101010101010101010101010101010101010101010101010101000
1010101010101010101010101010101010101010101010101010101010101010101011
1010101010101010101010101010101010101010101010101010101010101010101000
1010101010101010101010101010101010101010101010101010101010101010101011
1010101010101010101010101010101010101010101010101010101010101010101000
1010101010101010101010101010101010101010101010101010101010101010101011
1010101010101010101010101010101010101010101010101010101010101010101000
1010101010101010101010101010101010101010101010101010101010101010101011
1010101010101010101010101010101010101010101010101010101010101010101000
1010101010101010101010101010101010101010101010101010101010101010101011
1010101010101010101010101010101010101010101010101010101010101010101000
1010101010101010101010101010101010101010101010101010101010101010101011
1010101010101010101010101010101010101010101010101010101010101010101000
1010101010101010101010101010101010101010101010101010101010101010101011
1010101010101010101010101010101010101010101010101010101010101010101000
1010101010101010101010101010101010101010101010101010101010101010101011
1010101010101010101010101010101010101010101010101010101010101010101000
1010101010101010101010101010101010101010101010101010101010101010101011
1010101010101010101010101010101010101010101010101010101010101010101000
1010101010101010101010101010101010101010101010101010101010101010101011
1010101010101010101010101010101010101010101010101010101010101010101000
1010101010101010101010101010101010101010101010101010101010101010101011
1010101010101010101010101010101010101010101010101010101010101010101000
1010101010101010101010101010101010101010101010101010101010101010101011
1010101010101010101010101010101010101010101010101010101010101010101000
1010101010101010101010101010101010101010101010101010101010101010101011
1010101010101010101010101010101010101010101010101010101010101010101000
1010101010101010101010101010101010101010101010101010101010101010101011
1010101010101010101010101010101010101010101010101010101010101010101000
1010101010101010101010101010101010101010101010101010101010101010101011
1010101010101010101010101010101010101010101010101010101010101010101000
1010101010101010101010101010101010101010101010101010101010101010101011
1010101010101010101010101010101010101010101010101010101010101010101000
1010101010101010101010101010101010101010101010101010101010101010101011
1010101010101010101010101010101010101010101010101010101010101010101000
1010101010101010101010101010101010101010101010101010101010101010101011
1010101010101010101010101010101010101010101010101010101010101010101000
1010101010101010101010101010101010101010101010101010101010101010101011
1010101010101010101010101010101010101010101010101010101010101010101000
1010101010101010101010101010101010101010101010101010101010101010101011
1010101010101010101010101010101010101010101010101010101010101010101000
1010101010101010101010101010101010101010101010101010101010101010101011
1010101010101010101010101010101010101010101010101010101010101010101000
1010101010101010101010101010101010101010101010101010101010101010101011
1010101010101010101010101010101010101010101010101010101010101010101000
1010101010101010101010101010101010101010101010101010101010101010101011
1010101010101010101010101010101010101010101010101010101010101010101000
1010101010101010101010101010101010101010101010101010101010101010101011
1010101010101010101010101010101010101010101010101010101010101010101000
1010101010101010101010101010101010101010101010101010101010101010101011
1010101010101010101010101010101010101010101010101010101010101010101000
1010101010101010101010101010101010101010101010101010101010101010101011
1010101010101010101010101010101010101010101010101010101010101010101000
1010101010101010101010101010101010101010101010101010101010101010101011
1010101010101010101010101010101010101010101010101010101010101010101000
1010101010101010101010101010101010101010101010101010101010101010101011
1010101010101010101010101010101010101010101010101010101010101010101000
1010101010101010101010101010101010101010101010101010101010101010101011
1010101010101010101010101010101010101010101010101010101010101010101000
1010101010101010101010101010101010101010101010101010101010101010101011
1010101010101010101010101010101010101010101010101010101010101010101000
1010101010101010101010101010101010101010101010101010101010101010101011
1010101010101010101010101010101010101010101010101010101010101010101000
1010101010101010101010101010101010101010101010101010101010101010101011
1010101010101010101010101010101010101010101010101010101010101010101000
1010101010101010101010101010101010101010101010101010101010101010101011
1010101010101010101010101010101010101010101010101010101010101010101000
1010101010101010101010101010101010101010101010101010101010101010101011
1010101010101010101010101010101010101010101010101010101010101010101000
1010101010101010101010101010101010101010101010101010101010101010101011
1010101010101010101010101010101010101010101010101010101010101010101000
1010101010101010101010101010101010101010101010101010101010101010101011
1010101010101010101010101010101010101010101010101010101010101010101000
1010101010101010101010101010101010101010101010101010101010101010101011
1010101010101010101010101010101010101010101010101010101010101010101000
1010101010101010101010101010101010101010101010101010101010101010101011
1010101010101010101010101010101010101010101010101010101010101010101000
1010101010101010101010101010101010101010101010101010101010101010101011
1010101010101010101010101010101010101010101010101010101010101010101000
1010101010101010101010101010101010101010101010101010101010101010101011
1010101010101010101010101010101010101010101010101010101010101010101000
1010101010101010101010101010101010101010101010101010101010101010101011
1010101010101010101010101010101010101010101010101010101010101010101000
1010101010101010101010101010101010101010101010101010101010101010101011
1010101010101010101010101010101010101010101010101010101010101010101000
1010101010101010101010101010101010101010101010101010101010101010101011
1010101010101010101010101010101010101010101010101010101010101010101000
1010101010101010101010101010101010101010101010101010101010101010101011
1010101010101010101010101010101010101010101010101010101010101010101000
1010101010101010101010101010101010101010101010101010101010101010101011
1010101010101010101010101010101010101010101010101010101010101010101000
1010101010101010101010101010101010101010101010101010101010101010101011
1010101010101010101010101010101010101010101010101010101010101010101000
1010101010101010101010101010101010101010101010101010101010101010101011
1010101010101010101010101010101010101010101010101010101010101010101000
1010101010101010101010101010101010101010101010101010101010101010101011
1010101010101010101010101010101010101010101010101010101010101010101000
1010101010101010101010101010101010101010101010101010101010101010101011
1010101010101010101010101010101010101010101010101010101010101010101000
1010101010101010101010101010101010101010101010101010101010101010101011
1010101010101010101010101010101010101010101010101010101010101010101000
