1111111111111111111111111111110111000111000111000111000111000000011100
0111111111111111111111111111110011111011111011111011111011111111101111
1011111111111111111111111111111101111001111001111001111001111111100110
0001111111111111111111111111111100111110111110111110111110111111111010
1110111111111111111111111111111111011110011110011110011110011111111000
0110011111111111111111111111111111001111101111101111101111101111111111
1011101111111111111111111111111111110111100111100111100111100111111110
0001100111111111111111111111111111110011111011111011111011111011111110
1110111011111111111111111111111111111101111001111001111001111001111110
0110011001111111111111111111111111111100111110111110111110111110111110
1011101110111111111111111111111111111111011110011110011110011110011110
0001100110011111111111111111111111111111001111101111101111101111101110
1110111011101111111111111111111111111111110111100111100111100111100110
0110011001100111111111111111111111111111110011111011111011111011111010
1011101110111011111111111111111111111111111101111001111001111001111000
0001100110011001111111111111111111111111111100111110111110111110111111
1110111011101110111111111111111111111111111111011110011110011110011110
0110011001100110011111111111111111111111111111001111101111101111101110
1011101110111011101111111111111111111111111111110111100111100111100110
0001100110011001100111111111111111111111111111110011111011111011111010
1110111011101110111011111111111111111111111111111101111001111001111000
0110011001100110011001111111111111111111111111111100111110111110111111
1011101110111011101110111111111111111111111111111111011110011110011110
0001100110011001100110011111111111111111111111111111001111101111101110
1110111011101110111011101111111111111111111111111111110111100111100110
0110011001100110011001100111111111111111111111111111110011111011111010
1011101110111011101110111011111111111111111111111111111101111001111000
0001100110011001100110011001111111111111111111111111111100111110111111
1110111011101110111011101110111111111111111111111111111111011110011110
0110011001100110011001100110011111111111111111111111111111001111101110
1011101110111011101110111011101111111111111111111111111111110111100110
0001100110011001100110011001100111111111111111111111111111110011111010
1110111011101110111011101110111011111111111111111111111111111101111000
0110011001100110011001100110011001111111111111111111111111111100111111
1011101110111011101110111011101110111111111111111111111111111111011110
0001100110011001100110011001100110011111111111111111111111111111001110
1110111011101110111011101110111011101111111111111111111111111111110110
0110011001100110011001100110011001100111111111111111111111111111110010
1011101110111011101110111011101110111011111111111111111111111111111100
0001100110011001100110011001100110011001111111111111111111111111111111
1110111011101110111011101110111011101110111111111111111111111111111110
0110011001100110011001100110011001100110011111111111111111111111111110
1011101110111011101110111011101110111011101111111111111111111111111110
0001100110011001100110011001100110011001100111111111111111111111111110
1110111011101110111011101110111011101110111011111111111111111111111110
0110011001100110011001100110011001100110011001111111111111111111111110
1011101110111011101110111011101110111011101110111111111111111111111110
0001100110011001100110011001100110011001100110011111111111111111111110
1110111011101110111011101110111011101110111011101111111111111111111110
0110011001100110011001100110011001100110011001100111111111111111111110
1011101110111011101110111011101110111011101110111011111111111111111110
0001100110011001100110011001100110011001100110011001111111111111111110
1110111011101110111011101110111011101110111011101110111111111111111110
0110011001100110011001100110011001100110011001100110011111111111111110
1011101110111011101110111011101110111011101110111011101111111111111110
0001100110011001100110011001100110011001100110011001100111111111111110
1110111011101110111011101110111011101110111011101110111011111111111110
0110011001100110011001100110011001100110011001100110011001111111111110
1011101110111011101110111011101110111011101110111011101110111111111110
0001100110011001100110011001100110011001100110011001100110011111111110
1110111011101110111011101110111011101110111011101110111011101111111110
0110011001100110011001100110011001100110011001100110011001100111111110
1011101110111011101110111011101110111011101110111011101110111011111110
0001100110011001100110011001100110011001100110011001100110011001111110
1110111011101110111011101110111011101110111011101110111011101110111110
0110011001100110011001100110011001100110011001100110011001100110011110
1011101110111011101110111011101110111011101110111011101110111011101110
0001100110011001100110011001100110011001100110011001100110011001100110
1110111011101110111011101110111011101110111011101110111011101110111010
0110011001100110011001100110011001100110011001100110011001100110011000
1011101110111011101110111011101110111011101110111011101110111011101111
0001100110011001100110011001100110011001100110011001100110011001100110
1110111011101110111011101110111011101110111011101110111011101110111010
0110011001100110011001100110011001100110011001100110011001100110011000
1011101110111011101110111011101110111011101110111011101110111011101111
0001100110011001100110011001100110011001100110011001100110011001100110
1110111011101110111011101110111011101110111011101110111011101110111010
0110011001100110011001100110011001100110011001100110011001100110011000
1011101110111011101110111011101110111011101110111011101110111011101111
0001100110011001100110011001100110011001100110011001100110011001100110
1110111011101110111011101110111011101110111011101110111011101110111010
0110011001100110011001100110011001100110011001100110011001100110011000
1011101110111011101110111011101110111011101110111011101110111011101111
0001100110011001100110011001100110011001100110011001100110011001100110
1110111011101110111011101110111011101110111011101110111011101110111010
0110011001100110011001100110011001100110011001100110011001100110011000
1011101110111011101110111011101110111011101110111011101110111011101111
0001100110011001100110011001100110011001100110011001100110011001100110
1110111011101110111011101110111011101110111011101110111011101110111010
0110011001100110011001100110011001100110011001100110011001100110011000
1011101110111011101110111011101110111011101110111011101110111011101111
0001100110011001100110011001100110011001100110011001100110011001100110
1110111011101110111011101110111011101110111011101110111011101110111010
0110011001100110011001100110011001100110011001100110011001100110011000
1011101110111011101110111011101110111011101110111011101110111011101111
0001100110011001100110011001100110011001100110011001100110011001100110
1110111011101110111011101110111011101110111011101110111011101110111010
0110011001100110011001100110011001100110011001100110011001100110011000
1011101110111011101110111011101110111011101110111011101110111011101111
0001100110011001100110011001100110011001100110011001100110011001100110
1110111011101110111011101110111011101110111011101110111011101110111010
0110011001100110011001100110011001100110011001100110011001100110011000
1011101110111011101110111011101110111011101110111011101110111011101111
0001100110011001100110011001100110011001100110011001100110011001100110
1110111011101110111011101110111011101110111011101110111011101110111010
0110011001100110011001100110011001100110011001100110011001100110011000
1011101110111011101110111011101110111011101110111011101110111011101111
0001100110011001100110011001100110011001100110011001100110011001100110
1110111011101110111011101110111011101110111011101110111011101110111010
0110011001100110011001100110011001100110011001100110011001100110011000
1011101110111011101110111011101110111011101110111011101110111011101111
0001100110011001100110011001100110011001100110011001100110011001100110
1110111011101110111011101110111011101110111011101110111011101110111010
0110011001100110011001100110011001100110011001100110011001100110011000
1011101110111011101110111011101110111011101110111011101110111011101111
0001100110011001100110011001100110011001100110011001100110011001100110
1110111011101110111011101110111011101110111011101110111011101110111010
0110011001100110011001100110011001100110011001100110011001100110011000
1011101110111011101110111011101110111011101110111011101110111011101111
0001100110011001100110011001100110011001100110011001100110011001100110
1110111011101110111011101110111011101110111011101110111011101110111010
0110011001100110011001100110011001100110011001100110011001100110011000
1011101110111011101110111011101110111011101110111011101110111011101111
0001100110011001100110011001100110011001100110011001100110011001100110
1110111011101110111011101110111011101110111011101110111011101110111010
0110011001100110011001100110011001100110011001100110011001100110011000
1011101110111011101110111011101110111011101110111011101110111011101111
0001100110011001100110011001100110011001100110011001100110011001100110
1110111011101110111011101110111011101110111011101110111011101110111010
0110011001100110011001100110011001100110011001100110011001100110011000
1011101110111011101110111011101110111011101110111011101110111011101111
0001100110011001100110011001100110011001100110011001100110011001100110
1110111011101110111011101110111011101110111011101110111011101110111010
0110011001100110011001100110011001100110011001100110011001100110011000
1011101110111011101110111011101110111011101110111011101110111011101111
0001100110011001100110011001100110011001100110011001100110011001100110
1110111011101110111011101110111011101110111011101110111011101110111010
0110011001100110011001100110011001100110011001100110011001100110011000
1011101110111011101110111011101110111011101110111011101110111011101111
0001100110011001100110011001100110011001100110011001100110011001100110
1110111011101110111011101110111011101110111011101110111011101110111010
0110011001100110011001100110011001100110011001100110011001100110011000
1011101110111011101110111011101110111011101110111011101110111011101111
0001100110011001100110011001100110011001100110011001100110011001100110
1110111011101110111011101110111011101110111011101110111011101110111010
0110011001100110011001100110011001100110011001100110011001100110011000
1011101110111011101110111011101110111011101110111011101110111011101111
0001100110011001100110011001100110011001100110011001100110011001100110
1110111011101110111011101110111011101110111011101110111011101110111010
0110011001100110011001100110011001100110011001100110011001100110011000
1011101110111011101110111011101110111011101110111011101110111011101111
0001100110011001100110011001100110011001100110011001100110011001100110
1110111011101110111011101110111011101110111011101110111011101110111010
0110011001100110011001100110011001100110011001100110011001100110011000
1011101110111011101110111011101110111011101110111011101110111011101111
0001100110011001100110011001100110011001100110011001100110011001100110
1110111011101110111011101110111011101110111011101110111011101110111010
0110011001100110011001100110011001100110011001100110011001100110011000
1011101110111011101110111011101110111011101110111011101110111011101111
0001100110011001100110011001100110011001100110011001100110011001100110
1110111011101110111011101110111011101110111011101110111011101110111010
0110011001100110011001100110011001100110011001100110011001100110011000
1011101110111011101110111011101110111011101110111011101110111011101111
0001100110011001100110011001100110011001100110011001100110011001100110
1110111011101110111011101110111011101110111011101110111011101110111010
0110011001100110011001100110011001100110011001100110011001100110011000
1011101110111011101110111011101110111011101110111011101110111011101111
0001100110011001100110011001100110011001100110011001100110011001100110
1110111011101110111011101110111011101110111011101110111011101110111010
0110011001100110011001100110011001100110011001100110011001100110011000
1011101110111011101110111011101110111011101110111011101110111011101111
0001100110011001100110011001100110011001100110011001100110011001100110
1110111011101110111011101110111011101110111011101110111011101110111010
0110011001100110011001100110011001100110011001100110011001100110011000
1011101110111011101110111011101110111011101110111011101110111011101111
0001100110011001100110011001100110011001100110011001100110011001100110
1110111011101110111011101110111011101110111011101110111011101110111010
0110011001100110011001100110011001100110011001100110011001100110011000
1011101110111011101110111011101110111011101110111011101110111011101111
0001100110011001100110011001100110011001100110011001100110011001100110
1110111011101110111011101110111011101110111011101110111011101110111010
0110011001100110011001100110011001100110011001100110011001100110011000
1011101110111011101110111011101110111011101110111011101110111011101111
0001100110011001100110011001100110011001100110011001100110011001100110
1110111011101110111011101110111011101110111011101110111011101110111010
0110011001100110011001100110011001100110011001100110011001100110011000
1011101110111011101110111011101110111011101110111011101110111011101111
0001100110011001100110011001100110011001100110011001100110011001100110
1110111011101110111011101110111011101110111011101110111011101110111010
0110011001100110011001100110011001100110011001100110011001100110011000
1011101110111011101110111011101110111011101110111011101110111011101111
0001100110011001100110011001100110011001100110011001100110011001100110
1110111011101110111011101110111011101110111011101110111011101110111010
0110011001100110011001100110011001100110011001100110011001100110011000
1011101110111011101110111011101110111011101110111011101110111011101111
0001100110011001100110011001100110011001100110011001100110011001100110
1110111011101110111011101110111011101110111011101110111011101110111010
0110011001100110011001100110011001100110011001100110011001100110011000
1011101110111011101110111011101110111011101110111011101110111011101111
0001100110011001100110011001100110011001100110011001100110011001100110
1110111011101110111011101110111011101110111011101110111011101110111010
0110011001100110011001100110011001100110011001100110011001100110011000
1011101110111011101110111011101110111011101110111011101110111011101111
0001100110011001100110011001100110011001100110011001100110011001100110
1110111011101110111011101110111011101110111011101110111011101110111010
0110011001100110011001100110011001100110011001100110011001100110011000
1011101110111011101110111011101110111011101110111011101110111011101111
0001100110011001100110011001100110011001100110011001100110011001100110
1110111011101110111011101110111011101110111011101110111011101110111010
0110011001100110011001100110011001100110011001100110011001100110011000
