0011001100110011001100110011001100110011001100110011001100110011001100
0001100110011001100110011001100110011001100110011001100110011001100110
0000110011001100110011001100110011001100110011001100110011001100110011
0000011001100110011001100110011001100110011001100110011001100110011000
0000001100110011001100110011001100110011001100110011001100110011001100
0000000110011001100110011001100110011001100110011001100110011001100110
0000000011001100110011001100110011001100110011001100110011001100110011
0000000001100110011001100110011001100110011001100110011001100110011000
0000000000110011001100110011001100110011001100110011001100110011001100
0000000000011001100110011001100110011001100110011001100110011001100110
0000000000001100110011001100110011001100110011001100110011001100110011
0000000000000110011001100110011001100110011001100110011001100110011000
0000000000000011001100110011001100110011001100110011001100110011001100
0000000000000001100110011001100110011001100110011001100110011001100110
0000000000000000110011001100110011001100110011001100110011001100110011
0000000000000000011001100110011001100110011001100110011001100110011000
0000000000000000001100110011001100110011001100110011001100110011001100
0000000000000000000110011001100110011001100110011001100110011001100110
0000000000000000000011001100110011001100110011001100110011001100110011
0000000000000000000001100110011001100110011001100110011001100110011000
0000000000000000000000110011001100110011001100110011001100110011001100
0000000000000000000000011001100110011001100110011001100110011001100110
0000000000000000000000001100110011001100110011001100110011001100110011
0000000000000000000000000110011001100110011001100110011001100110011000
0000000000000000000000000011001100110011001100110011001100110011001100
0000000000000000000000000001100110011001100110011001100110011001100110
0000000000000000000000000000110011001100110011001100110011001100110011
0000000000000000000000000000011001100110011001100110011001100110011000
0000000000000000000000000000001100110011001100110011001100110011001100
0000000000000000000000000000000110011001100110011001100110011001100110
0000000000000000000000000000000011001100110011001100110011001100110011
0000000000000000000000000000000001100110011001100110011001100110011000
0000000000000000000000000000000000110011001100110011001100110011001100
0000000000000000000000000000000000011001100110011001100110011001100110
0000000000000000000000000000000000001100110011001100110011001100110011
0000000000000000000000000000000000000110011001100110011001100110011000
0000000000000000000000000000000000000011001100110011001100110011001100
0000000000000000000000000000000000000001100110011001100110011001100110
0000000000000000000000000000000000000000110011001100110011001100110011
0000000000000000000000000000000000000000011001100110011001100110011000
0000000000000000000000000000000000000000001100110011001100110011001100
0000000000000000000000000000000000000000000110011001100110011001100110
0000000000000000000000000000000000000000000011001100110011001100110011
0000000000000000000000000000000000000000000001100110011001100110011000
0000000000000000000000000000000000000000000000110011001100110011001100
0000000000000000000000000000000000000000000000011001100110011001100110
0000000000000000000000000000000000000000000000001100110011001100110011
0000000000000000000000000000000000000000000000000110011001100110011000
0000000000000000000000000000000000000000000000000011001100110011001100
0000000000000000000000000000000000000000000000000001100110011001100110
0000000000000000000000000000000000000000000000000000110011001100110011
0000000000000000000000000000000000000000000000000000011001100110011000
0000000000000000000000000000000000000000000000000000001100110011001100
0000000000000000000000000000000000000000000000000000000110011001100110
0000000000000000000000000000000000000000000000000000000011001100110011
0000000000000000000000000000000000000000000000000000000001100110011000
0000000000000000000000000000000000000000000000000000000000110011001100
0000000000000000000000000000000000000000000000000000000000011001100110
0000000000000000000000000000000000000000000000000000000000001100110011
0000000000000000000000000000000000000000000000000000000000000110011000
0000000000000000000000000000000000000000000000000000000000000011001100
0000000000000000000000000000000000000000000000000000000000000001100110
0000000000000000000000000000000000000000000000000000000000000000110011
0000000000000000000000000000000000000000000000000000000000000000011000
0000000000000000000000000000000000000000000000000000000000000000001100
0000000000000000000000000000000000000000000000000000000000000000000110
0000000000000000000000000000000000000000000000000000000000000000000011
0000000000000000000000000000000000000000000000000000000000000000000000
0000000000000000000000000000000000000000000000000000000000000000000000
0000000000000000000000000000000000000000000000000000000000000000000000
0000000000000000000000000000000000000000000000000000000000000000000000
0000000000000000000000000000000000000000000000000000000000000000000000
0000000000000000000000000000000000000000000000000000000000000000000000
0000000000000000000000000000000000000000000000000000000000000000000000
0000000000000000000000000000000000000000000000000000000000000000000000
0000000000000000000000000000000000000000000000000000000000000000000000
0000000000000000000000000000000000000000000000000000000000000000000000
0000000000000000000000000000000000000000000000000000000000000000000000
0000000000000000000000000000000000000000000000000000000000000000000000
0000000000000000000000000000000000000000000000000000000000000000000000
0000000000000000000000000000000000000000000000000000000000000000000000
0000000000000000000000000000000000000000000000000000000000000000000000
0000000000000000000000000000000000000000000000000000000000000000000000
0000000000000000000000000000000000000000000000000000000000000000000000
0000000000000000000000000000000000000000000000000000000000000000000000
0000000000000000000000000000000000000000000000000000000000000000000000
0000000000000000000000000000000000000000000000000000000000000000000000
0000000000000000000000000000000000000000000000000000000000000000000000
0000000000000000000000000000000000000000000000000000000000000000000000
0000000000000000000000000000000000000000000000000000000000000000000000
0000000000000000000000000000000000000000000000000000000000000000000000
0000000000000000000000000000000000000000000000000000000000000000000000
0000000000000000000000000000000000000000000000000000000000000000000000
0000000000000000000000000000000000000000000000000000000000000000000000
0000000000000000000000000000000000000000000000000000000000000000000000
0000000000000000000000000000000000000000000000000000000000000000000000
0000000000000000000000000000000000000000000000000000000000000000000000
0000000000000000000000000000000000000000000000000000000000000000000000
0000000000000000000000000000000000000000000000000000000000000000000000
0000000000000000000000000000000000000000000000000000000000000000000000
0000000000000000000000000000000000000000000000000000000000000000000000
0000000000000000000000000000000000000000000000000000000000000000000000
0000000000000000000000000000000000000000000000000000000000000000000000
0000000000000000000000000000000000000000000000000000000000000000000000
0000000000000000000000000000000000000000000000000000000000000000000000
0000000000000000000000000000000000000000000000000000000000000000000000
0000000000000000000000000000000000000000000000000000000000000000000000
0000000000000000000000000000000000000000000000000000000000000000000000
0000000000000000000000000000000000000000000000000000000000000000000000
0000000000000000000000000000000000000000000000000000000000000000000000
0000000000000000000000000000000000000000000000000000000000000000000000
0000000000000000000000000000000000000000000000000000000000000000000000
0000000000000000000000000000000000000000000000000000000000000000000000
0000000000000000000000000000000000000000000000000000000000000000000000
0000000000000000000000000000000000000000000000000000000000000000000000
0000000000000000000000000000000000000000000000000000000000000000000000
0000000000000000000000000000000000000000000000000000000000000000000000
0000000000000000000000000000000000000000000000000000000000000000000000
0000000000000000000000000000000000000000000000000000000000000000000000
0000000000000000000000000000000000000000000000000000000000000000000000
0000000000000000000000000000000000000000000000000000000000000000000000
0000000000000000000000000000000000000000000000000000000000000000000000
0000000000000000000000000000000000000000000000000000000000000000000000
0000000000000000000000000000000000000000000000000000000000000000000000
0000000000000000000000000000000000000000000000000000000000000000000000
0000000000000000000000000000000000000000000000000000000000000000000000
0000000000000000000000000000000000000000000000000000000000000000000000
0000000000000000000000000000000000000000000000000000000000000000000000
0000000000000000000000000000000000000000000000000000000000000000000000
0000000000000000000000000000000000000000000000000000000000000000000000
0000000000000000000000000000000000000000000000000000000000000000000000
0000000000000000000000000000000000000000000000000000000000000000000000
0000000000000000000000000000000000000000000000000000000000000000000000
0000000000000000000000000000000000000000000000000000000000000000000000
0000000000000000000000000000000000000000000000000000000000000000000000
0000000000000000000000000000000000000000000000000000000000000000000000
0000000000000000000000000000000000000000000000000000000000000000000000
0000000000000000000000000000000000000000000000000000000000000000000000
0000000000000000000000000000000000000000000000000000000000000000000000
0000000000000000000000000000000000000000000000000000000000000000000000
0000000000000000000000000000000000000000000000000000000000000000000000
0000000000000000000000000000000000000000000000000000000000000000000000
0000000000000000000000000000000000000000000000000000000000000000000000
0000000000000000000000000000000000000000000000000000000000000000000000
0000000000000000000000000000000000000000000000000000000000000000000000
0000000000000000000000000000000000000000000000000000000000000000000000
0000000000000000000000000000000000000000000000000000000000000000000000
0000000000000000000000000000000000000000000000000000000000000000000000
0000000000000000000000000000000000000000000000000000000000000000000000
0000000000000000000000000000000000000000000000000000000000000000000000
0000000000000000000000000000000000000000000000000000000000000000000000
0000000000000000000000000000000000000000000000000000000000000000000000
0000000000000000000000000000000000000000000000000000000000000000000000
0000000000000000000000000000000000000000000000000000000000000000000000
0000000000000000000000000000000000000000000000000000000000000000000000
0000000000000000000000000000000000000000000000000000000000000000000000
0000000000000000000000000000000000000000000000000000000000000000000000
0000000000000000000000000000000000000000000000000000000000000000000000
0000000000000000000000000000000000000000000000000000000000000000000000
0000000000000000000000000000000000000000000000000000000000000000000000
0000000000000000000000000000000000000000000000000000000000000000000000
0000000000000000000000000000000000000000000000000000000000000000000000
0000000000000000000000000000000000000000000000000000000000000000000000
0000000000000000000000000000000000000000000000000000000000000000000000
0000000000000000000000000000000000000000000000000000000000000000000000
0000000000000000000000000000000000000000000000000000000000000000000000
0000000000000000000000000000000000000000000000000000000000000000000000
0000000000000000000000000000000000000000000000000000000000000000000000
0000000000000000000000000000000000000000000000000000000000000000000000
0000000000000000000000000000000000000000000000000000000000000000000000
0000000000000000000000000000000000000000000000000000000000000000000000
0000000000000000000000000000000000000000000000000000000000000000000000
0000000000000000000000000000000000000000000000000000000000000000000000
0000000000000000000000000000000000000000000000000000000000000000000000
0000000000000000000000000000000000000000000000000000000000000000000000
0000000000000000000000000000000000000000000000000000000000000000000000
0000000000000000000000000000000000000000000000000000000000000000000000
0000000000000000000000000000000000000000000000000000000000000000000000
0000000000000000000000000000000000000000000000000000000000000000000000
0000000000000000000000000000000000000000000000000000000000000000000000
0000000000000000000000000000000000000000000000000000000000000000000000
0000000000000000000000000000000000000000000000000000000000000000000000
0000000000000000000000000000000000000000000000000000000000000000000000
0000000000000000000000000000000000000000000000000000000000000000000000
0000000000000000000000000000000000000000000000000000000000000000000000
0000000000000000000000000000000000000000000000000000000000000000000000
0000000000000000000000000000000000000000000000000000000000000000000000
0000000000000000000000000000000000000000000000000000000000000000000000
0000000000000000000000000000000000000000000000000000000000000000000000
0000000000000000000000000000000000000000000000000000000000000000000000
0000000000000000000000000000000000000000000000000000000000000000000000
0000000000000000000000000000000000000000000000000000000000000000000000
0000000000000000000000000000000000000000000000000000000000000000000000
0000000000000000000000000000000000000000000000000000000000000000000000
0000000000000000000000000000000000000000000000000000000000000000000000
0000000000000000000000000000000000000000000000000000000000000000000000
0000000000000000000000000000000000000000000000000000000000000000000000
0000000000000000000000000000000000000000000000000000000000000000000000
0000000000000000000000000000000000000000000000000000000000000000000000
0000000000000000000000000000000000000000000000000000000000000000000000
0000000000000000000000000000000000000000000000000000000000000000000000
0000000000000000000000000000000000000000000000000000000000000000000000
0000000000000000000000000000000000000000000000000000000000000000000000
0000000000000000000000000000000000000000000000000000000000000000000000
0000000000000000000000000000000000000000000000000000000000000000000000
0000000000000000000000000000000000000000000000000000000000000000000000
0000000000000000000000000000000000000000000000000000000000000000000000
0000000000000000000000000000000000000000000000000000000000000000000000
0000000000000000000000000000000000000000000000000000000000000000000000
0000000000000000000000000000000000000000000000000000000000000000000000
