0110010110010110010110010110010110010110010110010110010110010110010111
1010111010111010111010111010111010111010111010111010111010111010111010
1111011111011111011111011111011111011111011111011111011111011111011111
0111101111101111101111101111101111101111101111101111101111101111101110
1011110111110111110111110111110111110111110111110111110111110111110111
1101111011111011111011111011111011111011111011111011111011111011111010
0110111101111101111101111101111101111101111101111101111101111101111111
1011011110111110111110111110111110111110111110111110111110111110111110
1101101111011111011111011111011111011111011111011111011111011111011111
0110110111101111101111101111101111101111101111101111101111101111101110
1011011011110111110111110111110111110111110111110111110111110111110111
1101101101111011111011111011111011111011111011111011111011111011111010
0110110110111101111101111101111101111101111101111101111101111101111111
1011011011011110111110111110111110111110111110111110111110111110111110
1101101101101111011111011111011111011111011111011111011111011111011111
0110110110110111101111101111101111101111101111101111101111101111101110
1011011011011011110111110111110111110111110111110111110111110111110111
1101101101101101111011111011111011111011111011111011111011111011111010
0110110110110110111101111101111101111101111101111101111101111101111111
1011011011011011011110111110111110111110111110111110111110111110111110
1101101101101101101111011111011111011111011111011111011111011111011111
0110110110110110110111101111101111101111101111101111101111101111101110
1011011011011011011011110111110111110111110111110111110111110111110111
1101101101101101101101111011111011111011111011111011111011111011111010
0110110110110110110110111101111101111101111101111101111101111101111111
1011011011011011011011011110111110111110111110111110111110111110111110
1101101101101101101101101111011111011111011111011111011111011111011111
0110110110110110110110110111101111101111101111101111101111101111101110
1011011011011011011011011011110111110111110111110111110111110111110111
1101101101101101101101101101111011111011111011111011111011111011111010
0110110110110110110110110110111101111101111101111101111101111101111111
1011011011011011011011011011011110111110111110111110111110111110111110
1101101101101101101101101101101111011111011111011111011111011111011111
0110110110110110110110110110110111101111101111101111101111101111101110
1011011011011011011011011011011011110111110111110111110111110111110111
1101101101101101101101101101101101111011111011111011111011111011111010
0110110110110110110110110110110110111101111101111101111101111101111111
1011011011011011011011011011011011011110111110111110111110111110111110
1101101101101101101101101101101101101111011111011111011111011111011111
0110110110110110110110110110110110110111101111101111101111101111101110
1011011011011011011011011011011011011011110111110111110111110111110111
1101101101101101101101101101101101101101111011111011111011111011111010
0110110110110110110110110110110110110110111101111101111101111101111111
1011011011011011011011011011011011011011011110111110111110111110111110
1101101101101101101101101101101101101101101111011111011111011111011111
0110110110110110110110110110110110110110110111101111101111101111101110
1011011011011011011011011011011011011011011011110111110111110111110111
1101101101101101101101101101101101101101101101111011111011111011111010
0110110110110110110110110110110110110110110110111101111101111101111111
1011011011011011011011011011011011011011011011011110111110111110111110
1101101101101101101101101101101101101101101101101111011111011111011111
0110110110110110110110110110110110110110110110110111101111101111101110
1011011011011011011011011011011011011011011011011011110111110111110111
1101101101101101101101101101101101101101101101101101111011111011111010
0110110110110110110110110110110110110110110110110110111101111101111111
1011011011011011011011011011011011011011011011011011011110111110111110
1101101101101101101101101101101101101101101101101101101111011111011111
0110110110110110110110110110110110110110110110110110110111101111101110
1011011011011011011011011011011011011011011011011011011011110111110111
1101101101101101101101101101101101101101101101101101101101111011111010
0110110110110110110110110110110110110110110110110110110110111101111111
1011011011011011011011011011011011011011011011011011011011011110111110
1101101101101101101101101101101101101101101101101101101101101111011111
0110110110110110110110110110110110110110110110110110110110110111101110
1011011011011011011011011011011011011011011011011011011011011011110111
1101101101101101101101101101101101101101101101101101101101101101111010
0110110110110110110110110110110110110110110110110110110110110110111111
1011011011011011011011011011011011011011011011011011011011011011011110
1101101101101101101101101101101101101101101101101101101101101101101111
0110110110110110110110110110110110110110110110110110110110110110110110
1011011011011011011011011011011011011011011011011011011011011011011011
1101101101101101101101101101101101101101101101101101101101101101101100
0110110110110110110110110110110110110110110110110110110110110110110100
1011011011011011011011011011011011011011011011011011011011011011011100
1101101101101101101101101101101101101101101101101101101101101101101100
0110110110110110110110110110110110110110110110110110110110110110110100
1011011011011011011011011011011011011011011011011011011011011011011100
1101101101101101101101101101101101101101101101101101101101101101101100
0110110110110110110110110110110110110110110110110110110110110110110100
1011011011011011011011011011011011011011011011011011011011011011011100
1101101101101101101101101101101101101101101101101101101101101101101100
0110110110110110110110110110110110110110110110110110110110110110110100
1011011011011011011011011011011011011011011011011011011011011011011100
1101101101101101101101101101101101101101101101101101101101101101101100
0110110110110110110110110110110110110110110110110110110110110110110100
1011011011011011011011011011011011011011011011011011011011011011011100
1101101101101101101101101101101101101101101101101101101101101101101100
0110110110110110110110110110110110110110110110110110110110110110110100
1011011011011011011011011011011011011011011011011011011011011011011100
1101101101101101101101101101101101101101101101101101101101101101101100
0110110110110110110110110110110110110110110110110110110110110110110100
1011011011011011011011011011011011011011011011011011011011011011011100
1101101101101101101101101101101101101101101101101101101101101101101100
0110110110110110110110110110110110110110110110110110110110110110110100
1011011011011011011011011011011011011011011011011011011011011011011100
1101101101101101101101101101101101101101101101101101101101101101101100
0110110110110110110110110110110110110110110110110110110110110110110100
1011011011011011011011011011011011011011011011011011011011011011011100
1101101101101101101101101101101101101101101101101101101101101101101100
0110110110110110110110110110110110110110110110110110110110110110110100
1011011011011011011011011011011011011011011011011011011011011011011100
1101101101101101101101101101101101101101101101101101101101101101101100
0110110110110110110110110110110110110110110110110110110110110110110100
1011011011011011011011011011011011011011011011011011011011011011011100
1101101101101101101101101101101101101101101101101101101101101101101100
0110110110110110110110110110110110110110110110110110110110110110110100
1011011011011011011011011011011011011011011011011011011011011011011100
1101101101101101101101101101101101101101101101101101101101101101101100
0110110110110110110110110110110110110110110110110110110110110110110100
1011011011011011011011011011011011011011011011011011011011011011011100
1101101101101101101101101101101101101101101101101101101101101101101100
0110110110110110110110110110110110110110110110110110110110110110110100
1011011011011011011011011011011011011011011011011011011011011011011100
1101101101101101101101101101101101101101101101101101101101101101101100
0110110110110110110110110110110110110110110110110110110110110110110100
1011011011011011011011011011011011011011011011011011011011011011011100
1101101101101101101101101101101101101101101101101101101101101101101100
0110110110110110110110110110110110110110110110110110110110110110110100
1011011011011011011011011011011011011011011011011011011011011011011100
1101101101101101101101101101101101101101101101101101101101101101101100
0110110110110110110110110110110110110110110110110110110110110110110100
1011011011011011011011011011011011011011011011011011011011011011011100
1101101101101101101101101101101101101101101101101101101101101101101100
0110110110110110110110110110110110110110110110110110110110110110110100
1011011011011011011011011011011011011011011011011011011011011011011100
1101101101101101101101101101101101101101101101101101101101101101101100
0110110110110110110110110110110110110110110110110110110110110110110100
1011011011011011011011011011011011011011011011011011011011011011011100
1101101101101101101101101101101101101101101101101101101101101101101100
0110110110110110110110110110110110110110110110110110110110110110110100
1011011011011011011011011011011011011011011011011011011011011011011100
1101101101101101101101101101101101101101101101101101101101101101101100
0110110110110110110110110110110110110110110110110110110110110110110100
1011011011011011011011011011011011011011011011011011011011011011011100
1101101101101101101101101101101101101101101101101101101101101101101100
0110110110110110110110110110110110110110110110110110110110110110110100
1011011011011011011011011011011011011011011011011011011011011011011100
1101101101101101101101101101101101101101101101101101101101101101101100
0110110110110110110110110110110110110110110110110110110110110110110100
1011011011011011011011011011011011011011011011011011011011011011011100
1101101101101101101101101101101101101101101101101101101101101101101100
0110110110110110110110110110110110110110110110110110110110110110110100
1011011011011011011011011011011011011011011011011011011011011011011100
1101101101101101101101101101101101101101101101101101101101101101101100
0110110110110110110110110110110110110110110110110110110110110110110100
1011011011011011011011011011011011011011011011011011011011011011011100
1101101101101101101101101101101101101101101101101101101101101101101100
0110110110110110110110110110110110110110110110110110110110110110110100
1011011011011011011011011011011011011011011011011011011011011011011100
1101101101101101101101101101101101101101101101101101101101101101101100
0110110110110110110110110110110110110110110110110110110110110110110100
1011011011011011011011011011011011011011011011011011011011011011011100
1101101101101101101101101101101101101101101101101101101101101101101100
0110110110110110110110110110110110110110110110110110110110110110110100
1011011011011011011011011011011011011011011011011011011011011011011100
1101101101101101101101101101101101101101101101101101101101101101101100
0110110110110110110110110110110110110110110110110110110110110110110100
1011011011011011011011011011011011011011011011011011011011011011011100
1101101101101101101101101101101101101101101101101101101101101101101100
0110110110110110110110110110110110110110110110110110110110110110110100
1011011011011011011011011011011011011011011011011011011011011011011100
1101101101101101101101101101101101101101101101101101101101101101101100
0110110110110110110110110110110110110110110110110110110110110110110100
1011011011011011011011011011011011011011011011011011011011011011011100
1101101101101101101101101101101101101101101101101101101101101101101100
0110110110110110110110110110110110110110110110110110110110110110110100
1011011011011011011011011011011011011011011011011011011011011011011100
1101101101101101101101101101101101101101101101101101101101101101101100
0110110110110110110110110110110110110110110110110110110110110110110100
1011011011011011011011011011011011011011011011011011011011011011011100
1101101101101101101101101101101101101101101101101101101101101101101100
0110110110110110110110110110110110110110110110110110110110110110110100
1011011011011011011011011011011011011011011011011011011011011011011100
1101101101101101101101101101101101101101101101101101101101101101101100
0110110110110110110110110110110110110110110110110110110110110110110100
1011011011011011011011011011011011011011011011011011011011011011011100
1101101101101101101101101101101101101101101101101101101101101101101100
0110110110110110110110110110110110110110110110110110110110110110110100
1011011011011011011011011011011011011011011011011011011011011011011100
1101101101101101101101101101101101101101101101101101101101101101101100
0110110110110110110110110110110110110110110110110110110110110110110100
1011011011011011011011011011011011011011011011011011011011011011011100
1101101101101101101101101101101101101101101101101101101101101101101100
0110110110110110110110110110110110110110110110110110110110110110110100
1011011011011011011011011011011011011011011011011011011011011011011100
1101101101101101101101101101101101101101101101101101101101101101101100
0110110110110110110110110110110110110110110110110110110110110110110100
1011011011011011011011011011011011011011011011011011011011011011011100
1101101101101101101101101101101101101101101101101101101101101101101100
0110110110110110110110110110110110110110110110110110110110110110110100
1011011011011011011011011011011011011011011011011011011011011011011100
1101101101101101101101101101101101101101101101101101101101101101101100
0110110110110110110110110110110110110110110110110110110110110110110100
1011011011011011011011011011011011011011011011011011011011011011011100
1101101101101101101101101101101101101101101101101101101101101101101100
0110110110110110110110110110110110110110110110110110110110110110110100
1011011011011011011011011011011011011011011011011011011011011011011100
1101101101101101101101101101101101101101101101101101101101101101101100
0110110110110110110110110110110110110110110110110110110110110110110100
1011011011011011011011011011011011011011011011011011011011011011011100
1101101101101101101101101101101101101101101101101101101101101101101100
0110110110110110110110110110110110110110110110110110110110110110110100
1011011011011011011011011011011011011011011011011011011011011011011100
1101101101101101101101101101101101101101101101101101101101101101101100
0110110110110110110110110110110110110110110110110110110110110110110100
1011011011011011011011011011011011011011011011011011011011011011011100
1101101101101101101101101101101101101101101101101101101101101101101100
0110110110110110110110110110110110110110110110110110110110110110110100
1011011011011011011011011011011011011011011011011011011011011011011100
1101101101101101101101101101101101101101101101101101101101101101101100
