1111111111111111111111111111111111111111111111111111111111111111111100
0111111111111111111111111111111111111111111111111111111111111111111110
0011111111111111111111111111111111111111111111111111111111111111111111
0001111111111111111111111111111111111111111111111111111111111111111110
0000111111111111111111111111111111111111111111111111111111111111111111
0000011111111111111111111111111111111111111111111111111111111111111110
0000001111111111111111111111111111111111111111111111111111111111111111
0000000111111111111111111111111111111111111111111111111111111111111110
0000000011111111111111111111111111111111111111111111111111111111111111
0000000001111111111111111111111111111111111111111111111111111111111110
0000000000111111111111111111111111111111111111111111111111111111111111
0000000000011111111111111111111111111111111111111111111111111111111110
0000000000001111111111111111111111111111111111111111111111111111111111
0000000000000111111111111111111111111111111111111111111111111111111110
0000000000000011111111111111111111111111111111111111111111111111111111
0000000000000001111111111111111111111111111111111111111111111111111110
0000000000000000111111111111111111111111111111111111111111111111111111
0000000000000000011111111111111111111111111111111111111111111111111110
0000000000000000001111111111111111111111111111111111111111111111111111
0000000000000000000111111111111111111111111111111111111111111111111110
0000000000000000000011111111111111111111111111111111111111111111111111
0000000000000000000001111111111111111111111111111111111111111111111110
0000000000000000000000111111111111111111111111111111111111111111111111
0000000000000000000000011111111111111111111111111111111111111111111110
0000000000000000000000001111111111111111111111111111111111111111111111
0000000000000000000000000111111111111111111111111111111111111111111110
0000000000000000000000000011111111111111111111111111111111111111111111
0000000000000000000000000001111111111111111111111111111111111111111110
0000000000000000000000000000111111111111111111111111111111111111111111
0000000000000000000000000000011111111111111111111111111111111111111110
0000000000000000000000000000001111111111111111111111111111111111111111
0000000000000000000000000000000111111111111111111111111111111111111110
0000000000000000000000000000000011111111111111111111111111111111111111
0000000000000000000000000000000001111111111111111111111111111111111110
0000000000000000000000000000000000111111111111111111111111111111111111
0000000000000000000000000000000000011111111111111111111111111111111110
0000000000000000000000000000000000001111111111111111111111111111111111
0000000000000000000000000000000000000111111111111111111111111111111110
0000000000000000000000000000000000000011111111111111111111111111111111
0000000000000000000000000000000000000001111111111111111111111111111110
0000000000000000000000000000000000000000111111111111111111111111111111
0000000000000000000000000000000000000000011111111111111111111111111110
0000000000000000000000000000000000000000001111111111111111111111111111
0000000000000000000000000000000000000000000111111111111111111111111110
0000000000000000000000000000000000000000000011111111111111111111111111
0000000000000000000000000000000000000000000001111111111111111111111110
0000000000000000000000000000000000000000000000111111111111111111111111
0000000000000000000000000000000000000000000000011111111111111111111110
0000000000000000000000000000000000000000000000001111111111111111111111
0000000000000000000000000000000000000000000000000111111111111111111110
0000000000000000000000000000000000000000000000000011111111111111111111
0000000000000000000000000000000000000000000000000001111111111111111110
0000000000000000000000000000000000000000000000000000111111111111111111
0000000000000000000000000000000000000000000000000000011111111111111110
0000000000000000000000000000000000000000000000000000001111111111111111
0000000000000000000000000000000000000000000000000000000111111111111110
0000000000000000000000000000000000000000000000000000000011111111111111
0000000000000000000000000000000000000000000000000000000001111111111110
0000000000000000000000000000000000000000000000000000000000111111111111
0000000000000000000000000000000000000000000000000000000000011111111110
0000000000000000000000000000000000000000000000000000000000001111111111
0000000000000000000000000000000000000000000000000000000000000111111110
0000000000000000000000000000000000000000000000000000000000000011111111
0000000000000000000000000000000000000000000000000000000000000001111110
0000000000000000000000000000000000000000000000000000000000000000111111
0000000000000000000000000000000000000000000000000000000000000000011110
0000000000000000000000000000000000000000000000000000000000000000001111
0000000000000000000000000000000000000000000000000000000000000000000110
0000000000000000000000000000000000000000000000000000000000000000000011
0000000000000000000000000000000000000000000000000000000000000000000000
0000000000000000000000000000000000000000000000000000000000000000000000
0000000000000000000000000000000000000000000000000000000000000000000000
0000000000000000000000000000000000000000000000000000000000000000000000
0000000000000000000000000000000000000000000000000000000000000000000000
0000000000000000000000000000000000000000000000000000000000000000000000
0000000000000000000000000000000000000000000000000000000000000000000000
0000000000000000000000000000000000000000000000000000000000000000000000
0000000000000000000000000000000000000000000000000000000000000000000000
0000000000000000000000000000000000000000000000000000000000000000000000
0000000000000000000000000000000000000000000000000000000000000000000000
0000000000000000000000000000000000000000000000000000000000000000000000
0000000000000000000000000000000000000000000000000000000000000000000000
0000000000000000000000000000000000000000000000000000000000000000000000
0000000000000000000000000000000000000000000000000000000000000000000000
0000000000000000000000000000000000000000000000000000000000000000000000
0000000000000000000000000000000000000000000000000000000000000000000000
0000000000000000000000000000000000000000000000000000000000000000000000
0000000000000000000000000000000000000000000000000000000000000000000000
0000000000000000000000000000000000000000000000000000000000000000000000
0000000000000000000000000000000000000000000000000000000000000000000000
0000000000000000000000000000000000000000000000000000000000000000000000
0000000000000000000000000000000000000000000000000000000000000000000000
0000000000000000000000000000000000000000000000000000000000000000000000
0000000000000000000000000000000000000000000000000000000000000000000000
0000000000000000000000000000000000000000000000000000000000000000000000
0000000000000000000000000000000000000000000000000000000000000000000000
0000000000000000000000000000000000000000000000000000000000000000000000
0000000000000000000000000000000000000000000000000000000000000000000000
0000000000000000000000000000000000000000000000000000000000000000000000
0000000000000000000000000000000000000000000000000000000000000000000000
0000000000000000000000000000000000000000000000000000000000000000000000
0000000000000000000000000000000000000000000000000000000000000000000000
0000000000000000000000000000000000000000000000000000000000000000000000
0000000000000000000000000000000000000000000000000000000000000000000000
0000000000000000000000000000000000000000000000000000000000000000000000
0000000000000000000000000000000000000000000000000000000000000000000000
0000000000000000000000000000000000000000000000000000000000000000000000
0000000000000000000000000000000000000000000000000000000000000000000000
0000000000000000000000000000000000000000000000000000000000000000000000
0000000000000000000000000000000000000000000000000000000000000000000000
0000000000000000000000000000000000000000000000000000000000000000000000
0000000000000000000000000000000000000000000000000000000000000000000000
0000000000000000000000000000000000000000000000000000000000000000000000
0000000000000000000000000000000000000000000000000000000000000000000000
0000000000000000000000000000000000000000000000000000000000000000000000
0000000000000000000000000000000000000000000000000000000000000000000000
0000000000000000000000000000000000000000000000000000000000000000000000
0000000000000000000000000000000000000000000000000000000000000000000000
0000000000000000000000000000000000000000000000000000000000000000000000
0000000000000000000000000000000000000000000000000000000000000000000000
0000000000000000000000000000000000000000000000000000000000000000000000
0000000000000000000000000000000000000000000000000000000000000000000000
0000000000000000000000000000000000000000000000000000000000000000000000
0000000000000000000000000000000000000000000000000000000000000000000000
0000000000000000000000000000000000000000000000000000000000000000000000
0000000000000000000000000000000000000000000000000000000000000000000000
0000000000000000000000000000000000000000000000000000000000000000000000
0000000000000000000000000000000000000000000000000000000000000000000000
0000000000000000000000000000000000000000000000000000000000000000000000
0000000000000000000000000000000000000000000000000000000000000000000000
0000000000000000000000000000000000000000000000000000000000000000000000
0000000000000000000000000000000000000000000000000000000000000000000000
0000000000000000000000000000000000000000000000000000000000000000000000
0000000000000000000000000000000000000000000000000000000000000000000000
0000000000000000000000000000000000000000000000000000000000000000000000
0000000000000000000000000000000000000000000000000000000000000000000000
0000000000000000000000000000000000000000000000000000000000000000000000
0000000000000000000000000000000000000000000000000000000000000000000000
0000000000000000000000000000000000000000000000000000000000000000000000
0000000000000000000000000000000000000000000000000000000000000000000000
0000000000000000000000000000000000000000000000000000000000000000000000
0000000000000000000000000000000000000000000000000000000000000000000000
0000000000000000000000000000000000000000000000000000000000000000000000
0000000000000000000000000000000000000000000000000000000000000000000000
0000000000000000000000000000000000000000000000000000000000000000000000
0000000000000000000000000000000000000000000000000000000000000000000000
0000000000000000000000000000000000000000000000000000000000000000000000
0000000000000000000000000000000000000000000000000000000000000000000000
0000000000000000000000000000000000000000000000000000000000000000000000
0000000000000000000000000000000000000000000000000000000000000000000000
0000000000000000000000000000000000000000000000000000000000000000000000
0000000000000000000000000000000000000000000000000000000000000000000000
0000000000000000000000000000000000000000000000000000000000000000000000
0000000000000000000000000000000000000000000000000000000000000000000000
0000000000000000000000000000000000000000000000000000000000000000000000
0000000000000000000000000000000000000000000000000000000000000000000000
0000000000000000000000000000000000000000000000000000000000000000000000
0000000000000000000000000000000000000000000000000000000000000000000000
0000000000000000000000000000000000000000000000000000000000000000000000
0000000000000000000000000000000000000000000000000000000000000000000000
0000000000000000000000000000000000000000000000000000000000000000000000
0000000000000000000000000000000000000000000000000000000000000000000000
0000000000000000000000000000000000000000000000000000000000000000000000
0000000000000000000000000000000000000000000000000000000000000000000000
0000000000000000000000000000000000000000000000000000000000000000000000
0000000000000000000000000000000000000000000000000000000000000000000000
0000000000000000000000000000000000000000000000000000000000000000000000
0000000000000000000000000000000000000000000000000000000000000000000000
0000000000000000000000000000000000000000000000000000000000000000000000
0000000000000000000000000000000000000000000000000000000000000000000000
0000000000000000000000000000000000000000000000000000000000000000000000
0000000000000000000000000000000000000000000000000000000000000000000000
0000000000000000000000000000000000000000000000000000000000000000000000
0000000000000000000000000000000000000000000000000000000000000000000000
0000000000000000000000000000000000000000000000000000000000000000000000
0000000000000000000000000000000000000000000000000000000000000000000000
0000000000000000000000000000000000000000000000000000000000000000000000
0000000000000000000000000000000000000000000000000000000000000000000000
0000000000000000000000000000000000000000000000000000000000000000000000
0000000000000000000000000000000000000000000000000000000000000000000000
0000000000000000000000000000000000000000000000000000000000000000000000
0000000000000000000000000000000000000000000000000000000000000000000000
0000000000000000000000000000000000000000000000000000000000000000000000
0000000000000000000000000000000000000000000000000000000000000000000000
0000000000000000000000000000000000000000000000000000000000000000000000
0000000000000000000000000000000000000000000000000000000000000000000000
0000000000000000000000000000000000000000000000000000000000000000000000
0000000000000000000000000000000000000000000000000000000000000000000000
0000000000000000000000000000000000000000000000000000000000000000000000
0000000000000000000000000000000000000000000000000000000000000000000000
0000000000000000000000000000000000000000000000000000000000000000000000
0000000000000000000000000000000000000000000000000000000000000000000000
0000000000000000000000000000000000000000000000000000000000000000000000
0000000000000000000000000000000000000000000000000000000000000000000000
0000000000000000000000000000000000000000000000000000000000000000000000
0000000000000000000000000000000000000000000000000000000000000000000000
0000000000000000000000000000000000000000000000000000000000000000000000
0000000000000000000000000000000000000000000000000000000000000000000000
0000000000000000000000000000000000000000000000000000000000000000000000
0000000000000000000000000000000000000000000000000000000000000000000000
0000000000000000000000000000000000000000000000000000000000000000000000
0000000000000000000000000000000000000000000000000000000000000000000000
0000000000000000000000000000000000000000000000000000000000000000000000
0000000000000000000000000000000000000000000000000000000000000000000000
0000000000000000000000000000000000000000000000000000000000000000000000
0000000000000000000000000000000000000000000000000000000000000000000000
0000000000000000000000000000000000000000000000000000000000000000000000
0000000000000000000000000000000000000000000000000000000000000000000000
0000000000000000000000000000000000000000000000000000000000000000000000
0000000000000000000000000000000000000000000000000000000000000000000000
