1111111111111111111111111111111111111111111111111111111111111111111111
0111111111111111111111111111111111111111111111111111111111111111111110
0011111111111111111111111111111111111111111111111111111111111111111111
1001111111111111111111111111111111111111111111111111111111111111111110
1100111111111111111111111111111111111111111111111111111111111111111111
0110011111111111111111111111111111111111111111111111111111111111111110
0011001111111111111111111111111111111111111111111111111111111111111111
1001100111111111111111111111111111111111111111111111111111111111111110
1100110011111111111111111111111111111111111111111111111111111111111111
0110011001111111111111111111111111111111111111111111111111111111111110
0011001100111111111111111111111111111111111111111111111111111111111111
1001100110011111111111111111111111111111111111111111111111111111111110
1100110011001111111111111111111111111111111111111111111111111111111111
0110011001100111111111111111111111111111111111111111111111111111111110
0011001100110011111111111111111111111111111111111111111111111111111111
1001100110011001111111111111111111111111111111111111111111111111111110
1100110011001100111111111111111111111111111111111111111111111111111111
0110011001100110011111111111111111111111111111111111111111111111111110
0011001100110011001111111111111111111111111111111111111111111111111111
1001100110011001100111111111111111111111111111111111111111111111111110
1100110011001100110011111111111111111111111111111111111111111111111111
0110011001100110011001111111111111111111111111111111111111111111111110
0011001100110011001100111111111111111111111111111111111111111111111111
1001100110011001100110011111111111111111111111111111111111111111111110
1100110011001100110011001111111111111111111111111111111111111111111111
0110011001100110011001100111111111111111111111111111111111111111111110
0011001100110011001100110011111111111111111111111111111111111111111111
1001100110011001100110011001111111111111111111111111111111111111111110
1100110011001100110011001100111111111111111111111111111111111111111111
0110011001100110011001100110011111111111111111111111111111111111111110
0011001100110011001100110011001111111111111111111111111111111111111111
1001100110011001100110011001100111111111111111111111111111111111111110
1100110011001100110011001100110011111111111111111111111111111111111111
0110011001100110011001100110011001111111111111111111111111111111111110
0011001100110011001100110011001100111111111111111111111111111111111111
1001100110011001100110011001100110011111111111111111111111111111111110
1100110011001100110011001100110011001111111111111111111111111111111111
0110011001100110011001100110011001100111111111111111111111111111111110
0011001100110011001100110011001100110011111111111111111111111111111111
1001100110011001100110011001100110011001111111111111111111111111111110
1100110011001100110011001100110011001100111111111111111111111111111111
0110011001100110011001100110011001100110011111111111111111111111111110
0011001100110011001100110011001100110011001111111111111111111111111111
1001100110011001100110011001100110011001100111111111111111111111111110
1100110011001100110011001100110011001100110011111111111111111111111111
0110011001100110011001100110011001100110011001111111111111111111111110
0011001100110011001100110011001100110011001100111111111111111111111111
1001100110011001100110011001100110011001100110011111111111111111111110
1100110011001100110011001100110011001100110011001111111111111111111111
0110011001100110011001100110011001100110011001100111111111111111111110
0011001100110011001100110011001100110011001100110011111111111111111111
1001100110011001100110011001100110011001100110011001111111111111111110
1100110011001100110011001100110011001100110011001100111111111111111111
0110011001100110011001100110011001100110011001100110011111111111111110
0011001100110011001100110011001100110011001100110011001111111111111111
1001100110011001100110011001100110011001100110011001100111111111111110
1100110011001100110011001100110011001100110011001100110011111111111111
0110011001100110011001100110011001100110011001100110011001111111111110
0011001100110011001100110011001100110011001100110011001100111111111111
1001100110011001100110011001100110011001100110011001100110011111111110
1100110011001100110011001100110011001100110011001100110011001111111111
0110011001100110011001100110011001100110011001100110011001100111111110
0011001100110011001100110011001100110011001100110011001100110011111111
1001100110011001100110011001100110011001100110011001100110011001111110
1100110011001100110011001100110011001100110011001100110011001100111111
0110011001100110011001100110011001100110011001100110011001100110011110
0011001100110011001100110011001100110011001100110011001100110011001111
1001100110011001100110011001100110011001100110011001100110011001100110
1100110011001100110011001100110011001100110011001100110011001100110011
0110011001100110011001100110011001100110011001100110011001100110011000
0011001100110011001100110011001100110011001100110011001100110011001111
1001100110011001100110011001100110011001100110011001100110011001100110
1100110011001100110011001100110011001100110011001100110011001100110011
0110011001100110011001100110011001100110011001100110011001100110011000
0011001100110011001100110011001100110011001100110011001100110011001111
1001100110011001100110011001100110011001100110011001100110011001100110
1100110011001100110011001100110011001100110011001100110011001100110011
0110011001100110011001100110011001100110011001100110011001100110011000
0011001100110011001100110011001100110011001100110011001100110011001111
1001100110011001100110011001100110011001100110011001100110011001100110
1100110011001100110011001100110011001100110011001100110011001100110011
0110011001100110011001100110011001100110011001100110011001100110011000
0011001100110011001100110011001100110011001100110011001100110011001111
1001100110011001100110011001100110011001100110011001100110011001100110
1100110011001100110011001100110011001100110011001100110011001100110011
0110011001100110011001100110011001100110011001100110011001100110011000
0011001100110011001100110011001100110011001100110011001100110011001111
1001100110011001100110011001100110011001100110011001100110011001100110
1100110011001100110011001100110011001100110011001100110011001100110011
0110011001100110011001100110011001100110011001100110011001100110011000
0011001100110011001100110011001100110011001100110011001100110011001111
1001100110011001100110011001100110011001100110011001100110011001100110
1100110011001100110011001100110011001100110011001100110011001100110011
0110011001100110011001100110011001100110011001100110011001100110011000
0011001100110011001100110011001100110011001100110011001100110011001111
1001100110011001100110011001100110011001100110011001100110011001100110
1100110011001100110011001100110011001100110011001100110011001100110011
0110011001100110011001100110011001100110011001100110011001100110011000
0011001100110011001100110011001100110011001100110011001100110011001111
1001100110011001100110011001100110011001100110011001100110011001100110
1100110011001100110011001100110011001100110011001100110011001100110011
0110011001100110011001100110011001100110011001100110011001100110011000
0011001100110011001100110011001100110011001100110011001100110011001111
1001100110011001100110011001100110011001100110011001100110011001100110
1100110011001100110011001100110011001100110011001100110011001100110011
0110011001100110011001100110011001100110011001100110011001100110011000
0011001100110011001100110011001100110011001100110011001100110011001111
1001100110011001100110011001100110011001100110011001100110011001100110
1100110011001100110011001100110011001100110011001100110011001100110011
0110011001100110011001100110011001100110011001100110011001100110011000
0011001100110011001100110011001100110011001100110011001100110011001111
1001100110011001100110011001100110011001100110011001100110011001100110
1100110011001100110011001100110011001100110011001100110011001100110011
0110011001100110011001100110011001100110011001100110011001100110011000
0011001100110011001100110011001100110011001100110011001100110011001111
1001100110011001100110011001100110011001100110011001100110011001100110
1100110011001100110011001100110011001100110011001100110011001100110011
0110011001100110011001100110011001100110011001100110011001100110011000
0011001100110011001100110011001100110011001100110011001100110011001111
1001100110011001100110011001100110011001100110011001100110011001100110
1100110011001100110011001100110011001100110011001100110011001100110011
0110011001100110011001100110011001100110011001100110011001100110011000
0011001100110011001100110011001100110011001100110011001100110011001111
1001100110011001100110011001100110011001100110011001100110011001100110
1100110011001100110011001100110011001100110011001100110011001100110011
0110011001100110011001100110011001100110011001100110011001100110011000
0011001100110011001100110011001100110011001100110011001100110011001111
1001100110011001100110011001100110011001100110011001100110011001100110
1100110011001100110011001100110011001100110011001100110011001100110011
0110011001100110011001100110011001100110011001100110011001100110011000
0011001100110011001100110011001100110011001100110011001100110011001111
1001100110011001100110011001100110011001100110011001100110011001100110
1100110011001100110011001100110011001100110011001100110011001100110011
0110011001100110011001100110011001100110011001100110011001100110011000
0011001100110011001100110011001100110011001100110011001100110011001111
1001100110011001100110011001100110011001100110011001100110011001100110
1100110011001100110011001100110011001100110011001100110011001100110011
0110011001100110011001100110011001100110011001100110011001100110011000
0011001100110011001100110011001100110011001100110011001100110011001111
1001100110011001100110011001100110011001100110011001100110011001100110
1100110011001100110011001100110011001100110011001100110011001100110011
0110011001100110011001100110011001100110011001100110011001100110011000
0011001100110011001100110011001100110011001100110011001100110011001111
1001100110011001100110011001100110011001100110011001100110011001100110
1100110011001100110011001100110011001100110011001100110011001100110011
0110011001100110011001100110011001100110011001100110011001100110011000
0011001100110011001100110011001100110011001100110011001100110011001111
1001100110011001100110011001100110011001100110011001100110011001100110
1100110011001100110011001100110011001100110011001100110011001100110011
0110011001100110011001100110011001100110011001100110011001100110011000
0011001100110011001100110011001100110011001100110011001100110011001111
1001100110011001100110011001100110011001100110011001100110011001100110
1100110011001100110011001100110011001100110011001100110011001100110011
0110011001100110011001100110011001100110011001100110011001100110011000
0011001100110011001100110011001100110011001100110011001100110011001111
1001100110011001100110011001100110011001100110011001100110011001100110
1100110011001100110011001100110011001100110011001100110011001100110011
0110011001100110011001100110011001100110011001100110011001100110011000
0011001100110011001100110011001100110011001100110011001100110011001111
1001100110011001100110011001100110011001100110011001100110011001100110
1100110011001100110011001100110011001100110011001100110011001100110011
0110011001100110011001100110011001100110011001100110011001100110011000
0011001100110011001100110011001100110011001100110011001100110011001111
1001100110011001100110011001100110011001100110011001100110011001100110
1100110011001100110011001100110011001100110011001100110011001100110011
0110011001100110011001100110011001100110011001100110011001100110011000
0011001100110011001100110011001100110011001100110011001100110011001111
1001100110011001100110011001100110011001100110011001100110011001100110
1100110011001100110011001100110011001100110011001100110011001100110011
0110011001100110011001100110011001100110011001100110011001100110011000
0011001100110011001100110011001100110011001100110011001100110011001111
1001100110011001100110011001100110011001100110011001100110011001100110
1100110011001100110011001100110011001100110011001100110011001100110011
0110011001100110011001100110011001100110011001100110011001100110011000
0011001100110011001100110011001100110011001100110011001100110011001111
1001100110011001100110011001100110011001100110011001100110011001100110
1100110011001100110011001100110011001100110011001100110011001100110011
0110011001100110011001100110011001100110011001100110011001100110011000
0011001100110011001100110011001100110011001100110011001100110011001111
1001100110011001100110011001100110011001100110011001100110011001100110
1100110011001100110011001100110011001100110011001100110011001100110011
0110011001100110011001100110011001100110011001100110011001100110011000
0011001100110011001100110011001100110011001100110011001100110011001111
1001100110011001100110011001100110011001100110011001100110011001100110
1100110011001100110011001100110011001100110011001100110011001100110011
0110011001100110011001100110011001100110011001100110011001100110011000
0011001100110011001100110011001100110011001100110011001100110011001111
1001100110011001100110011001100110011001100110011001100110011001100110
1100110011001100110011001100110011001100110011001100110011001100110011
0110011001100110011001100110011001100110011001100110011001100110011000
0011001100110011001100110011001100110011001100110011001100110011001111
1001100110011001100110011001100110011001100110011001100110011001100110
1100110011001100110011001100110011001100110011001100110011001100110011
0110011001100110011001100110011001100110011001100110011001100110011000
0011001100110011001100110011001100110011001100110011001100110011001111
1001100110011001100110011001100110011001100110011001100110011001100110
1100110011001100110011001100110011001100110011001100110011001100110011
0110011001100110011001100110011001100110011001100110011001100110011000
0011001100110011001100110011001100110011001100110011001100110011001111
1001100110011001100110011001100110011001100110011001100110011001100110
1100110011001100110011001100110011001100110011001100110011001100110011
0110011001100110011001100110011001100110011001100110011001100110011000
0011001100110011001100110011001100110011001100110011001100110011001111
1001100110011001100110011001100110011001100110011001100110011001100110
1100110011001100110011001100110011001100110011001100110011001100110011
0110011001100110011001100110011001100110011001100110011001100110011000
0011001100110011001100110011001100110011001100110011001100110011001111
1001100110011001100110011001100110011001100110011001100110011001100110
1100110011001100110011001100110011001100110011001100110011001100110011
0110011001100110011001100110011001100110011001100110011001100110011000
