1011101110111011101110111011101110111011101110111011101110111011101100
1101110111011101110111011101110111011101110111011101110111011101110110
0110111011101110111011101110111011101110111011101110111011101110111011
1011011101110111011101110111011101110111011101110111011101110111011100
1101101110111011101110111011101110111011101110111011101110111011101110
0110110111011101110111011101110111011101110111011101110111011101110111
1011011011101110111011101110111011101110111011101110111011101110111010
1101101101110111011101110111011101110111011101110111011101110111011111
0110110110111011101110111011101110111011101110111011101110111011101110
1011011011011101110111011101110111011101110111011101110111011101110111
1101101101101110111011101110111011101110111011101110111011101110111010
0110110110110111011101110111011101110111011101110111011101110111011111
1011011011011011101110111011101110111011101110111011101110111011101110
1101101101101101110111011101110111011101110111011101110111011101110111
0110110110110110111011101110111011101110111011101110111011101110111010
1011011011011011011101110111011101110111011101110111011101110111011111
1101101101101101101110111011101110111011101110111011101110111011101110
0110110110110110110111011101110111011101110111011101110111011101110111
1011011011011011011011101110111011101110111011101110111011101110111010
1101101101101101101101110111011101110111011101110111011101110111011111
0110110110110110110110111011101110111011101110111011101110111011101110
1011011011011011011011011101110111011101110111011101110111011101110111
1101101101101101101101101110111011101110111011101110111011101110111010
0110110110110110110110110111011101110111011101110111011101110111011111
1011011011011011011011011011101110111011101110111011101110111011101110
1101101101101101101101101101110111011101110111011101110111011101110111
0110110110110110110110110110111011101110111011101110111011101110111010
1011011011011011011011011011011101110111011101110111011101110111011111
1101101101101101101101101101101110111011101110111011101110111011101110
0110110110110110110110110110110111011101110111011101110111011101110111
1011011011011011011011011011011011101110111011101110111011101110111010
1101101101101101101101101101101101110111011101110111011101110111011111
0110110110110110110110110110110110111011101110111011101110111011101110
1011011011011011011011011011011011011101110111011101110111011101110111
1101101101101101101101101101101101101110111011101110111011101110111010
0110110110110110110110110110110110110111011101110111011101110111011111
1011011011011011011011011011011011011011101110111011101110111011101110
1101101101101101101101101101101101101101110111011101110111011101110111
0110110110110110110110110110110110110110111011101110111011101110111010
1011011011011011011011011011011011011011011101110111011101110111011111
1101101101101101101101101101101101101101101110111011101110111011101110
0110110110110110110110110110110110110110110111011101110111011101110111
1011011011011011011011011011011011011011011011101110111011101110111010
1101101101101101101101101101101101101101101101110111011101110111011111
0110110110110110110110110110110110110110110110111011101110111011101110
1011011011011011011011011011011011011011011011011101110111011101110111
1101101101101101101101101101101101101101101101101110111011101110111010
0110110110110110110110110110110110110110110110110111011101110111011111
1011011011011011011011011011011011011011011011011011101110111011101110
1101101101101101101101101101101101101101101101101101110111011101110111
0110110110110110110110110110110110110110110110110110111011101110111010
1011011011011011011011011011011011011011011011011011011101110111011111
1101101101101101101101101101101101101101101101101101101110111011101110
0110110110110110110110110110110110110110110110110110110111011101110111
1011011011011011011011011011011011011011011011011011011011101110111010
1101101101101101101101101101101101101101101101101101101101110111011111
0110110110110110110110110110110110110110110110110110110110111011101110
1011011011011011011011011011011011011011011011011011011011011101110111
1101101101101101101101101101101101101101101101101101101101101110111010
0110110110110110110110110110110110110110110110110110110110110111011111
1011011011011011011011011011011011011011011011011011011011011011101110
1101101101101101101101101101101101101101101101101101101101101101110111
0110110110110110110110110110110110110110110110110110110110110110111010
1011011011011011011011011011011011011011011011011011011011011011011111
1101101101101101101101101101101101101101101101101101101101101101101110
0110110110110110110110110110110110110110110110110110110110110110110111
1011011011011011011011011011011011011011011011011011011011011011011010
1101101101101101101101101101101101101101101101101101101101101101101111
0110110110110110110110110110110110110110110110110110110110110110110110
1011011011011011011011011011011011011011011011011011011011011011011011
1101101101101101101101101101101101101101101101101101101101101101101100
0110110110110110110110110110110110110110110110110110110110110110110110
1011011011011011011011011011011011011011011011011011011011011011011011
1101101101101101101101101101101101101101101101101101101101101101101100
0110110110110110110110110110110110110110110110110110110110110110110110
1011011011011011011011011011011011011011011011011011011011011011011011
1101101101101101101101101101101101101101101101101101101101101101101100
0110110110110110110110110110110110110110110110110110110110110110110110
1011011011011011011011011011011011011011011011011011011011011011011011
1101101101101101101101101101101101101101101101101101101101101101101100
0110110110110110110110110110110110110110110110110110110110110110110110
1011011011011011011011011011011011011011011011011011011011011011011011
1101101101101101101101101101101101101101101101101101101101101101101100
0110110110110110110110110110110110110110110110110110110110110110110110
1011011011011011011011011011011011011011011011011011011011011011011011
1101101101101101101101101101101101101101101101101101101101101101101100
0110110110110110110110110110110110110110110110110110110110110110110110
1011011011011011011011011011011011011011011011011011011011011011011011
1101101101101101101101101101101101101101101101101101101101101101101100
0110110110110110110110110110110110110110110110110110110110110110110110
1011011011011011011011011011011011011011011011011011011011011011011011
1101101101101101101101101101101101101101101101101101101101101101101100
0110110110110110110110110110110110110110110110110110110110110110110110
1011011011011011011011011011011011011011011011011011011011011011011011
1101101101101101101101101101101101101101101101101101101101101101101100
0110110110110110110110110110110110110110110110110110110110110110110110
1011011011011011011011011011011011011011011011011011011011011011011011
1101101101101101101101101101101101101101101101101101101101101101101100
0110110110110110110110110110110110110110110110110110110110110110110110
1011011011011011011011011011011011011011011011011011011011011011011011
1101101101101101101101101101101101101101101101101101101101101101101100
0110110110110110110110110110110110110110110110110110110110110110110110
1011011011011011011011011011011011011011011011011011011011011011011011
1101101101101101101101101101101101101101101101101101101101101101101100
0110110110110110110110110110110110110110110110110110110110110110110110
1011011011011011011011011011011011011011011011011011011011011011011011
1101101101101101101101101101101101101101101101101101101101101101101100
0110110110110110110110110110110110110110110110110110110110110110110110
1011011011011011011011011011011011011011011011011011011011011011011011
1101101101101101101101101101101101101101101101101101101101101101101100
0110110110110110110110110110110110110110110110110110110110110110110110
1011011011011011011011011011011011011011011011011011011011011011011011
1101101101101101101101101101101101101101101101101101101101101101101100
0110110110110110110110110110110110110110110110110110110110110110110110
1011011011011011011011011011011011011011011011011011011011011011011011
1101101101101101101101101101101101101101101101101101101101101101101100
0110110110110110110110110110110110110110110110110110110110110110110110
1011011011011011011011011011011011011011011011011011011011011011011011
1101101101101101101101101101101101101101101101101101101101101101101100
0110110110110110110110110110110110110110110110110110110110110110110110
1011011011011011011011011011011011011011011011011011011011011011011011
1101101101101101101101101101101101101101101101101101101101101101101100
0110110110110110110110110110110110110110110110110110110110110110110110
1011011011011011011011011011011011011011011011011011011011011011011011
1101101101101101101101101101101101101101101101101101101101101101101100
0110110110110110110110110110110110110110110110110110110110110110110110
1011011011011011011011011011011011011011011011011011011011011011011011
1101101101101101101101101101101101101101101101101101101101101101101100
0110110110110110110110110110110110110110110110110110110110110110110110
1011011011011011011011011011011011011011011011011011011011011011011011
1101101101101101101101101101101101101101101101101101101101101101101100
0110110110110110110110110110110110110110110110110110110110110110110110
1011011011011011011011011011011011011011011011011011011011011011011011
1101101101101101101101101101101101101101101101101101101101101101101100
0110110110110110110110110110110110110110110110110110110110110110110110
1011011011011011011011011011011011011011011011011011011011011011011011
1101101101101101101101101101101101101101101101101101101101101101101100
0110110110110110110110110110110110110110110110110110110110110110110110
1011011011011011011011011011011011011011011011011011011011011011011011
1101101101101101101101101101101101101101101101101101101101101101101100
0110110110110110110110110110110110110110110110110110110110110110110110
1011011011011011011011011011011011011011011011011011011011011011011011
1101101101101101101101101101101101101101101101101101101101101101101100
0110110110110110110110110110110110110110110110110110110110110110110110
1011011011011011011011011011011011011011011011011011011011011011011011
1101101101101101101101101101101101101101101101101101101101101101101100
0110110110110110110110110110110110110110110110110110110110110110110110
1011011011011011011011011011011011011011011011011011011011011011011011
1101101101101101101101101101101101101101101101101101101101101101101100
0110110110110110110110110110110110110110110110110110110110110110110110
1011011011011011011011011011011011011011011011011011011011011011011011
1101101101101101101101101101101101101101101101101101101101101101101100
0110110110110110110110110110110110110110110110110110110110110110110110
1011011011011011011011011011011011011011011011011011011011011011011011
1101101101101101101101101101101101101101101101101101101101101101101100
0110110110110110110110110110110110110110110110110110110110110110110110
1011011011011011011011011011011011011011011011011011011011011011011011
1101101101101101101101101101101101101101101101101101101101101101101100
0110110110110110110110110110110110110110110110110110110110110110110110
1011011011011011011011011011011011011011011011011011011011011011011011
1101101101101101101101101101101101101101101101101101101101101101101100
0110110110110110110110110110110110110110110110110110110110110110110110
1011011011011011011011011011011011011011011011011011011011011011011011
1101101101101101101101101101101101101101101101101101101101101101101100
0110110110110110110110110110110110110110110110110110110110110110110110
1011011011011011011011011011011011011011011011011011011011011011011011
1101101101101101101101101101101101101101101101101101101101101101101100
0110110110110110110110110110110110110110110110110110110110110110110110
1011011011011011011011011011011011011011011011011011011011011011011011
1101101101101101101101101101101101101101101101101101101101101101101100
0110110110110110110110110110110110110110110110110110110110110110110110
1011011011011011011011011011011011011011011011011011011011011011011011
1101101101101101101101101101101101101101101101101101101101101101101100
0110110110110110110110110110110110110110110110110110110110110110110110
1011011011011011011011011011011011011011011011011011011011011011011011
1101101101101101101101101101101101101101101101101101101101101101101100
0110110110110110110110110110110110110110110110110110110110110110110110
1011011011011011011011011011011011011011011011011011011011011011011011
1101101101101101101101101101101101101101101101101101101101101101101100
0110110110110110110110110110110110110110110110110110110110110110110110
1011011011011011011011011011011011011011011011011011011011011011011011
1101101101101101101101101101101101101101101101101101101101101101101100
0110110110110110110110110110110110110110110110110110110110110110110110
1011011011011011011011011011011011011011011011011011011011011011011011
1101101101101101101101101101101101101101101101101101101101101101101100
0110110110110110110110110110110110110110110110110110110110110110110110
1011011011011011011011011011011011011011011011011011011011011011011011
1101101101101101101101101101101101101101101101101101101101101101101100
0110110110110110110110110110110110110110110110110110110110110110110110
1011011011011011011011011011011011011011011011011011011011011011011011
1101101101101101101101101101101101101101101101101101101101101101101100
0110110110110110110110110110110110110110110110110110110110110110110110
1011011011011011011011011011011011011011011011011011011011011011011011
1101101101101101101101101101101101101101101101101101101101101101101100
0110110110110110110110110110110110110110110110110110110110110110110110
1011011011011011011011011011011011011011011011011011011011011011011011
1101101101101101101101101101101101101101101101101101101101101101101100
0110110110110110110110110110110110110110110110110110110110110110110110
1011011011011011011011011011011011011011011011011011011011011011011011
1101101101101101101101101101101101101101101101101101101101101101101100
0110110110110110110110110110110110110110110110110110110110110110110110
1011011011011011011011011011011011011011011011011011011011011011011011
1101101101101101101101101101101101101101101101101101101101101101101100
0110110110110110110110110110110110110110110110110110110110110110110110
1011011011011011011011011011011011011011011011011011011011011011011011
1101101101101101101101101101101101101101101101101101101101101101101100
0110110110110110110110110110110110110110110110110110110110110110110110
1011011011011011011011011011011011011011011011011011011011011011011011
1101101101101101101101101101101101101101101101101101101101101101101100
0110110110110110110110110110110110110110110110110110110110110110110110
