0011000101100010110001011000101100010110001011000010010010001110010111
0110101001010100101010010101001010100101010010100101101101011001100101
1100000110000011000001100000110000011000001100011001001000010111011001
1010001101000110100011010001101000110100011010110110110100100100010111
0001011000101100010110001011000101100010110000100100100011011010100101
0010010101001010100101010010101001010100101001011011010110010000011001
0101100000110000011000001100000110000011000110010010000101101000110111
1001010001101000110100011010001101000110101101101101001001000101100101
0110001011000101100010110001011000101100001001001000110110101001011001
1101010010101001010100101010010101001010010110110101100100000110010111
1000001100000110000011000001100000110001100100100001011010001101100101
0100011010001101000110100011010001101011011011010010010001011001011001
1010110001011000101100010110001011000010010010001101101010010110010111
0000101010010101001010100101010010100101101101011001000001100101100101
0001000001100000110000011000001100011001001000010110100011011001011001
0010100011010001101000110100011010110110110100100100010110010110010111
0100010110001011000101100010110000100100100011011010100101100101100101
1010100101010010101001010100101001011011010110010000011001011001011001
0000011000001100000110000011000110010010000101101000110110010110010111
0000110100011010001101000110101101101101001001000101100101100101100101
0001100010110001011000101100001001001000110110101001011001011001011001
0011010100101010010101001010010110110101100100000110010110010110010111
0110000011000001100000110001100100100001011010001101100101100101100101
1101000110100011010001101011011011010010010001011001011001011001011001
1000101100010110001011000010010010001101101010010110010110010110010111
0101001010100101010010100101101101011001000001100101100101100101100101
1000110000011000001100011001001000010110100011011001011001011001011001
0101101000110100011010110110110100100100010110010110010110010110010111
1001000101100010110000100100100011011010100101100101100101100101100101
0110101001010100101001011011010110010000011001011001011001011001011001
1100000110000011000110010010000101101000110110010110010110010110010111
1010001101000110101101101101001001000101100101100101100101100101100101
0001011000101100001001001000110110101001011001011001011001011001011001
0010010101001010010110110101100100000110010110010110010110010110010111
0101100000110001100100100001011010001101100101100101100101100101100101
1001010001101011011011010010010001011001011001011001011001011001011001
0110001011000010010010001101101010010110010110010110010110010110010111
1101010010100101101101011001000001100101100101100101100101100101100101
1000001100011001001000010110100011011001011001011001011001011001011001
0100011010110110110100100100010110010110010110010110010110010110010111
1010110000100100100011011010100101100101100101100101100101100101100101
0000101001011011010110010000011001011001011001011001011001011001011001
0001000110010010000101101000110110010110010110010110010110010110010111
0010101101101101001001000101100101100101100101100101100101100101100101
0100001001001000110110101001011001011001011001011001011001011001011001
1010010110110101100100000110010110010110010110010110010110010110010111
0001100100100001011010001101100101100101100101100101100101100101100101
0011011011010010010001011001011001011001011001011001011001011001011001
0110010010001101101010010110010110010110010110010110010110010110010111
1101101101011001000001100101100101100101100101100101100101100101100101
1001001000010110100011011001011001011001011001011001011001011001011001
0110110100100100010110010110010110010110010110010110010110010110010111
1100100011011010100101100101100101100101100101100101100101100101100101
1011010110010000011001011001011001011001011001011001011001011001011001
0010000101101000110110010110010110010110010110010110010110010110010111
0101001001000101100101100101100101100101100101100101100101100101100101
1000110110101001011001011001011001011001011001011001011001011001011001
0101100100000110010110010110010110010110010110010110010110010110010111
1001011010001101100101100101100101100101100101100101100101100101100101
0110010001011001011001011001011001011001011001011001011001011001011001
1101101010010110010110010110010110010110010110010110010110010110010111
1001000001100101100101100101100101100101100101100101100101100101100101
0110100011011001011001011001011001011001011001011001011001011001011001
1100010110010110010110010110010110010110010110010110010110010110010111
1010100101100101100101100101100101100101100101100101100101100101100101
0000011001011001011001011001011001011001011001011001011001011001011001
0000110110010110010110010110010110010110010110010110010110010110010111
0001100101100101100101100101100101100101100101100101100101100101100101
0011011001011001011001011001011001011001011001011001011001011001011001
0110010110010110010110010110010110010110010110010110010110010110010111
1101100101100101100101100101100101100101100101100101100101100101100101
1001011001011001011001011001011001011001011001011001011001011001011001
0110010110010110010110010110010110010110010110010110010110010110010111
1101100101100101100101100101100101100101100101100101100101100101100101
1001011001011001011001011001011001011001011001011001011001011001011001
0110010110010110010110010110010110010110010110010110010110010110010111
1101100101100101100101100101100101100101100101100101100101100101100101
1001011001011001011001011001011001011001011001011001011001011001011001
0110010110010110010110010110010110010110010110010110010110010110010111
1101100101100101100101100101100101100101100101100101100101100101100101
1001011001011001011001011001011001011001011001011001011001011001011001
0110010110010110010110010110010110010110010110010110010110010110010111
1101100101100101100101100101100101100101100101100101100101100101100101
1001011001011001011001011001011001011001011001011001011001011001011001
0110010110010110010110010110010110010110010110010110010110010110010111
1101100101100101100101100101100101100101100101100101100101100101100101
1001011001011001011001011001011001011001011001011001011001011001011001
0110010110010110010110010110010110010110010110010110010110010110010111
1101100101100101100101100101100101100101100101100101100101100101100101
1001011001011001011001011001011001011001011001011001011001011001011001
0110010110010110010110010110010110010110010110010110010110010110010111
1101100101100101100101100101100101100101100101100101100101100101100101
1001011001011001011001011001011001011001011001011001011001011001011001
0110010110010110010110010110010110010110010110010110010110010110010111
1101100101100101100101100101100101100101100101100101100101100101100101
1001011001011001011001011001011001011001011001011001011001011001011001
0110010110010110010110010110010110010110010110010110010110010110010111
1101100101100101100101100101100101100101100101100101100101100101100101
1001011001011001011001011001011001011001011001011001011001011001011001
0110010110010110010110010110010110010110010110010110010110010110010111
1101100101100101100101100101100101100101100101100101100101100101100101
1001011001011001011001011001011001011001011001011001011001011001011001
0110010110010110010110010110010110010110010110010110010110010110010111
1101100101100101100101100101100101100101100101100101100101100101100101
1001011001011001011001011001011001011001011001011001011001011001011001
0110010110010110010110010110010110010110010110010110010110010110010111
1101100101100101100101100101100101100101100101100101100101100101100101
1001011001011001011001011001011001011001011001011001011001011001011001
0110010110010110010110010110010110010110010110010110010110010110010111
1101100101100101100101100101100101100101100101100101100101100101100101
1001011001011001011001011001011001011001011001011001011001011001011001
0110010110010110010110010110010110010110010110010110010110010110010111
1101100101100101100101100101100101100101100101100101100101100101100101
1001011001011001011001011001011001011001011001011001011001011001011001
0110010110010110010110010110010110010110010110010110010110010110010111
1101100101100101100101100101100101100101100101100101100101100101100101
1001011001011001011001011001011001011001011001011001011001011001011001
0110010110010110010110010110010110010110010110010110010110010110010111
1101100101100101100101100101100101100101100101100101100101100101100101
1001011001011001011001011001011001011001011001011001011001011001011001
0110010110010110010110010110010110010110010110010110010110010110010111
1101100101100101100101100101100101100101100101100101100101100101100101
1001011001011001011001011001011001011001011001011001011001011001011001
0110010110010110010110010110010110010110010110010110010110010110010111
1101100101100101100101100101100101100101100101100101100101100101100101
1001011001011001011001011001011001011001011001011001011001011001011001
0110010110010110010110010110010110010110010110010110010110010110010111
1101100101100101100101100101100101100101100101100101100101100101100101
1001011001011001011001011001011001011001011001011001011001011001011001
0110010110010110010110010110010110010110010110010110010110010110010111
1101100101100101100101100101100101100101100101100101100101100101100101
1001011001011001011001011001011001011001011001011001011001011001011001
0110010110010110010110010110010110010110010110010110010110010110010111
1101100101100101100101100101100101100101100101100101100101100101100101
1001011001011001011001011001011001011001011001011001011001011001011001
0110010110010110010110010110010110010110010110010110010110010110010111
1101100101100101100101100101100101100101100101100101100101100101100101
1001011001011001011001011001011001011001011001011001011001011001011001
0110010110010110010110010110010110010110010110010110010110010110010111
1101100101100101100101100101100101100101100101100101100101100101100101
1001011001011001011001011001011001011001011001011001011001011001011001
0110010110010110010110010110010110010110010110010110010110010110010111
1101100101100101100101100101100101100101100101100101100101100101100101
1001011001011001011001011001011001011001011001011001011001011001011001
0110010110010110010110010110010110010110010110010110010110010110010111
1101100101100101100101100101100101100101100101100101100101100101100101
1001011001011001011001011001011001011001011001011001011001011001011001
0110010110010110010110010110010110010110010110010110010110010110010111
1101100101100101100101100101100101100101100101100101100101100101100101
1001011001011001011001011001011001011001011001011001011001011001011001
0110010110010110010110010110010110010110010110010110010110010110010111
1101100101100101100101100101100101100101100101100101100101100101100101
1001011001011001011001011001011001011001011001011001011001011001011001
0110010110010110010110010110010110010110010110010110010110010110010111
1101100101100101100101100101100101100101100101100101100101100101100101
1001011001011001011001011001011001011001011001011001011001011001011001
0110010110010110010110010110010110010110010110010110010110010110010111
1101100101100101100101100101100101100101100101100101100101100101100101
1001011001011001011001011001011001011001011001011001011001011001011001
0110010110010110010110010110010110010110010110010110010110010110010111
1101100101100101100101100101100101100101100101100101100101100101100101
1001011001011001011001011001011001011001011001011001011001011001011001
0110010110010110010110010110010110010110010110010110010110010110010111
1101100101100101100101100101100101100101100101100101100101100101100101
1001011001011001011001011001011001011001011001011001011001011001011001
0110010110010110010110010110010110010110010110010110010110010110010111
1101100101100101100101100101100101100101100101100101100101100101100101
1001011001011001011001011001011001011001011001011001011001011001011001
0110010110010110010110010110010110010110010110010110010110010110010111
1101100101100101100101100101100101100101100101100101100101100101100101
1001011001011001011001011001011001011001011001011001011001011001011001
0110010110010110010110010110010110010110010110010110010110010110010111
1101100101100101100101100101100101100101100101100101100101100101100101
1001011001011001011001011001011001011001011001011001011001011001011001
0110010110010110010110010110010110010110010110010110010110010110010111
1101100101100101100101100101100101100101100101100101100101100101100101
1001011001011001011001011001011001011001011001011001011001011001011001
0110010110010110010110010110010110010110010110010110010110010110010111
1101100101100101100101100101100101100101100101100101100101100101100101
1001011001011001011001011001011001011001011001011001011001011001011001
0110010110010110010110010110010110010110010110010110010110010110010111
1101100101100101100101100101100101100101100101100101100101100101100101
1001011001011001011001011001011001011001011001011001011001011001011001
0110010110010110010110010110010110010110010110010110010110010110010111
1101100101100101100101100101100101100101100101100101100101100101100101
1001011001011001011001011001011001011001011001011001011001011001011001
0110010110010110010110010110010110010110010110010110010110010110010111
1101100101100101100101100101100101100101100101100101100101100101100101
1001011001011001011001011001011001011001011001011001011001011001011001
0110010110010110010110010110010110010110010110010110010110010110010111
1101100101100101100101100101100101100101100101100101100101100101100101
1001011001011001011001011001011001011001011001011001011001011001011001
0110010110010110010110010110010110010110010110010110010110010110010111
1101100101100101100101100101100101100101100101100101100101100101100101
1001011001011001011001011001011001011001011001011001011001011001011001
0110010110010110010110010110010110010110010110010110010110010110010111
1101100101100101100101100101100101100101100101100101100101100101100101
1001011001011001011001011001011001011001011001011001011001011001011001
0110010110010110010110010110010110010110010110010110010110010110010111
1101100101100101100101100101100101100101100101100101100101100101100101
1001011001011001011001011001011001011001011001011001011001011001011001
0110010110010110010110010110010110010110010110010110010110010110010111
1101100101100101100101100101100101100101100101100101100101100101100101
1001011001011001011001011001011001011001011001011001011001011001011001
0110010110010110010110010110010110010110010110010110010110010110010111
1101100101100101100101100101100101100101100101100101100101100101100101
1001011001011001011001011001011001011001011001011001011001011001011001
0110010110010110010110010110010110010110010110010110010110010110010111
1101100101100101100101100101100101100101100101100101100101100101100101
1001011001011001011001011001011001011001011001011001011001011001011001
