1101010101010101010101010101010101010101010101010101010101010101010100
1001010101010101010101010101010101010101010101010101010101010101010110
1101010101010101010101010101010101010101010101010101010101010101010101
1001010101010101010101010101010101010101010101010101010101010101010100
1101010101010101010101010101010101010101010101010101010101010101010110
1001010101010101010101010101010101010101010101010101010101010101010101
1101010101010101010101010101010101010101010101010101010101010101010100
1001010101010101010101010101010101010101010101010101010101010101010110
1101010101010101010101010101010101010101010101010101010101010101010101
1001010101010101010101010101010101010101010101010101010101010101010100
1101010101010101010101010101010101010101010101010101010101010101010110
1001010101010101010101010101010101010101010101010101010101010101010101
1101010101010101010101010101010101010101010101010101010101010101010100
1001010101010101010101010101010101010101010101010101010101010101010110
1101010101010101010101010101010101010101010101010101010101010101010101
1001010101010101010101010101010101010101010101010101010101010101010100
1101010101010101010101010101010101010101010101010101010101010101010110
1001010101010101010101010101010101010101010101010101010101010101010101
1101010101010101010101010101010101010101010101010101010101010101010100
1001010101010101010101010101010101010101010101010101010101010101010110
1101010101010101010101010101010101010101010101010101010101010101010101
1001010101010101010101010101010101010101010101010101010101010101010100
1101010101010101010101010101010101010101010101010101010101010101010110
1001010101010101010101010101010101010101010101010101010101010101010101
1101010101010101010101010101010101010101010101010101010101010101010100
1001010101010101010101010101010101010101010101010101010101010101010110
1101010101010101010101010101010101010101010101010101010101010101010101
1001010101010101010101010101010101010101010101010101010101010101010100
1101010101010101010101010101010101010101010101010101010101010101010110
1001010101010101010101010101010101010101010101010101010101010101010101
1101010101010101010101010101010101010101010101010101010101010101010100
1001010101010101010101010101010101010101010101010101010101010101010110
1101010101010101010101010101010101010101010101010101010101010101010101
1001010101010101010101010101010101010101010101010101010101010101010100
1101010101010101010101010101010101010101010101010101010101010101010110
1001010101010101010101010101010101010101010101010101010101010101010101
1101010101010101010101010101010101010101010101010101010101010101010100
1001010101010101010101010101010101010101010101010101010101010101010110
1101010101010101010101010101010101010101010101010101010101010101010101
1001010101010101010101010101010101010101010101010101010101010101010100
1101010101010101010101010101010101010101010101010101010101010101010110
1001010101010101010101010101010101010101010101010101010101010101010101
1101010101010101010101010101010101010101010101010101010101010101010100
1001010101010101010101010101010101010101010101010101010101010101010110
1101010101010101010101010101010101010101010101010101010101010101010101
1001010101010101010101010101010101010101010101010101010101010101010100
1101010101010101010101010101010101010101010101010101010101010101010110
1001010101010101010101010101010101010101010101010101010101010101010101
1101010101010101010101010101010101010101010101010101010101010101010100
1001010101010101010101010101010101010101010101010101010101010101010110
1101010101010101010101010101010101010101010101010101010101010101010101
1001010101010101010101010101010101010101010101010101010101010101010100
1101010101010101010101010101010101010101010101010101010101010101010110
1001010101010101010101010101010101010101010101010101010101010101010101
1101010101010101010101010101010101010101010101010101010101010101010100
1001010101010101010101010101010101010101010101010101010101010101010110
1101010101010101010101010101010101010101010101010101010101010101010101
1001010101010101010101010101010101010101010101010101010101010101010100
1101010101010101010101010101010101010101010101010101010101010101010110
1001010101010101010101010101010101010101010101010101010101010101010101
1101010101010101010101010101010101010101010101010101010101010101010100
1001010101010101010101010101010101010101010101010101010101010101010110
1101010101010101010101010101010101010101010101010101010101010101010101
1001010101010101010101010101010101010101010101010101010101010101010100
1101010101010101010101010101010101010101010101010101010101010101010110
1001010101010101010101010101010101010101010101010101010101010101010101
1101010101010101010101010101010101010101010101010101010101010101010100
1001010101010101010101010101010101010101010101010101010101010101010110
1101010101010101010101010101010101010101010101010101010101010101010101
1001010101010101010101010101010101010101010101010101010101010101010100
1101010101010101010101010101010101010101010101010101010101010101010110
1001010101010101010101010101010101010101010101010101010101010101010101
1101010101010101010101010101010101010101010101010101010101010101010100
1001010101010101010101010101010101010101010101010101010101010101010110
1101010101010101010101010101010101010101010101010101010101010101010101
1001010101010101010101010101010101010101010101010101010101010101010100
1101010101010101010101010101010101010101010101010101010101010101010110
1001010101010101010101010101010101010101010101010101010101010101010101
1101010101010101010101010101010101010101010101010101010101010101010100
1001010101010101010101010101010101010101010101010101010101010101010110
1101010101010101010101010101010101010101010101010101010101010101010101
1001010101010101010101010101010101010101010101010101010101010101010100
1101010101010101010101010101010101010101010101010101010101010101010110
1001010101010101010101010101010101010101010101010101010101010101010101
1101010101010101010101010101010101010101010101010101010101010101010100
1001010101010101010101010101010101010101010101010101010101010101010110
1101010101010101010101010101010101010101010101010101010101010101010101
1001010101010101010101010101010101010101010101010101010101010101010100
1101010101010101010101010101010101010101010101010101010101010101010110
1001010101010101010101010101010101010101010101010101010101010101010101
1101010101010101010101010101010101010101010101010101010101010101010100
1001010101010101010101010101010101010101010101010101010101010101010110
1101010101010101010101010101010101010101010101010101010101010101010101
1001010101010101010101010101010101010101010101010101010101010101010100
1101010101010101010101010101010101010101010101010101010101010101010110
1001010101010101010101010101010101010101010101010101010101010101010101
1101010101010101010101010101010101010101010101010101010101010101010100
1001010101010101010101010101010101010101010101010101010101010101010110
1101010101010101010101010101010101010101010101010101010101010101010101
1001010101010101010101010101010101010101010101010101010101010101010100
1101010101010101010101010101010101010101010101010101010101010101010110
1001010101010101010101010101010101010101010101010101010101010101010101
1101010101010101010101010101010101010101010101010101010101010101010100
1001010101010101010101010101010101010101010101010101010101010101010110
1101010101010101010101010101010101010101010101010101010101010101010101
1001010101010101010101010101010101010101010101010101010101010101010100
1101010101010101010101010101010101010101010101010101010101010101010110
1001010101010101010101010101010101010101010101010101010101010101010101
1101010101010101010101010101010101010101010101010101010101010101010100
1001010101010101010101010101010101010101010101010101010101010101010110
1101010101010101010101010101010101010101010101010101010101010101010101
1001010101010101010101010101010101010101010101010101010101010101010100
1101010101010101010101010101010101010101010101010101010101010101010110
1001010101010101010101010101010101010101010101010101010101010101010101
1101010101010101010101010101010101010101010101010101010101010101010100
1001010101010101010101010101010101010101010101010101010101010101010110
1101010101010101010101010101010101010101010101010101010101010101010101
1001010101010101010101010101010101010101010101010101010101010101010100
1101010101010101010101010101010101010101010101010101010101010101010110
1001010101010101010101010101010101010101010101010101010101010101010101
1101010101010101010101010101010101010101010101010101010101010101010100
1001010101010101010101010101010101010101010101010101010101010101010110
1101010101010101010101010101010101010101010101010101010101010101010101
1001010101010101010101010101010101010101010101010101010101010101010100
1101010101010101010101010101010101010101010101010101010101010101010110
1001010101010101010101010101010101010101010101010101010101010101010101
1101010101010101010101010101010101010101010101010101010101010101010100
1001010101010101010101010101010101010101010101010101010101010101010110
1101010101010101010101010101010101010101010101010101010101010101010101
1001010101010101010101010101010101010101010101010101010101010101010100
1101010101010101010101010101010101010101010101010101010101010101010110
1001010101010101010101010101010101010101010101010101010101010101010101
1101010101010101010101010101010101010101010101010101010101010101010100
1001010101010101010101010101010101010101010101010101010101010101010110
1101010101010101010101010101010101010101010101010101010101010101010101
1001010101010101010101010101010101010101010101010101010101010101010100
1101010101010101010101010101010101010101010101010101010101010101010110
1001010101010101010101010101010101010101010101010101010101010101010101
1101010101010101010101010101010101010101010101010101010101010101010100
1001010101010101010101010101010101010101010101010101010101010101010110
1101010101010101010101010101010101010101010101010101010101010101010101
1001010101010101010101010101010101010101010101010101010101010101010100
1101010101010101010101010101010101010101010101010101010101010101010110
1001010101010101010101010101010101010101010101010101010101010101010101
1101010101010101010101010101010101010101010101010101010101010101010100
1001010101010101010101010101010101010101010101010101010101010101010110
1101010101010101010101010101010101010101010101010101010101010101010101
1001010101010101010101010101010101010101010101010101010101010101010100
1101010101010101010101010101010101010101010101010101010101010101010110
1001010101010101010101010101010101010101010101010101010101010101010101
1101010101010101010101010101010101010101010101010101010101010101010100
1001010101010101010101010101010101010101010101010101010101010101010110
1101010101010101010101010101010101010101010101010101010101010101010101
1001010101010101010101010101010101010101010101010101010101010101010100
1101010101010101010101010101010101010101010101010101010101010101010110
1001010101010101010101010101010101010101010101010101010101010101010101
1101010101010101010101010101010101010101010101010101010101010101010100
1001010101010101010101010101010101010101010101010101010101010101010110
1101010101010101010101010101010101010101010101010101010101010101010101
1001010101010101010101010101010101010101010101010101010101010101010100
1101010101010101010101010101010101010101010101010101010101010101010110
1001010101010101010101010101010101010101010101010101010101010101010101
1101010101010101010101010101010101010101010101010101010101010101010100
1001010101010101010101010101010101010101010101010101010101010101010110
1101010101010101010101010101010101010101010101010101010101010101010101
1001010101010101010101010101010101010101010101010101010101010101010100
1101010101010101010101010101010101010101010101010101010101010101010110
1001010101010101010101010101010101010101010101010101010101010101010101
1101010101010101010101010101010101010101010101010101010101010101010100
1001010101010101010101010101010101010101010101010101010101010101010110
1101010101010101010101010101010101010101010101010101010101010101010101
1001010101010101010101010101010101010101010101010101010101010101010100
1101010101010101010101010101010101010101010101010101010101010101010110
1001010101010101010101010101010101010101010101010101010101010101010101
1101010101010101010101010101010101010101010101010101010101010101010100
1001010101010101010101010101010101010101010101010101010101010101010110
1101010101010101010101010101010101010101010101010101010101010101010101
1001010101010101010101010101010101010101010101010101010101010101010100
1101010101010101010101010101010101010101010101010101010101010101010110
1001010101010101010101010101010101010101010101010101010101010101010101
1101010101010101010101010101010101010101010101010101010101010101010100
1001010101010101010101010101010101010101010101010101010101010101010110
1101010101010101010101010101010101010101010101010101010101010101010101
1001010101010101010101010101010101010101010101010101010101010101010100
1101010101010101010101010101010101010101010101010101010101010101010110
1001010101010101010101010101010101010101010101010101010101010101010101
1101010101010101010101010101010101010101010101010101010101010101010100
1001010101010101010101010101010101010101010101010101010101010101010110
1101010101010101010101010101010101010101010101010101010101010101010101
1001010101010101010101010101010101010101010101010101010101010101010100
1101010101010101010101010101010101010101010101010101010101010101010110
1001010101010101010101010101010101010101010101010101010101010101010101
1101010101010101010101010101010101010101010101010101010101010101010100
1001010101010101010101010101010101010101010101010101010101010101010110
1101010101010101010101010101010101010101010101010101010101010101010101
1001010101010101010101010101010101010101010101010101010101010101010100
1101010101010101010101010101010101010101010101010101010101010101010110
1001010101010101010101010101010101010101010101010101010101010101010101
1101010101010101010101010101010101010101010101010101010101010101010100
1001010101010101010101010101010101010101010101010101010101010101010110
1101010101010101010101010101010101010101010101010101010101010101010101
1001010101010101010101010101010101010101010101010101010101010101010100
1101010101010101010101010101010101010101010101010101010101010101010110
1001010101010101010101010101010101010101010101010101010101010101010101
1101010101010101010101010101010101010101010101010101010101010101010100
1001010101010101010101010101010101010101010101010101010101010101010110
1101010101010101010101010101010101010101010101010101010101010101010101
1001010101010101010101010101010101010101010101010101010101010101010100
1101010101010101010101010101010101010101010101010101010101010101010110
1001010101010101010101010101010101010101010101010101010101010101010101
