1111111111111111111111111111111111111111111111111111111111111111111111
1000000000000000000000000000000000000000000000000000000000000000000001
0011111111111111111111111111111111111111111111111111111111111111111100
1010000000000000000000000000000000000000000000000000000000000000000001
0100111111111111111111111111111111111111111111111111111111111111111100
0000100000000000000000000000000000000000000000000000000000000000000001
1110001111111111111111111111111111111111111111111111111111111111111100
1000101000000000000000000000000000000000000000000000000000000000000001
0010010011111111111111111111111111111111111111111111111111111111111100
1000000010000000000000000000000000000000000000000000000000000000000001
0011111000111111111111111111111111111111111111111111111111111111111100
1010000010100000000000000000000000000000000000000000000000000000000001
0100111001001111111111111111111111111111111111111111111111111111111100
0000100000001000000000000000000000000000000000000000000000000000000001
1110001111100011111111111111111111111111111111111111111111111111111100
1000101000001010000000000000000000000000000000000000000000000000000001
0010010011100100111111111111111111111111111111111111111111111111111100
1000000010000000100000000000000000000000000000000000000000000000000001
0011111000111110001111111111111111111111111111111111111111111111111100
1010000010100000101000000000000000000000000000000000000000000000000001
0100111001001110010011111111111111111111111111111111111111111111111100
0000100000001000000010000000000000000000000000000000000000000000000001
1110001111100011111000111111111111111111111111111111111111111111111100
1000101000001010000010100000000000000000000000000000000000000000000001
0010010011100100111001001111111111111111111111111111111111111111111100
1000000010000000100000001000000000000000000000000000000000000000000001
0011111000111110001111100011111111111111111111111111111111111111111100
1010000010100000101000001010000000000000000000000000000000000000000001
0100111001001110010011100100111111111111111111111111111111111111111100
0000100000001000000010000000100000000000000000000000000000000000000001
1110001111100011111000111110001111111111111111111111111111111111111100
1000101000001010000010100000101000000000000000000000000000000000000001
0010010011100100111001001110010011111111111111111111111111111111111100
1000000010000000100000001000000010000000000000000000000000000000000001
0011111000111110001111100011111000111111111111111111111111111111111100
1010000010100000101000001010000010100000000000000000000000000000000001
0100111001001110010011100100111001001111111111111111111111111111111100
0000100000001000000010000000100000001000000000000000000000000000000001
1110001111100011111000111110001111100011111111111111111111111111111100
1000101000001010000010100000101000001010000000000000000000000000000001
0010010011100100111001001110010011100100111111111111111111111111111100
1000000010000000100000001000000010000000100000000000000000000000000001
0011111000111110001111100011111000111110001111111111111111111111111100
1010000010100000101000001010000010100000101000000000000000000000000001
0100111001001110010011100100111001001110010011111111111111111111111100
0000100000001000000010000000100000001000000010000000000000000000000001
1110001111100011111000111110001111100011111000111111111111111111111100
1000101000001010000010100000101000001010000010100000000000000000000001
0010010011100100111001001110010011100100111001001111111111111111111100
1000000010000000100000001000000010000000100000001000000000000000000001
0011111000111110001111100011111000111110001111100011111111111111111100
1010000010100000101000001010000010100000101000001010000000000000000001
0100111001001110010011100100111001001110010011100100111111111111111100
0000100000001000000010000000100000001000000010000000100000000000000001
1110001111100011111000111110001111100011111000111110001111111111111100
1000101000001010000010100000101000001010000010100000101000000000000001
0010010011100100111001001110010011100100111001001110010011111111111100
1000000010000000100000001000000010000000100000001000000010000000000001
0011111000111110001111100011111000111110001111100011111000111111111100
1010000010100000101000001010000010100000101000001010000010100000000001
0100111001001110010011100100111001001110010011100100111001001111111100
0000100000001000000010000000100000001000000010000000100000001000000001
1110001111100011111000111110001111100011111000111110001111100011111100
1000101000001010000010100000101000001010000010100000101000001010000001
0010010011100100111001001110010011100100111001001110010011100100111100
1000000010000000100000001000000010000000100000001000000010000000100001
0011111000111110001111100011111000111110001111100011111000111110001100
1010000010100000101000001010000010100000101000001010000010100000101001
0100111001001110010011100100111001001110010011100100111001001110010000
0000100000001000000010000000100000001000000010000000100000001000000111
1110001111100011111000111110001111100011111000111110001111100011110101
1000101000001010000010100000101000001010000010100000101000001010001010
0010010011100100111001001110010011100100111001001110010011100100100100
1000000010000000100000001000000010000000100000001000000010000000000001
0011111000111110001111100011111000111110001111100011111000111111111100
1010000010100000101000001010000010100000101000001010000010100000000001
0100111001001110010011100100111001001110010011100100111001001111111100
0000100000001000000010000000100000001000000010000000100000001000000001
1110001111100011111000111110001111100011111000111110001111100011111100
1000101000001010000010100000101000001010000010100000101000001010000001
0010010011100100111001001110010011100100111001001110010011100100111100
1000000010000000100000001000000010000000100000001000000010000000100001
0011111000111110001111100011111000111110001111100011111000111110001100
1010000010100000101000001010000010100000101000001010000010100000101001
0100111001001110010011100100111001001110010011100100111001001110010000
0000100000001000000010000000100000001000000010000000100000001000000111
1110001111100011111000111110001111100011111000111110001111100011110101
1000101000001010000010100000101000001010000010100000101000001010001010
0010010011100100111001001110010011100100111001001110010011100100100100
1000000010000000100000001000000010000000100000001000000010000000000001
0011111000111110001111100011111000111110001111100011111000111111111100
1010000010100000101000001010000010100000101000001010000010100000000001
0100111001001110010011100100111001001110010011100100111001001111111100
0000100000001000000010000000100000001000000010000000100000001000000001
1110001111100011111000111110001111100011111000111110001111100011111100
1000101000001010000010100000101000001010000010100000101000001010000001
0010010011100100111001001110010011100100111001001110010011100100111100
1000000010000000100000001000000010000000100000001000000010000000100001
0011111000111110001111100011111000111110001111100011111000111110001100
1010000010100000101000001010000010100000101000001010000010100000101001
0100111001001110010011100100111001001110010011100100111001001110010000
0000100000001000000010000000100000001000000010000000100000001000000111
1110001111100011111000111110001111100011111000111110001111100011110101
1000101000001010000010100000101000001010000010100000101000001010001010
0010010011100100111001001110010011100100111001001110010011100100100100
1000000010000000100000001000000010000000100000001000000010000000000001
0011111000111110001111100011111000111110001111100011111000111111111100
1010000010100000101000001010000010100000101000001010000010100000000001
0100111001001110010011100100111001001110010011100100111001001111111100
0000100000001000000010000000100000001000000010000000100000001000000001
1110001111100011111000111110001111100011111000111110001111100011111100
1000101000001010000010100000101000001010000010100000101000001010000001
0010010011100100111001001110010011100100111001001110010011100100111100
1000000010000000100000001000000010000000100000001000000010000000100001
0011111000111110001111100011111000111110001111100011111000111110001100
1010000010100000101000001010000010100000101000001010000010100000101001
0100111001001110010011100100111001001110010011100100111001001110010000
0000100000001000000010000000100000001000000010000000100000001000000111
1110001111100011111000111110001111100011111000111110001111100011110101
1000101000001010000010100000101000001010000010100000101000001010001010
0010010011100100111001001110010011100100111001001110010011100100100100
1000000010000000100000001000000010000000100000001000000010000000000001
0011111000111110001111100011111000111110001111100011111000111111111100
1010000010100000101000001010000010100000101000001010000010100000000001
0100111001001110010011100100111001001110010011100100111001001111111100
0000100000001000000010000000100000001000000010000000100000001000000001
1110001111100011111000111110001111100011111000111110001111100011111100
1000101000001010000010100000101000001010000010100000101000001010000001
0010010011100100111001001110010011100100111001001110010011100100111100
1000000010000000100000001000000010000000100000001000000010000000100001
0011111000111110001111100011111000111110001111100011111000111110001100
1010000010100000101000001010000010100000101000001010000010100000101001
0100111001001110010011100100111001001110010011100100111001001110010000
0000100000001000000010000000100000001000000010000000100000001000000111
1110001111100011111000111110001111100011111000111110001111100011110101
1000101000001010000010100000101000001010000010100000101000001010001010
0010010011100100111001001110010011100100111001001110010011100100100100
1000000010000000100000001000000010000000100000001000000010000000000001
0011111000111110001111100011111000111110001111100011111000111111111100
1010000010100000101000001010000010100000101000001010000010100000000001
0100111001001110010011100100111001001110010011100100111001001111111100
0000100000001000000010000000100000001000000010000000100000001000000001
1110001111100011111000111110001111100011111000111110001111100011111100
1000101000001010000010100000101000001010000010100000101000001010000001
0010010011100100111001001110010011100100111001001110010011100100111100
1000000010000000100000001000000010000000100000001000000010000000100001
0011111000111110001111100011111000111110001111100011111000111110001100
1010000010100000101000001010000010100000101000001010000010100000101001
0100111001001110010011100100111001001110010011100100111001001110010000
0000100000001000000010000000100000001000000010000000100000001000000111
1110001111100011111000111110001111100011111000111110001111100011110101
1000101000001010000010100000101000001010000010100000101000001010001010
0010010011100100111001001110010011100100111001001110010011100100100100
1000000010000000100000001000000010000000100000001000000010000000000001
0011111000111110001111100011111000111110001111100011111000111111111100
1010000010100000101000001010000010100000101000001010000010100000000001
0100111001001110010011100100111001001110010011100100111001001111111100
0000100000001000000010000000100000001000000010000000100000001000000001
1110001111100011111000111110001111100011111000111110001111100011111100
1000101000001010000010100000101000001010000010100000101000001010000001
0010010011100100111001001110010011100100111001001110010011100100111100
1000000010000000100000001000000010000000100000001000000010000000100001
0011111000111110001111100011111000111110001111100011111000111110001100
1010000010100000101000001010000010100000101000001010000010100000101001
0100111001001110010011100100111001001110010011100100111001001110010000
0000100000001000000010000000100000001000000010000000100000001000000111
1110001111100011111000111110001111100011111000111110001111100011110101
1000101000001010000010100000101000001010000010100000101000001010001010
0010010011100100111001001110010011100100111001001110010011100100100100
1000000010000000100000001000000010000000100000001000000010000000000001
0011111000111110001111100011111000111110001111100011111000111111111100
1010000010100000101000001010000010100000101000001010000010100000000001
0100111001001110010011100100111001001110010011100100111001001111111100
0000100000001000000010000000100000001000000010000000100000001000000001
1110001111100011111000111110001111100011111000111110001111100011111100
1000101000001010000010100000101000001010000010100000101000001010000001
0010010011100100111001001110010011100100111001001110010011100100111100
1000000010000000100000001000000010000000100000001000000010000000100001
0011111000111110001111100011111000111110001111100011111000111110001100
1010000010100000101000001010000010100000101000001010000010100000101001
0100111001001110010011100100111001001110010011100100111001001110010000
0000100000001000000010000000100000001000000010000000100000001000000111
1110001111100011111000111110001111100011111000111110001111100011110101
1000101000001010000010100000101000001010000010100000101000001010001010
0010010011100100111001001110010011100100111001001110010011100100100100
1000000010000000100000001000000010000000100000001000000010000000000001
0011111000111110001111100011111000111110001111100011111000111111111100
1010000010100000101000001010000010100000101000001010000010100000000001
0100111001001110010011100100111001001110010011100100111001001111111100
0000100000001000000010000000100000001000000010000000100000001000000001
1110001111100011111000111110001111100011111000111110001111100011111100
1000101000001010000010100000101000001010000010100000101000001010000001
0010010011100100111001001110010011100100111001001110010011100100111100
1000000010000000100000001000000010000000100000001000000010000000100001
0011111000111110001111100011111000111110001111100011111000111110001100
1010000010100000101000001010000010100000101000001010000010100000101001
0100111001001110010011100100111001001110010011100100111001001110010000
0000100000001000000010000000100000001000000010000000100000001000000111
1110001111100011111000111110001111100011111000111110001111100011110101
1000101000001010000010100000101000001010000010100000101000001010001010
0010010011100100111001001110010011100100111001001110010011100100100100
1000000010000000100000001000000010000000100000001000000010000000000001
0011111000111110001111100011111000111110001111100011111000111111111100
1010000010100000101000001010000010100000101000001010000010100000000001
0100111001001110010011100100111001001110010011100100111001001111111100
0000100000001000000010000000100000001000000010000000100000001000000001
1110001111100011111000111110001111100011111000111110001111100011111100
1000101000001010000010100000101000001010000010100000101000001010000001
0010010011100100111001001110010011100100111001001110010011100100111100
1000000010000000100000001000000010000000100000001000000010000000100001
