0000000100000001000000010000000100000001000000010000000100000001000011
0000001000000010000000100000001000000010000000100000001000000010000111
0000010000000100000001000000010000000100000001000000010000000100001101
0000100000001000000010000000100000001000000010000000100000001000011011
0001000000010000000100000001000000010000000100000001000000010000110111
0010000000100000001000000010000000100000001000000010000000100001101101
0100000001000000010000000100000001000000010000000100000001000011011011
1000000010000000100000001000000010000000100000001000000010000110110111
0000000100000001000000010000000100000001000000010000000100001101101101
0000001000000010000000100000001000000010000000100000001000011011011011
0000010000000100000001000000010000000100000001000000010000110110110111
0000100000001000000010000000100000001000000010000000100001101101101101
0001000000010000000100000001000000010000000100000001000011011011011011
0010000000100000001000000010000000100000001000000010000110110110110111
0100000001000000010000000100000001000000010000000100001101101101101101
1000000010000000100000001000000010000000100000001000011011011011011011
0000000100000001000000010000000100000001000000010000110110110110110111
0000001000000010000000100000001000000010000000100001101101101101101101
0000010000000100000001000000010000000100000001000011011011011011011011
0000100000001000000010000000100000001000000010000110110110110110110111
0001000000010000000100000001000000010000000100001101101101101101101101
0010000000100000001000000010000000100000001000011011011011011011011011
0100000001000000010000000100000001000000010000110110110110110110110111
1000000010000000100000001000000010000000100001101101101101101101101101
0000000100000001000000010000000100000001000011011011011011011011011011
0000001000000010000000100000001000000010000110110110110110110110110111
0000010000000100000001000000010000000100001101101101101101101101101101
0000100000001000000010000000100000001000011011011011011011011011011011
0001000000010000000100000001000000010000110110110110110110110110110111
0010000000100000001000000010000000100001101101101101101101101101101101
0100000001000000010000000100000001000011011011011011011011011011011011
1000000010000000100000001000000010000110110110110110110110110110110111
0000000100000001000000010000000100001101101101101101101101101101101101
0000001000000010000000100000001000011011011011011011011011011011011011
0000010000000100000001000000010000110110110110110110110110110110110111
0000100000001000000010000000100001101101101101101101101101101101101101
0001000000010000000100000001000011011011011011011011011011011011011011
0010000000100000001000000010000110110110110110110110110110110110110111
0100000001000000010000000100001101101101101101101101101101101101101101
1000000010000000100000001000011011011011011011011011011011011011011011
0000000100000001000000010000110110110110110110110110110110110110110111
0000001000000010000000100001101101101101101101101101101101101101101101
0000010000000100000001000011011011011011011011011011011011011011011011
0000100000001000000010000110110110110110110110110110110110110110110111
0001000000010000000100001101101101101101101101101101101101101101101101
0010000000100000001000011011011011011011011011011011011011011011011011
0100000001000000010000110110110110110110110110110110110110110110110111
1000000010000000100001101101101101101101101101101101101101101101101101
0000000100000001000011011011011011011011011011011011011011011011011011
0000001000000010000110110110110110110110110110110110110110110110110111
0000010000000100001101101101101101101101101101101101101101101101101101
0000100000001000011011011011011011011011011011011011011011011011011011
0001000000010000110110110110110110110110110110110110110110110110110111
0010000000100001101101101101101101101101101101101101101101101101101101
0100000001000011011011011011011011011011011011011011011011011011011011
1000000010000110110110110110110110110110110110110110110110110110110111
0000000100001101101101101101101101101101101101101101101101101101101101
0000001000011011011011011011011011011011011011011011011011011011011011
0000010000110110110110110110110110110110110110110110110110110110110111
0000100001101101101101101101101101101101101101101101101101101101101101
0001000011011011011011011011011011011011011011011011011011011011011011
0010000110110110110110110110110110110110110110110110110110110110110111
0100001101101101101101101101101101101101101101101101101101101101101101
1000011011011011011011011011011011011011011011011011011011011011011011
0000110110110110110110110110110110110110110110110110110110110110110111
0001101101101101101101101101101101101101101101101101101101101101101101
0011011011011011011011011011011011011011011011011011011011011011011011
0110110110110110110110110110110110110110110110110110110110110110110111
1101101101101101101101101101101101101101101101101101101101101101101101
1011011011011011011011011011011011011011011011011011011011011011011011
0110110110110110110110110110110110110110110110110110110110110110110111
1101101101101101101101101101101101101101101101101101101101101101101101
1011011011011011011011011011011011011011011011011011011011011011011011
0110110110110110110110110110110110110110110110110110110110110110110111
1101101101101101101101101101101101101101101101101101101101101101101101
1011011011011011011011011011011011011011011011011011011011011011011011
0110110110110110110110110110110110110110110110110110110110110110110111
1101101101101101101101101101101101101101101101101101101101101101101101
1011011011011011011011011011011011011011011011011011011011011011011011
0110110110110110110110110110110110110110110110110110110110110110110111
1101101101101101101101101101101101101101101101101101101101101101101101
1011011011011011011011011011011011011011011011011011011011011011011011
0110110110110110110110110110110110110110110110110110110110110110110111
1101101101101101101101101101101101101101101101101101101101101101101101
1011011011011011011011011011011011011011011011011011011011011011011011
0110110110110110110110110110110110110110110110110110110110110110110111
1101101101101101101101101101101101101101101101101101101101101101101101
1011011011011011011011011011011011011011011011011011011011011011011011
0110110110110110110110110110110110110110110110110110110110110110110111
1101101101101101101101101101101101101101101101101101101101101101101101
1011011011011011011011011011011011011011011011011011011011011011011011
0110110110110110110110110110110110110110110110110110110110110110110111
1101101101101101101101101101101101101101101101101101101101101101101101
1011011011011011011011011011011011011011011011011011011011011011011011
0110110110110110110110110110110110110110110110110110110110110110110111
1101101101101101101101101101101101101101101101101101101101101101101101
1011011011011011011011011011011011011011011011011011011011011011011011
0110110110110110110110110110110110110110110110110110110110110110110111
1101101101101101101101101101101101101101101101101101101101101101101101
1011011011011011011011011011011011011011011011011011011011011011011011
0110110110110110110110110110110110110110110110110110110110110110110111
1101101101101101101101101101101101101101101101101101101101101101101101
1011011011011011011011011011011011011011011011011011011011011011011011
0110110110110110110110110110110110110110110110110110110110110110110111
1101101101101101101101101101101101101101101101101101101101101101101101
1011011011011011011011011011011011011011011011011011011011011011011011
0110110110110110110110110110110110110110110110110110110110110110110111
1101101101101101101101101101101101101101101101101101101101101101101101
1011011011011011011011011011011011011011011011011011011011011011011011
0110110110110110110110110110110110110110110110110110110110110110110111
1101101101101101101101101101101101101101101101101101101101101101101101
1011011011011011011011011011011011011011011011011011011011011011011011
0110110110110110110110110110110110110110110110110110110110110110110111
1101101101101101101101101101101101101101101101101101101101101101101101
1011011011011011011011011011011011011011011011011011011011011011011011
0110110110110110110110110110110110110110110110110110110110110110110111
1101101101101101101101101101101101101101101101101101101101101101101101
1011011011011011011011011011011011011011011011011011011011011011011011
0110110110110110110110110110110110110110110110110110110110110110110111
1101101101101101101101101101101101101101101101101101101101101101101101
1011011011011011011011011011011011011011011011011011011011011011011011
0110110110110110110110110110110110110110110110110110110110110110110111
1101101101101101101101101101101101101101101101101101101101101101101101
1011011011011011011011011011011011011011011011011011011011011011011011
0110110110110110110110110110110110110110110110110110110110110110110111
1101101101101101101101101101101101101101101101101101101101101101101101
1011011011011011011011011011011011011011011011011011011011011011011011
0110110110110110110110110110110110110110110110110110110110110110110111
1101101101101101101101101101101101101101101101101101101101101101101101
1011011011011011011011011011011011011011011011011011011011011011011011
0110110110110110110110110110110110110110110110110110110110110110110111
1101101101101101101101101101101101101101101101101101101101101101101101
1011011011011011011011011011011011011011011011011011011011011011011011
0110110110110110110110110110110110110110110110110110110110110110110111
1101101101101101101101101101101101101101101101101101101101101101101101
1011011011011011011011011011011011011011011011011011011011011011011011
0110110110110110110110110110110110110110110110110110110110110110110111
1101101101101101101101101101101101101101101101101101101101101101101101
1011011011011011011011011011011011011011011011011011011011011011011011
0110110110110110110110110110110110110110110110110110110110110110110111
1101101101101101101101101101101101101101101101101101101101101101101101
1011011011011011011011011011011011011011011011011011011011011011011011
0110110110110110110110110110110110110110110110110110110110110110110111
1101101101101101101101101101101101101101101101101101101101101101101101
1011011011011011011011011011011011011011011011011011011011011011011011
0110110110110110110110110110110110110110110110110110110110110110110111
1101101101101101101101101101101101101101101101101101101101101101101101
1011011011011011011011011011011011011011011011011011011011011011011011
0110110110110110110110110110110110110110110110110110110110110110110111
1101101101101101101101101101101101101101101101101101101101101101101101
1011011011011011011011011011011011011011011011011011011011011011011011
0110110110110110110110110110110110110110110110110110110110110110110111
1101101101101101101101101101101101101101101101101101101101101101101101
1011011011011011011011011011011011011011011011011011011011011011011011
0110110110110110110110110110110110110110110110110110110110110110110111
1101101101101101101101101101101101101101101101101101101101101101101101
1011011011011011011011011011011011011011011011011011011011011011011011
0110110110110110110110110110110110110110110110110110110110110110110111
1101101101101101101101101101101101101101101101101101101101101101101101
1011011011011011011011011011011011011011011011011011011011011011011011
0110110110110110110110110110110110110110110110110110110110110110110111
1101101101101101101101101101101101101101101101101101101101101101101101
1011011011011011011011011011011011011011011011011011011011011011011011
0110110110110110110110110110110110110110110110110110110110110110110111
1101101101101101101101101101101101101101101101101101101101101101101101
1011011011011011011011011011011011011011011011011011011011011011011011
0110110110110110110110110110110110110110110110110110110110110110110111
1101101101101101101101101101101101101101101101101101101101101101101101
1011011011011011011011011011011011011011011011011011011011011011011011
0110110110110110110110110110110110110110110110110110110110110110110111
1101101101101101101101101101101101101101101101101101101101101101101101
1011011011011011011011011011011011011011011011011011011011011011011011
0110110110110110110110110110110110110110110110110110110110110110110111
1101101101101101101101101101101101101101101101101101101101101101101101
1011011011011011011011011011011011011011011011011011011011011011011011
0110110110110110110110110110110110110110110110110110110110110110110111
1101101101101101101101101101101101101101101101101101101101101101101101
1011011011011011011011011011011011011011011011011011011011011011011011
0110110110110110110110110110110110110110110110110110110110110110110111
1101101101101101101101101101101101101101101101101101101101101101101101
1011011011011011011011011011011011011011011011011011011011011011011011
0110110110110110110110110110110110110110110110110110110110110110110111
1101101101101101101101101101101101101101101101101101101101101101101101
1011011011011011011011011011011011011011011011011011011011011011011011
0110110110110110110110110110110110110110110110110110110110110110110111
1101101101101101101101101101101101101101101101101101101101101101101101
1011011011011011011011011011011011011011011011011011011011011011011011
0110110110110110110110110110110110110110110110110110110110110110110111
1101101101101101101101101101101101101101101101101101101101101101101101
1011011011011011011011011011011011011011011011011011011011011011011011
0110110110110110110110110110110110110110110110110110110110110110110111
1101101101101101101101101101101101101101101101101101101101101101101101
1011011011011011011011011011011011011011011011011011011011011011011011
0110110110110110110110110110110110110110110110110110110110110110110111
1101101101101101101101101101101101101101101101101101101101101101101101
1011011011011011011011011011011011011011011011011011011011011011011011
0110110110110110110110110110110110110110110110110110110110110110110111
1101101101101101101101101101101101101101101101101101101101101101101101
1011011011011011011011011011011011011011011011011011011011011011011011
0110110110110110110110110110110110110110110110110110110110110110110111
1101101101101101101101101101101101101101101101101101101101101101101101
1011011011011011011011011011011011011011011011011011011011011011011011
0110110110110110110110110110110110110110110110110110110110110110110111
1101101101101101101101101101101101101101101101101101101101101101101101
1011011011011011011011011011011011011011011011011011011011011011011011
0110110110110110110110110110110110110110110110110110110110110110110111
1101101101101101101101101101101101101101101101101101101101101101101101
1011011011011011011011011011011011011011011011011011011011011011011011
0110110110110110110110110110110110110110110110110110110110110110110111
1101101101101101101101101101101101101101101101101101101101101101101101
