1011011011011011011011011011011011011011011011011011011011011011011001
1110110110110110110110110110110110110110110110110110110110110110110011
1001101101101101101101101101101101101101101101101101101101101101100111
1011011011011011011011011011011011011011011011011011011011011011001101
1110110110110110110110110110110110110110110110110110110110110110011011
1001101101101101101101101101101101101101101101101101101101101100110111
1011011011011011011011011011011011011011011011011011011011011001101101
1110110110110110110110110110110110110110110110110110110110110011011011
1001101101101101101101101101101101101101101101101101101101100110110111
1011011011011011011011011011011011011011011011011011011011001101101101
1110110110110110110110110110110110110110110110110110110110011011011011
1001101101101101101101101101101101101101101101101101101100110110110111
1011011011011011011011011011011011011011011011011011011001101101101101
1110110110110110110110110110110110110110110110110110110011011011011011
1001101101101101101101101101101101101101101101101101100110110110110111
1011011011011011011011011011011011011011011011011011001101101101101101
1110110110110110110110110110110110110110110110110110011011011011011011
1001101101101101101101101101101101101101101101101100110110110110110111
1011011011011011011011011011011011011011011011011001101101101101101101
1110110110110110110110110110110110110110110110110011011011011011011011
1001101101101101101101101101101101101101101101100110110110110110110111
1011011011011011011011011011011011011011011011001101101101101101101101
1110110110110110110110110110110110110110110110011011011011011011011011
1001101101101101101101101101101101101101101100110110110110110110110111
1011011011011011011011011011011011011011011001101101101101101101101101
1110110110110110110110110110110110110110110011011011011011011011011011
1001101101101101101101101101101101101101100110110110110110110110110111
1011011011011011011011011011011011011011001101101101101101101101101101
1110110110110110110110110110110110110110011011011011011011011011011011
1001101101101101101101101101101101101100110110110110110110110110110111
1011011011011011011011011011011011011001101101101101101101101101101101
1110110110110110110110110110110110110011011011011011011011011011011011
1001101101101101101101101101101101100110110110110110110110110110110111
1011011011011011011011011011011011001101101101101101101101101101101101
1110110110110110110110110110110110011011011011011011011011011011011011
1001101101101101101101101101101100110110110110110110110110110110110111
1011011011011011011011011011011001101101101101101101101101101101101101
1110110110110110110110110110110011011011011011011011011011011011011011
1001101101101101101101101101100110110110110110110110110110110110110111
1011011011011011011011011011001101101101101101101101101101101101101101
1110110110110110110110110110011011011011011011011011011011011011011011
1001101101101101101101101100110110110110110110110110110110110110110111
1011011011011011011011011001101101101101101101101101101101101101101101
1110110110110110110110110011011011011011011011011011011011011011011011
1001101101101101101101100110110110110110110110110110110110110110110111
1011011011011011011011001101101101101101101101101101101101101101101101
1110110110110110110110011011011011011011011011011011011011011011011011
1001101101101101101100110110110110110110110110110110110110110110110111
1011011011011011011001101101101101101101101101101101101101101101101101
1110110110110110110011011011011011011011011011011011011011011011011011
1001101101101101100110110110110110110110110110110110110110110110110111
1011011011011011001101101101101101101101101101101101101101101101101101
1110110110110110011011011011011011011011011011011011011011011011011011
1001101101101100110110110110110110110110110110110110110110110110110111
1011011011011001101101101101101101101101101101101101101101101101101101
1110110110110011011011011011011011011011011011011011011011011011011011
1001101101100110110110110110110110110110110110110110110110110110110111
1011011011001101101101101101101101101101101101101101101101101101101101
1110110110011011011011011011011011011011011011011011011011011011011011
1001101100110110110110110110110110110110110110110110110110110110110111
1011011001101101101101101101101101101101101101101101101101101101101101
1110110011011011011011011011011011011011011011011011011011011011011011
1001100110110110110110110110110110110110110110110110110110110110110111
1011001101101101101101101101101101101101101101101101101101101101101101
1110011011011011011011011011011011011011011011011011011011011011011011
1000110110110110110110110110110110110110110110110110110110110110110111
1001101101101101101101101101101101101101101101101101101101101101101101
1011011011011011011011011011011011011011011011011011011011011011011011
1110110110110110110110110110110110110110110110110110110110110110110111
1001101101101101101101101101101101101101101101101101101101101101101101
1011011011011011011011011011011011011011011011011011011011011011011011
1110110110110110110110110110110110110110110110110110110110110110110111
1001101101101101101101101101101101101101101101101101101101101101101101
1011011011011011011011011011011011011011011011011011011011011011011011
1110110110110110110110110110110110110110110110110110110110110110110111
1001101101101101101101101101101101101101101101101101101101101101101101
1011011011011011011011011011011011011011011011011011011011011011011011
1110110110110110110110110110110110110110110110110110110110110110110111
1001101101101101101101101101101101101101101101101101101101101101101101
1011011011011011011011011011011011011011011011011011011011011011011011
1110110110110110110110110110110110110110110110110110110110110110110111
1001101101101101101101101101101101101101101101101101101101101101101101
1011011011011011011011011011011011011011011011011011011011011011011011
1110110110110110110110110110110110110110110110110110110110110110110111
1001101101101101101101101101101101101101101101101101101101101101101101
1011011011011011011011011011011011011011011011011011011011011011011011
1110110110110110110110110110110110110110110110110110110110110110110111
1001101101101101101101101101101101101101101101101101101101101101101101
1011011011011011011011011011011011011011011011011011011011011011011011
1110110110110110110110110110110110110110110110110110110110110110110111
1001101101101101101101101101101101101101101101101101101101101101101101
1011011011011011011011011011011011011011011011011011011011011011011011
1110110110110110110110110110110110110110110110110110110110110110110111
1001101101101101101101101101101101101101101101101101101101101101101101
1011011011011011011011011011011011011011011011011011011011011011011011
1110110110110110110110110110110110110110110110110110110110110110110111
1001101101101101101101101101101101101101101101101101101101101101101101
1011011011011011011011011011011011011011011011011011011011011011011011
1110110110110110110110110110110110110110110110110110110110110110110111
1001101101101101101101101101101101101101101101101101101101101101101101
1011011011011011011011011011011011011011011011011011011011011011011011
1110110110110110110110110110110110110110110110110110110110110110110111
1001101101101101101101101101101101101101101101101101101101101101101101
1011011011011011011011011011011011011011011011011011011011011011011011
1110110110110110110110110110110110110110110110110110110110110110110111
1001101101101101101101101101101101101101101101101101101101101101101101
1011011011011011011011011011011011011011011011011011011011011011011011
1110110110110110110110110110110110110110110110110110110110110110110111
1001101101101101101101101101101101101101101101101101101101101101101101
1011011011011011011011011011011011011011011011011011011011011011011011
1110110110110110110110110110110110110110110110110110110110110110110111
1001101101101101101101101101101101101101101101101101101101101101101101
1011011011011011011011011011011011011011011011011011011011011011011011
1110110110110110110110110110110110110110110110110110110110110110110111
1001101101101101101101101101101101101101101101101101101101101101101101
1011011011011011011011011011011011011011011011011011011011011011011011
1110110110110110110110110110110110110110110110110110110110110110110111
1001101101101101101101101101101101101101101101101101101101101101101101
1011011011011011011011011011011011011011011011011011011011011011011011
1110110110110110110110110110110110110110110110110110110110110110110111
1001101101101101101101101101101101101101101101101101101101101101101101
1011011011011011011011011011011011011011011011011011011011011011011011
1110110110110110110110110110110110110110110110110110110110110110110111
1001101101101101101101101101101101101101101101101101101101101101101101
1011011011011011011011011011011011011011011011011011011011011011011011
1110110110110110110110110110110110110110110110110110110110110110110111
1001101101101101101101101101101101101101101101101101101101101101101101
1011011011011011011011011011011011011011011011011011011011011011011011
1110110110110110110110110110110110110110110110110110110110110110110111
1001101101101101101101101101101101101101101101101101101101101101101101
1011011011011011011011011011011011011011011011011011011011011011011011
1110110110110110110110110110110110110110110110110110110110110110110111
1001101101101101101101101101101101101101101101101101101101101101101101
1011011011011011011011011011011011011011011011011011011011011011011011
1110110110110110110110110110110110110110110110110110110110110110110111
1001101101101101101101101101101101101101101101101101101101101101101101
1011011011011011011011011011011011011011011011011011011011011011011011
1110110110110110110110110110110110110110110110110110110110110110110111
1001101101101101101101101101101101101101101101101101101101101101101101
1011011011011011011011011011011011011011011011011011011011011011011011
1110110110110110110110110110110110110110110110110110110110110110110111
1001101101101101101101101101101101101101101101101101101101101101101101
1011011011011011011011011011011011011011011011011011011011011011011011
1110110110110110110110110110110110110110110110110110110110110110110111
1001101101101101101101101101101101101101101101101101101101101101101101
1011011011011011011011011011011011011011011011011011011011011011011011
1110110110110110110110110110110110110110110110110110110110110110110111
1001101101101101101101101101101101101101101101101101101101101101101101
1011011011011011011011011011011011011011011011011011011011011011011011
1110110110110110110110110110110110110110110110110110110110110110110111
1001101101101101101101101101101101101101101101101101101101101101101101
1011011011011011011011011011011011011011011011011011011011011011011011
1110110110110110110110110110110110110110110110110110110110110110110111
1001101101101101101101101101101101101101101101101101101101101101101101
1011011011011011011011011011011011011011011011011011011011011011011011
1110110110110110110110110110110110110110110110110110110110110110110111
1001101101101101101101101101101101101101101101101101101101101101101101
1011011011011011011011011011011011011011011011011011011011011011011011
1110110110110110110110110110110110110110110110110110110110110110110111
1001101101101101101101101101101101101101101101101101101101101101101101
1011011011011011011011011011011011011011011011011011011011011011011011
1110110110110110110110110110110110110110110110110110110110110110110111
1001101101101101101101101101101101101101101101101101101101101101101101
1011011011011011011011011011011011011011011011011011011011011011011011
1110110110110110110110110110110110110110110110110110110110110110110111
1001101101101101101101101101101101101101101101101101101101101101101101
1011011011011011011011011011011011011011011011011011011011011011011011
1110110110110110110110110110110110110110110110110110110110110110110111
1001101101101101101101101101101101101101101101101101101101101101101101
1011011011011011011011011011011011011011011011011011011011011011011011
1110110110110110110110110110110110110110110110110110110110110110110111
1001101101101101101101101101101101101101101101101101101101101101101101
1011011011011011011011011011011011011011011011011011011011011011011011
1110110110110110110110110110110110110110110110110110110110110110110111
1001101101101101101101101101101101101101101101101101101101101101101101
1011011011011011011011011011011011011011011011011011011011011011011011
1110110110110110110110110110110110110110110110110110110110110110110111
1001101101101101101101101101101101101101101101101101101101101101101101
1011011011011011011011011011011011011011011011011011011011011011011011
1110110110110110110110110110110110110110110110110110110110110110110111
1001101101101101101101101101101101101101101101101101101101101101101101
1011011011011011011011011011011011011011011011011011011011011011011011
1110110110110110110110110110110110110110110110110110110110110110110111
1001101101101101101101101101101101101101101101101101101101101101101101
1011011011011011011011011011011011011011011011011011011011011011011011
1110110110110110110110110110110110110110110110110110110110110110110111
1001101101101101101101101101101101101101101101101101101101101101101101
1011011011011011011011011011011011011011011011011011011011011011011011
1110110110110110110110110110110110110110110110110110110110110110110111
1001101101101101101101101101101101101101101101101101101101101101101101
1011011011011011011011011011011011011011011011011011011011011011011011
1110110110110110110110110110110110110110110110110110110110110110110111
1001101101101101101101101101101101101101101101101101101101101101101101
1011011011011011011011011011011011011011011011011011011011011011011011
1110110110110110110110110110110110110110110110110110110110110110110111
1001101101101101101101101101101101101101101101101101101101101101101101
1011011011011011011011011011011011011011011011011011011011011011011011
1110110110110110110110110110110110110110110110110110110110110110110111
1001101101101101101101101101101101101101101101101101101101101101101101
1011011011011011011011011011011011011011011011011011011011011011011011
1110110110110110110110110110110110110110110110110110110110110110110111
1001101101101101101101101101101101101101101101101101101101101101101101
1011011011011011011011011011011011011011011011011011011011011011011011
1110110110110110110110110110110110110110110110110110110110110110110111
1001101101101101101101101101101101101101101101101101101101101101101101
1011011011011011011011011011011011011011011011011011011011011011011011
1110110110110110110110110110110110110110110110110110110110110110110111
1001101101101101101101101101101101101101101101101101101101101101101101
1011011011011011011011011011011011011011011011011011011011011011011011
1110110110110110110110110110110110110110110110110110110110110110110111
