0001001001001001001001001001001001001001001001001001001001001001001000
0000100100100100100100100100100100100100100100100100100100100100100100
0000010010010010010010010010010010010010010010010010010010010010010010
0000001001001001001001001001001001001001001001001001001001001001001000
0000000100100100100100100100100100100100100100100100100100100100100100
0000000010010010010010010010010010010010010010010010010010010010010010
0000000001001001001001001001001001001001001001001001001001001001001000
0000000000100100100100100100100100100100100100100100100100100100100100
0000000000010010010010010010010010010010010010010010010010010010010010
0000000000001001001001001001001001001001001001001001001001001001001000
0000000000000100100100100100100100100100100100100100100100100100100100
0000000000000010010010010010010010010010010010010010010010010010010010
0000000000000001001001001001001001001001001001001001001001001001001000
0000000000000000100100100100100100100100100100100100100100100100100100
0000000000000000010010010010010010010010010010010010010010010010010010
0000000000000000001001001001001001001001001001001001001001001001001000
0000000000000000000100100100100100100100100100100100100100100100100100
0000000000000000000010010010010010010010010010010010010010010010010010
0000000000000000000001001001001001001001001001001001001001001001001000
0000000000000000000000100100100100100100100100100100100100100100100100
0000000000000000000000010010010010010010010010010010010010010010010010
0000000000000000000000001001001001001001001001001001001001001001001000
0000000000000000000000000100100100100100100100100100100100100100100100
0000000000000000000000000010010010010010010010010010010010010010010010
0000000000000000000000000001001001001001001001001001001001001001001000
0000000000000000000000000000100100100100100100100100100100100100100100
0000000000000000000000000000010010010010010010010010010010010010010010
0000000000000000000000000000001001001001001001001001001001001001001000
0000000000000000000000000000000100100100100100100100100100100100100100
0000000000000000000000000000000010010010010010010010010010010010010010
0000000000000000000000000000000001001001001001001001001001001001001000
0000000000000000000000000000000000100100100100100100100100100100100100
0000000000000000000000000000000000010010010010010010010010010010010010
0000000000000000000000000000000000001001001001001001001001001001001000
0000000000000000000000000000000000000100100100100100100100100100100100
0000000000000000000000000000000000000010010010010010010010010010010010
0000000000000000000000000000000000000001001001001001001001001001001000
0000000000000000000000000000000000000000100100100100100100100100100100
0000000000000000000000000000000000000000010010010010010010010010010010
0000000000000000000000000000000000000000001001001001001001001001001000
0000000000000000000000000000000000000000000100100100100100100100100100
0000000000000000000000000000000000000000000010010010010010010010010010
0000000000000000000000000000000000000000000001001001001001001001001000
0000000000000000000000000000000000000000000000100100100100100100100100
0000000000000000000000000000000000000000000000010010010010010010010010
0000000000000000000000000000000000000000000000001001001001001001001000
0000000000000000000000000000000000000000000000000100100100100100100100
0000000000000000000000000000000000000000000000000010010010010010010010
0000000000000000000000000000000000000000000000000001001001001001001000
0000000000000000000000000000000000000000000000000000100100100100100100
0000000000000000000000000000000000000000000000000000010010010010010010
0000000000000000000000000000000000000000000000000000001001001001001000
0000000000000000000000000000000000000000000000000000000100100100100100
0000000000000000000000000000000000000000000000000000000010010010010010
0000000000000000000000000000000000000000000000000000000001001001001000
0000000000000000000000000000000000000000000000000000000000100100100100
0000000000000000000000000000000000000000000000000000000000010010010010
0000000000000000000000000000000000000000000000000000000000001001001000
0000000000000000000000000000000000000000000000000000000000000100100100
0000000000000000000000000000000000000000000000000000000000000010010010
0000000000000000000000000000000000000000000000000000000000000001001000
0000000000000000000000000000000000000000000000000000000000000000100100
0000000000000000000000000000000000000000000000000000000000000000010010
0000000000000000000000000000000000000000000000000000000000000000001000
0000000000000000000000000000000000000000000000000000000000000000000100
0000000000000000000000000000000000000000000000000000000000000000000010
0000000000000000000000000000000000000000000000000000000000000000000000
0000000000000000000000000000000000000000000000000000000000000000000000
0000000000000000000000000000000000000000000000000000000000000000000000
0000000000000000000000000000000000000000000000000000000000000000000000
0000000000000000000000000000000000000000000000000000000000000000000000
0000000000000000000000000000000000000000000000000000000000000000000000
0000000000000000000000000000000000000000000000000000000000000000000000
0000000000000000000000000000000000000000000000000000000000000000000000
0000000000000000000000000000000000000000000000000000000000000000000000
0000000000000000000000000000000000000000000000000000000000000000000000
0000000000000000000000000000000000000000000000000000000000000000000000
0000000000000000000000000000000000000000000000000000000000000000000000
0000000000000000000000000000000000000000000000000000000000000000000000
0000000000000000000000000000000000000000000000000000000000000000000000
0000000000000000000000000000000000000000000000000000000000000000000000
0000000000000000000000000000000000000000000000000000000000000000000000
0000000000000000000000000000000000000000000000000000000000000000000000
0000000000000000000000000000000000000000000000000000000000000000000000
0000000000000000000000000000000000000000000000000000000000000000000000
0000000000000000000000000000000000000000000000000000000000000000000000
0000000000000000000000000000000000000000000000000000000000000000000000
0000000000000000000000000000000000000000000000000000000000000000000000
0000000000000000000000000000000000000000000000000000000000000000000000
0000000000000000000000000000000000000000000000000000000000000000000000
0000000000000000000000000000000000000000000000000000000000000000000000
0000000000000000000000000000000000000000000000000000000000000000000000
0000000000000000000000000000000000000000000000000000000000000000000000
0000000000000000000000000000000000000000000000000000000000000000000000
0000000000000000000000000000000000000000000000000000000000000000000000
0000000000000000000000000000000000000000000000000000000000000000000000
0000000000000000000000000000000000000000000000000000000000000000000000
0000000000000000000000000000000000000000000000000000000000000000000000
0000000000000000000000000000000000000000000000000000000000000000000000
0000000000000000000000000000000000000000000000000000000000000000000000
0000000000000000000000000000000000000000000000000000000000000000000000
0000000000000000000000000000000000000000000000000000000000000000000000
0000000000000000000000000000000000000000000000000000000000000000000000
0000000000000000000000000000000000000000000000000000000000000000000000
0000000000000000000000000000000000000000000000000000000000000000000000
0000000000000000000000000000000000000000000000000000000000000000000000
0000000000000000000000000000000000000000000000000000000000000000000000
0000000000000000000000000000000000000000000000000000000000000000000000
0000000000000000000000000000000000000000000000000000000000000000000000
0000000000000000000000000000000000000000000000000000000000000000000000
0000000000000000000000000000000000000000000000000000000000000000000000
0000000000000000000000000000000000000000000000000000000000000000000000
0000000000000000000000000000000000000000000000000000000000000000000000
0000000000000000000000000000000000000000000000000000000000000000000000
0000000000000000000000000000000000000000000000000000000000000000000000
0000000000000000000000000000000000000000000000000000000000000000000000
0000000000000000000000000000000000000000000000000000000000000000000000
0000000000000000000000000000000000000000000000000000000000000000000000
0000000000000000000000000000000000000000000000000000000000000000000000
0000000000000000000000000000000000000000000000000000000000000000000000
0000000000000000000000000000000000000000000000000000000000000000000000
0000000000000000000000000000000000000000000000000000000000000000000000
0000000000000000000000000000000000000000000000000000000000000000000000
0000000000000000000000000000000000000000000000000000000000000000000000
0000000000000000000000000000000000000000000000000000000000000000000000
0000000000000000000000000000000000000000000000000000000000000000000000
0000000000000000000000000000000000000000000000000000000000000000000000
0000000000000000000000000000000000000000000000000000000000000000000000
0000000000000000000000000000000000000000000000000000000000000000000000
0000000000000000000000000000000000000000000000000000000000000000000000
0000000000000000000000000000000000000000000000000000000000000000000000
0000000000000000000000000000000000000000000000000000000000000000000000
0000000000000000000000000000000000000000000000000000000000000000000000
0000000000000000000000000000000000000000000000000000000000000000000000
0000000000000000000000000000000000000000000000000000000000000000000000
0000000000000000000000000000000000000000000000000000000000000000000000
0000000000000000000000000000000000000000000000000000000000000000000000
0000000000000000000000000000000000000000000000000000000000000000000000
0000000000000000000000000000000000000000000000000000000000000000000000
0000000000000000000000000000000000000000000000000000000000000000000000
0000000000000000000000000000000000000000000000000000000000000000000000
0000000000000000000000000000000000000000000000000000000000000000000000
0000000000000000000000000000000000000000000000000000000000000000000000
0000000000000000000000000000000000000000000000000000000000000000000000
0000000000000000000000000000000000000000000000000000000000000000000000
0000000000000000000000000000000000000000000000000000000000000000000000
0000000000000000000000000000000000000000000000000000000000000000000000
0000000000000000000000000000000000000000000000000000000000000000000000
0000000000000000000000000000000000000000000000000000000000000000000000
0000000000000000000000000000000000000000000000000000000000000000000000
0000000000000000000000000000000000000000000000000000000000000000000000
0000000000000000000000000000000000000000000000000000000000000000000000
0000000000000000000000000000000000000000000000000000000000000000000000
0000000000000000000000000000000000000000000000000000000000000000000000
0000000000000000000000000000000000000000000000000000000000000000000000
0000000000000000000000000000000000000000000000000000000000000000000000
0000000000000000000000000000000000000000000000000000000000000000000000
0000000000000000000000000000000000000000000000000000000000000000000000
0000000000000000000000000000000000000000000000000000000000000000000000
0000000000000000000000000000000000000000000000000000000000000000000000
0000000000000000000000000000000000000000000000000000000000000000000000
0000000000000000000000000000000000000000000000000000000000000000000000
0000000000000000000000000000000000000000000000000000000000000000000000
0000000000000000000000000000000000000000000000000000000000000000000000
0000000000000000000000000000000000000000000000000000000000000000000000
0000000000000000000000000000000000000000000000000000000000000000000000
0000000000000000000000000000000000000000000000000000000000000000000000
0000000000000000000000000000000000000000000000000000000000000000000000
0000000000000000000000000000000000000000000000000000000000000000000000
0000000000000000000000000000000000000000000000000000000000000000000000
0000000000000000000000000000000000000000000000000000000000000000000000
0000000000000000000000000000000000000000000000000000000000000000000000
0000000000000000000000000000000000000000000000000000000000000000000000
0000000000000000000000000000000000000000000000000000000000000000000000
0000000000000000000000000000000000000000000000000000000000000000000000
0000000000000000000000000000000000000000000000000000000000000000000000
0000000000000000000000000000000000000000000000000000000000000000000000
0000000000000000000000000000000000000000000000000000000000000000000000
0000000000000000000000000000000000000000000000000000000000000000000000
0000000000000000000000000000000000000000000000000000000000000000000000
0000000000000000000000000000000000000000000000000000000000000000000000
0000000000000000000000000000000000000000000000000000000000000000000000
0000000000000000000000000000000000000000000000000000000000000000000000
0000000000000000000000000000000000000000000000000000000000000000000000
0000000000000000000000000000000000000000000000000000000000000000000000
0000000000000000000000000000000000000000000000000000000000000000000000
0000000000000000000000000000000000000000000000000000000000000000000000
0000000000000000000000000000000000000000000000000000000000000000000000
0000000000000000000000000000000000000000000000000000000000000000000000
0000000000000000000000000000000000000000000000000000000000000000000000
0000000000000000000000000000000000000000000000000000000000000000000000
0000000000000000000000000000000000000000000000000000000000000000000000
0000000000000000000000000000000000000000000000000000000000000000000000
0000000000000000000000000000000000000000000000000000000000000000000000
0000000000000000000000000000000000000000000000000000000000000000000000
0000000000000000000000000000000000000000000000000000000000000000000000
0000000000000000000000000000000000000000000000000000000000000000000000
0000000000000000000000000000000000000000000000000000000000000000000000
0000000000000000000000000000000000000000000000000000000000000000000000
0000000000000000000000000000000000000000000000000000000000000000000000
0000000000000000000000000000000000000000000000000000000000000000000000
0000000000000000000000000000000000000000000000000000000000000000000000
0000000000000000000000000000000000000000000000000000000000000000000000
0000000000000000000000000000000000000000000000000000000000000000000000
0000000000000000000000000000000000000000000000000000000000000000000000
0000000000000000000000000000000000000000000000000000000000000000000000
0000000000000000000000000000000000000000000000000000000000000000000000
0000000000000000000000000000000000000000000000000000000000000000000000
0000000000000000000000000000000000000000000000000000000000000000000000
0000000000000000000000000000000000000000000000000000000000000000000000
