1010010001101000000100000100000001110000001000001000000011010010001101
0000100011100000001000001000000011010000010000010000000111000100011101
0001000110100000010000010000000111000000100000100000001101001000110101
0010001110000000100000100000001101000001000001000000011100010001110001
0100011010000001000001000000011100000010000010000000110100100011010011
1000111000000010000010000000110100000100000100000001110001000111000111
0001101000000100000100000001110000001000001000000011010010001101001101
0011100000001000001000000011010000010000010000000111000100011100011101
0110100000010000010000000111000000100000100000001101001000110100110101
1110000000100000100000001101000001000001000000011100010001110001110001
1010000001000001000000011100000010000010000000110100100011010011010011
0000000010000010000000110100000100000100000001110001000111000111000111
0000000100000100000001110000001000001000000011010010001101001101001101
0000001000001000000011010000010000010000000111000100011100011100011101
0000010000010000000111000000100000100000001101001000110100110100110101
0000100000100000001101000001000001000000011100010001110001110001110001
0001000001000000011100000010000010000000110100100011010011010011010011
0010000010000000110100000100000100000001110001000111000111000111000111
0100000100000001110000001000001000000011010010001101001101001101001101
1000001000000011010000010000010000000111000100011100011100011100011101
0000010000000111000000100000100000001101001000110100110100110100110101
0000100000001101000001000001000000011100010001110001110001110001110001
0001000000011100000010000010000000110100100011010011010011010011010011
0010000000110100000100000100000001110001000111000111000111000111000111
0100000001110000001000001000000011010010001101001101001101001101001101
1000000011010000010000010000000111000100011100011100011100011100011101
0000000111000000100000100000001101001000110100110100110100110100110101
0000001101000001000001000000011100010001110001110001110001110001110001
0000011100000010000010000000110100100011010011010011010011010011010011
0000110100000100000100000001110001000111000111000111000111000111000111
0001110000001000001000000011010010001101001101001101001101001101001101
0011010000010000010000000111000100011100011100011100011100011100011101
0111000000100000100000001101001000110100110100110100110100110100110101
1101000001000001000000011100010001110001110001110001110001110001110001
1100000010000010000000110100100011010011010011010011010011010011010011
1100000100000100000001110001000111000111000111000111000111000111000111
1100001000001000000011010010001101001101001101001101001101001101001101
1100010000010000000111000100011100011100011100011100011100011100011101
1100100000100000001101001000110100110100110100110100110100110100110101
1101000001000000011100010001110001110001110001110001110001110001110001
1100000010000000110100100011010011010011010011010011010011010011010011
1100000100000001110001000111000111000111000111000111000111000111000111
1100001000000011010010001101001101001101001101001101001101001101001101
1100010000000111000100011100011100011100011100011100011100011100011101
1100100000001101001000110100110100110100110100110100110100110100110101
1101000000011100010001110001110001110001110001110001110001110001110001
1100000000110100100011010011010011010011010011010011010011010011010011
1100000001110001000111000111000111000111000111000111000111000111000111
1100000011010010001101001101001101001101001101001101001101001101001101
1100000111000100011100011100011100011100011100011100011100011100011101
1100001101001000110100110100110100110100110100110100110100110100110101
1100011100010001110001110001110001110001110001110001110001110001110001
1100110100100011010011010011010011010011010011010011010011010011010011
1101110001000111000111000111000111000111000111000111000111000111000111
1101010010001101001101001101001101001101001101001101001101001101001101
1100000100011100011100011100011100011100011100011100011100011100011101
1100001000110100110100110100110100110100110100110100110100110100110101
1100010001110001110001110001110001110001110001110001110001110001110001
1100100011010011010011010011010011010011010011010011010011010011010011
1101000111000111000111000111000111000111000111000111000111000111000111
1100001101001101001101001101001101001101001101001101001101001101001101
1100011100011100011100011100011100011100011100011100011100011100011101
1100110100110100110100110100110100110100110100110100110100110100110101
1101110001110001110001110001110001110001110001110001110001110001110001
1101010011010011010011010011010011010011010011010011010011010011010011
1100000111000111000111000111000111000111000111000111000111000111000111
1100001101001101001101001101001101001101001101001101001101001101001101
1100011100011100011100011100011100011100011100011100011100011100011101
1100110100110100110100110100110100110100110100110100110100110100110101
1101110001110001110001110001110001110001110001110001110001110001110001
1101010011010011010011010011010011010011010011010011010011010011010011
1100000111000111000111000111000111000111000111000111000111000111000111
1100001101001101001101001101001101001101001101001101001101001101001101
1100011100011100011100011100011100011100011100011100011100011100011101
1100110100110100110100110100110100110100110100110100110100110100110101
1101110001110001110001110001110001110001110001110001110001110001110001
1101010011010011010011010011010011010011010011010011010011010011010011
1100000111000111000111000111000111000111000111000111000111000111000111
1100001101001101001101001101001101001101001101001101001101001101001101
1100011100011100011100011100011100011100011100011100011100011100011101
1100110100110100110100110100110100110100110100110100110100110100110101
1101110001110001110001110001110001110001110001110001110001110001110001
1101010011010011010011010011010011010011010011010011010011010011010011
1100000111000111000111000111000111000111000111000111000111000111000111
1100001101001101001101001101001101001101001101001101001101001101001101
1100011100011100011100011100011100011100011100011100011100011100011101
1100110100110100110100110100110100110100110100110100110100110100110101
1101110001110001110001110001110001110001110001110001110001110001110001
1101010011010011010011010011010011010011010011010011010011010011010011
1100000111000111000111000111000111000111000111000111000111000111000111
1100001101001101001101001101001101001101001101001101001101001101001101
1100011100011100011100011100011100011100011100011100011100011100011101
1100110100110100110100110100110100110100110100110100110100110100110101
1101110001110001110001110001110001110001110001110001110001110001110001
1101010011010011010011010011010011010011010011010011010011010011010011
1100000111000111000111000111000111000111000111000111000111000111000111
1100001101001101001101001101001101001101001101001101001101001101001101
1100011100011100011100011100011100011100011100011100011100011100011101
1100110100110100110100110100110100110100110100110100110100110100110101
1101110001110001110001110001110001110001110001110001110001110001110001
1101010011010011010011010011010011010011010011010011010011010011010011
1100000111000111000111000111000111000111000111000111000111000111000111
1100001101001101001101001101001101001101001101001101001101001101001101
1100011100011100011100011100011100011100011100011100011100011100011101
1100110100110100110100110100110100110100110100110100110100110100110101
1101110001110001110001110001110001110001110001110001110001110001110001
1101010011010011010011010011010011010011010011010011010011010011010011
1100000111000111000111000111000111000111000111000111000111000111000111
1100001101001101001101001101001101001101001101001101001101001101001101
1100011100011100011100011100011100011100011100011100011100011100011101
1100110100110100110100110100110100110100110100110100110100110100110101
1101110001110001110001110001110001110001110001110001110001110001110001
1101010011010011010011010011010011010011010011010011010011010011010011
1100000111000111000111000111000111000111000111000111000111000111000111
1100001101001101001101001101001101001101001101001101001101001101001101
1100011100011100011100011100011100011100011100011100011100011100011101
1100110100110100110100110100110100110100110100110100110100110100110101
1101110001110001110001110001110001110001110001110001110001110001110001
1101010011010011010011010011010011010011010011010011010011010011010011
1100000111000111000111000111000111000111000111000111000111000111000111
1100001101001101001101001101001101001101001101001101001101001101001101
1100011100011100011100011100011100011100011100011100011100011100011101
1100110100110100110100110100110100110100110100110100110100110100110101
1101110001110001110001110001110001110001110001110001110001110001110001
1101010011010011010011010011010011010011010011010011010011010011010011
1100000111000111000111000111000111000111000111000111000111000111000111
1100001101001101001101001101001101001101001101001101001101001101001101
1100011100011100011100011100011100011100011100011100011100011100011101
1100110100110100110100110100110100110100110100110100110100110100110101
1101110001110001110001110001110001110001110001110001110001110001110001
1101010011010011010011010011010011010011010011010011010011010011010011
1100000111000111000111000111000111000111000111000111000111000111000111
1100001101001101001101001101001101001101001101001101001101001101001101
1100011100011100011100011100011100011100011100011100011100011100011101
1100110100110100110100110100110100110100110100110100110100110100110101
1101110001110001110001110001110001110001110001110001110001110001110001
1101010011010011010011010011010011010011010011010011010011010011010011
1100000111000111000111000111000111000111000111000111000111000111000111
1100001101001101001101001101001101001101001101001101001101001101001101
1100011100011100011100011100011100011100011100011100011100011100011101
1100110100110100110100110100110100110100110100110100110100110100110101
1101110001110001110001110001110001110001110001110001110001110001110001
1101010011010011010011010011010011010011010011010011010011010011010011
1100000111000111000111000111000111000111000111000111000111000111000111
1100001101001101001101001101001101001101001101001101001101001101001101
1100011100011100011100011100011100011100011100011100011100011100011101
1100110100110100110100110100110100110100110100110100110100110100110101
1101110001110001110001110001110001110001110001110001110001110001110001
1101010011010011010011010011010011010011010011010011010011010011010011
1100000111000111000111000111000111000111000111000111000111000111000111
1100001101001101001101001101001101001101001101001101001101001101001101
1100011100011100011100011100011100011100011100011100011100011100011101
1100110100110100110100110100110100110100110100110100110100110100110101
1101110001110001110001110001110001110001110001110001110001110001110001
1101010011010011010011010011010011010011010011010011010011010011010011
1100000111000111000111000111000111000111000111000111000111000111000111
1100001101001101001101001101001101001101001101001101001101001101001101
1100011100011100011100011100011100011100011100011100011100011100011101
1100110100110100110100110100110100110100110100110100110100110100110101
1101110001110001110001110001110001110001110001110001110001110001110001
1101010011010011010011010011010011010011010011010011010011010011010011
1100000111000111000111000111000111000111000111000111000111000111000111
1100001101001101001101001101001101001101001101001101001101001101001101
1100011100011100011100011100011100011100011100011100011100011100011101
1100110100110100110100110100110100110100110100110100110100110100110101
1101110001110001110001110001110001110001110001110001110001110001110001
1101010011010011010011010011010011010011010011010011010011010011010011
1100000111000111000111000111000111000111000111000111000111000111000111
1100001101001101001101001101001101001101001101001101001101001101001101
1100011100011100011100011100011100011100011100011100011100011100011101
1100110100110100110100110100110100110100110100110100110100110100110101
1101110001110001110001110001110001110001110001110001110001110001110001
1101010011010011010011010011010011010011010011010011010011010011010011
1100000111000111000111000111000111000111000111000111000111000111000111
1100001101001101001101001101001101001101001101001101001101001101001101
1100011100011100011100011100011100011100011100011100011100011100011101
1100110100110100110100110100110100110100110100110100110100110100110101
1101110001110001110001110001110001110001110001110001110001110001110001
1101010011010011010011010011010011010011010011010011010011010011010011
1100000111000111000111000111000111000111000111000111000111000111000111
1100001101001101001101001101001101001101001101001101001101001101001101
1100011100011100011100011100011100011100011100011100011100011100011101
1100110100110100110100110100110100110100110100110100110100110100110101
1101110001110001110001110001110001110001110001110001110001110001110001
1101010011010011010011010011010011010011010011010011010011010011010011
1100000111000111000111000111000111000111000111000111000111000111000111
1100001101001101001101001101001101001101001101001101001101001101001101
1100011100011100011100011100011100011100011100011100011100011100011101
1100110100110100110100110100110100110100110100110100110100110100110101
1101110001110001110001110001110001110001110001110001110001110001110001
1101010011010011010011010011010011010011010011010011010011010011010011
1100000111000111000111000111000111000111000111000111000111000111000111
1100001101001101001101001101001101001101001101001101001101001101001101
1100011100011100011100011100011100011100011100011100011100011100011101
1100110100110100110100110100110100110100110100110100110100110100110101
1101110001110001110001110001110001110001110001110001110001110001110001
1101010011010011010011010011010011010011010011010011010011010011010011
1100000111000111000111000111000111000111000111000111000111000111000111
1100001101001101001101001101001101001101001101001101001101001101001101
1100011100011100011100011100011100011100011100011100011100011100011101
1100110100110100110100110100110100110100110100110100110100110100110101
1101110001110001110001110001110001110001110001110001110001110001110001
1101010011010011010011010011010011010011010011010011010011010011010011
1100000111000111000111000111000111000111000111000111000111000111000111
1100001101001101001101001101001101001101001101001101001101001101001101
1100011100011100011100011100011100011100011100011100011100011100011101
1100110100110100110100110100110100110100110100110100110100110100110101
1101110001110001110001110001110001110001110001110001110001110001110001
1101010011010011010011010011010011010011010011010011010011010011010011
1100000111000111000111000111000111000111000111000111000111000111000111
