1111111111111111111111111111111111111111111111111111111111111111111111
1000000000000000000000000000000000000000000000000000000000000000000001
0011111111111111111111111111111111111111111111111111111111111111111100
1010000000000000000000000000000000000000000000000000000000000000000001
0000111111111111111111111111111111111111111111111111111111111111111100
1110100000000000000000000000000000000000000000000000000000000000000001
1000001111111111111111111111111111111111111111111111111111111111111100
0011101000000000000000000000000000000000000000000000000000000000000001
1010000011111111111111111111111111111111111111111111111111111111111100
0000111010000000000000000000000000000000000000000000000000000000000001
1110100000111111111111111111111111111111111111111111111111111111111100
1000001110100000000000000000000000000000000000000000000000000000000001
0011101000001111111111111111111111111111111111111111111111111111111100
1010000011101000000000000000000000000000000000000000000000000000000001
0000111010000011111111111111111111111111111111111111111111111111111100
1110100000111010000000000000000000000000000000000000000000000000000001
1000001110100000111111111111111111111111111111111111111111111111111100
0011101000001110100000000000000000000000000000000000000000000000000001
1010000011101000001111111111111111111111111111111111111111111111111100
0000111010000011101000000000000000000000000000000000000000000000000001
1110100000111010000011111111111111111111111111111111111111111111111100
1000001110100000111010000000000000000000000000000000000000000000000001
0011101000001110100000111111111111111111111111111111111111111111111100
1010000011101000001110100000000000000000000000000000000000000000000001
0000111010000011101000001111111111111111111111111111111111111111111100
1110100000111010000011101000000000000000000000000000000000000000000001
1000001110100000111010000011111111111111111111111111111111111111111100
0011101000001110100000111010000000000000000000000000000000000000000001
1010000011101000001110100000111111111111111111111111111111111111111100
0000111010000011101000001110100000000000000000000000000000000000000001
1110100000111010000011101000001111111111111111111111111111111111111100
1000001110100000111010000011101000000000000000000000000000000000000001
0011101000001110100000111010000011111111111111111111111111111111111100
1010000011101000001110100000111010000000000000000000000000000000000001
0000111010000011101000001110100000111111111111111111111111111111111100
1110100000111010000011101000001110100000000000000000000000000000000001
1000001110100000111010000011101000001111111111111111111111111111111100
0011101000001110100000111010000011101000000000000000000000000000000001
1010000011101000001110100000111010000011111111111111111111111111111100
0000111010000011101000001110100000111010000000000000000000000000000001
1110100000111010000011101000001110100000111111111111111111111111111100
1000001110100000111010000011101000001110100000000000000000000000000001
0011101000001110100000111010000011101000001111111111111111111111111100
1010000011101000001110100000111010000011101000000000000000000000000001
0000111010000011101000001110100000111010000011111111111111111111111100
1110100000111010000011101000001110100000111010000000000000000000000001
1000001110100000111010000011101000001110100000111111111111111111111100
0011101000001110100000111010000011101000001110100000000000000000000001
1010000011101000001110100000111010000011101000001111111111111111111100
0000111010000011101000001110100000111010000011101000000000000000000001
1110100000111010000011101000001110100000111010000011111111111111111100
1000001110100000111010000011101000001110100000111010000000000000000001
0011101000001110100000111010000011101000001110100000111111111111111100
1010000011101000001110100000111010000011101000001110100000000000000001
0000111010000011101000001110100000111010000011101000001111111111111100
1110100000111010000011101000001110100000111010000011101000000000000001
1000001110100000111010000011101000001110100000111010000011111111111100
0011101000001110100000111010000011101000001110100000111010000000000001
1010000011101000001110100000111010000011101000001110100000111111111100
0000111010000011101000001110100000111010000011101000001110100000000001
1110100000111010000011101000001110100000111010000011101000001111111100
1000001110100000111010000011101000001110100000111010000011101000000001
0011101000001110100000111010000011101000001110100000111010000011111100
1010000011101000001110100000111010000011101000001110100000111010000001
0000111010000011101000001110100000111010000011101000001110100000111100
1110100000111010000011101000001110100000111010000011101000001110100001
1000001110100000111010000011101000001110100000111010000011101000001100
0011101000001110100000111010000011101000001110100000111010000011101001
1010000011101000001110100000111010000011101000001110100000111010000000
0000111010000011101000001110100000111010000011101000001110100000111111
1110100000111010000011101000001110100000111010000011101000001110100001
1000001110100000111010000011101000001110100000111010000011101000001100
0011101000001110100000111010000011101000001110100000111010000011101001
1010000011101000001110100000111010000011101000001110100000111010000000
0000111010000011101000001110100000111010000011101000001110100000111111
1110100000111010000011101000001110100000111010000011101000001110100001
1000001110100000111010000011101000001110100000111010000011101000001100
0011101000001110100000111010000011101000001110100000111010000011101001
1010000011101000001110100000111010000011101000001110100000111010000000
0000111010000011101000001110100000111010000011101000001110100000111111
1110100000111010000011101000001110100000111010000011101000001110100001
1000001110100000111010000011101000001110100000111010000011101000001100
0011101000001110100000111010000011101000001110100000111010000011101001
1010000011101000001110100000111010000011101000001110100000111010000000
0000111010000011101000001110100000111010000011101000001110100000111111
1110100000111010000011101000001110100000111010000011101000001110100001
1000001110100000111010000011101000001110100000111010000011101000001100
0011101000001110100000111010000011101000001110100000111010000011101001
1010000011101000001110100000111010000011101000001110100000111010000000
0000111010000011101000001110100000111010000011101000001110100000111111
1110100000111010000011101000001110100000111010000011101000001110100001
1000001110100000111010000011101000001110100000111010000011101000001100
0011101000001110100000111010000011101000001110100000111010000011101001
1010000011101000001110100000111010000011101000001110100000111010000000
0000111010000011101000001110100000111010000011101000001110100000111111
1110100000111010000011101000001110100000111010000011101000001110100001
1000001110100000111010000011101000001110100000111010000011101000001100
0011101000001110100000111010000011101000001110100000111010000011101001
1010000011101000001110100000111010000011101000001110100000111010000000
0000111010000011101000001110100000111010000011101000001110100000111111
1110100000111010000011101000001110100000111010000011101000001110100001
1000001110100000111010000011101000001110100000111010000011101000001100
0011101000001110100000111010000011101000001110100000111010000011101001
1010000011101000001110100000111010000011101000001110100000111010000000
0000111010000011101000001110100000111010000011101000001110100000111111
1110100000111010000011101000001110100000111010000011101000001110100001
1000001110100000111010000011101000001110100000111010000011101000001100
0011101000001110100000111010000011101000001110100000111010000011101001
1010000011101000001110100000111010000011101000001110100000111010000000
0000111010000011101000001110100000111010000011101000001110100000111111
1110100000111010000011101000001110100000111010000011101000001110100001
1000001110100000111010000011101000001110100000111010000011101000001100
0011101000001110100000111010000011101000001110100000111010000011101001
1010000011101000001110100000111010000011101000001110100000111010000000
0000111010000011101000001110100000111010000011101000001110100000111111
1110100000111010000011101000001110100000111010000011101000001110100001
1000001110100000111010000011101000001110100000111010000011101000001100
0011101000001110100000111010000011101000001110100000111010000011101001
1010000011101000001110100000111010000011101000001110100000111010000000
0000111010000011101000001110100000111010000011101000001110100000111111
1110100000111010000011101000001110100000111010000011101000001110100001
1000001110100000111010000011101000001110100000111010000011101000001100
0011101000001110100000111010000011101000001110100000111010000011101001
1010000011101000001110100000111010000011101000001110100000111010000000
0000111010000011101000001110100000111010000011101000001110100000111111
1110100000111010000011101000001110100000111010000011101000001110100001
1000001110100000111010000011101000001110100000111010000011101000001100
0011101000001110100000111010000011101000001110100000111010000011101001
1010000011101000001110100000111010000011101000001110100000111010000000
0000111010000011101000001110100000111010000011101000001110100000111111
1110100000111010000011101000001110100000111010000011101000001110100001
1000001110100000111010000011101000001110100000111010000011101000001100
0011101000001110100000111010000011101000001110100000111010000011101001
1010000011101000001110100000111010000011101000001110100000111010000000
0000111010000011101000001110100000111010000011101000001110100000111111
1110100000111010000011101000001110100000111010000011101000001110100001
1000001110100000111010000011101000001110100000111010000011101000001100
0011101000001110100000111010000011101000001110100000111010000011101001
1010000011101000001110100000111010000011101000001110100000111010000000
0000111010000011101000001110100000111010000011101000001110100000111111
1110100000111010000011101000001110100000111010000011101000001110100001
1000001110100000111010000011101000001110100000111010000011101000001100
0011101000001110100000111010000011101000001110100000111010000011101001
1010000011101000001110100000111010000011101000001110100000111010000000
0000111010000011101000001110100000111010000011101000001110100000111111
1110100000111010000011101000001110100000111010000011101000001110100001
1000001110100000111010000011101000001110100000111010000011101000001100
0011101000001110100000111010000011101000001110100000111010000011101001
1010000011101000001110100000111010000011101000001110100000111010000000
0000111010000011101000001110100000111010000011101000001110100000111111
1110100000111010000011101000001110100000111010000011101000001110100001
1000001110100000111010000011101000001110100000111010000011101000001100
0011101000001110100000111010000011101000001110100000111010000011101001
1010000011101000001110100000111010000011101000001110100000111010000000
0000111010000011101000001110100000111010000011101000001110100000111111
1110100000111010000011101000001110100000111010000011101000001110100001
1000001110100000111010000011101000001110100000111010000011101000001100
0011101000001110100000111010000011101000001110100000111010000011101001
1010000011101000001110100000111010000011101000001110100000111010000000
0000111010000011101000001110100000111010000011101000001110100000111111
1110100000111010000011101000001110100000111010000011101000001110100001
1000001110100000111010000011101000001110100000111010000011101000001100
0011101000001110100000111010000011101000001110100000111010000011101001
1010000011101000001110100000111010000011101000001110100000111010000000
0000111010000011101000001110100000111010000011101000001110100000111111
1110100000111010000011101000001110100000111010000011101000001110100001
1000001110100000111010000011101000001110100000111010000011101000001100
0011101000001110100000111010000011101000001110100000111010000011101001
1010000011101000001110100000111010000011101000001110100000111010000000
0000111010000011101000001110100000111010000011101000001110100000111111
1110100000111010000011101000001110100000111010000011101000001110100001
1000001110100000111010000011101000001110100000111010000011101000001100
0011101000001110100000111010000011101000001110100000111010000011101001
1010000011101000001110100000111010000011101000001110100000111010000000
0000111010000011101000001110100000111010000011101000001110100000111111
1110100000111010000011101000001110100000111010000011101000001110100001
1000001110100000111010000011101000001110100000111010000011101000001100
0011101000001110100000111010000011101000001110100000111010000011101001
1010000011101000001110100000111010000011101000001110100000111010000000
0000111010000011101000001110100000111010000011101000001110100000111111
1110100000111010000011101000001110100000111010000011101000001110100001
1000001110100000111010000011101000001110100000111010000011101000001100
0011101000001110100000111010000011101000001110100000111010000011101001
1010000011101000001110100000111010000011101000001110100000111010000000
0000111010000011101000001110100000111010000011101000001110100000111111
1110100000111010000011101000001110100000111010000011101000001110100001
1000001110100000111010000011101000001110100000111010000011101000001100
0011101000001110100000111010000011101000001110100000111010000011101001
1010000011101000001110100000111010000011101000001110100000111010000000
0000111010000011101000001110100000111010000011101000001110100000111111
1110100000111010000011101000001110100000111010000011101000001110100001
1000001110100000111010000011101000001110100000111010000011101000001100
0011101000001110100000111010000011101000001110100000111010000011101001
1010000011101000001110100000111010000011101000001110100000111010000000
0000111010000011101000001110100000111010000011101000001110100000111111
1110100000111010000011101000001110100000111010000011101000001110100001
1000001110100000111010000011101000001110100000111010000011101000001100
0011101000001110100000111010000011101000001110100000111010000011101001
1010000011101000001110100000111010000011101000001110100000111010000000
0000111010000011101000001110100000111010000011101000001110100000111111
1110100000111010000011101000001110100000111010000011101000001110100001
1000001110100000111010000011101000001110100000111010000011101000001100
0011101000001110100000111010000011101000001110100000111010000011101001
1010000011101000001110100000111010000011101000001110100000111010000000
0000111010000011101000001110100000111010000011101000001110100000111111
1110100000111010000011101000001110100000111010000011101000001110100001
1000001110100000111010000011101000001110100000111010000011101000001100
0011101000001110100000111010000011101000001110100000111010000011101001
1010000011101000001110100000111010000011101000001110100000111010000000
0000111010000011101000001110100000111010000011101000001110100000111111
